788
1194
1138
1632
2003
1265
248
1336
2400
43
247
238
644
165
991
1240
50
2201
1834
1037
1794
438
1157
2363
2035
878
1447
2284
279
1933
2334
2445
1069
243
390
604
1717
306
1353
77
1940
1111
1954
1726
2251
2315
1693
2298
1062
1882
1137
1738
483
2161
1750
979
1838
2364
2307
1214
115
947
1741
2398
1242
2255
2301
1644
2021
1043
1333
1311
2111
1419
17
1691
1373
2146
1298
1816
737
760
2406
486
2274
2245
1328
620
1028
1947
1635
178
1376
1879
1327
601
2103
1938
341
659
808
329
1919
2083
1065
525
1476
2076
906
21
1002
1688
825
116
1802
1224
944
82
1532
497
634
1832
145
2008
2115
1544
2277
1827
1884
2352
2002
2317
984
108
1248
1788
1751
2365
553
1182
154
729
221
847
1396
465
138
49
2340
33
1511
2313
188
159
1470
1291
1674
2369
831
839
893
490
857
941
1351
2347
1712
951
2107
225
508
28
770
1868
854
1494
2331
334
1650
477
565
1259
36
1989
2441
1369
1149
1828
881
260
1779
1277
2014
1716
949
1314
616
677
310
1048
2020
1991
1261
367
935
1216
2127
1699
323
2048
1448
1088
785
1845
436
2050
2066
1781
1203
1723
214
89
703
1704
1273
934
1018
814
2265
151
261
1498
2377
488
1390
1898
128
2082
1651
1181
852
1294
1736
1911
1685
1238
1367
2012
1331
467
692
946
1473
1450
798
1967
156
1160
307
278
1060
1439
375
1560
1217
896
956
2015
1673
596
133
2105
1118
1305
1727
2407
1872
1529
212
250
555
1636
545
1607
2273
85
2431
678
2442
1599
1464
1600
758
744
1543
2244
60
1840
1700
2429
1810
2203
530
855
966
1017
1362
1169
849
844
675
807
25
469
720
1608
809
2185
161
2358
1500
536
322
1677
2137
2453
1883
383
1344
2199
872
144
1246
431
2360
404
971
1297
802
1192
2068
2045
1285
552
621
529
71
541
1368
665
668
1863
813
1142
1985
454
170
1106
2078
2140
1576
1097
1916
930
788
