808
329
1919
2083
1065
525
1476
2076
906
21
1002
1688
825
116
1802
1224
944
82
1532
497
634
1832
145
2008
2115
1544
2277
1827
1884
2352
2002
2317
984
108
1248
1788
1751
2365
553
1182
154
729
221
847
1396
465
138
49
2340
33
1511
2313
188
159
1470
1291
1674
2369
831
839
893
490
857
941
1351
2347
1712
951
2107
225
2090
1047
639
1839
284
47
2226
1927
1745
691
1410
1752
1378
1484
1483
779
1299
220
2394
794
2060
2440
224
1253
591
2058
438
1157
2363
2035
878
1447
2284
279
1933
2334
2445
1069
243
390
604
1717
306
1353
77
1940
1111
1954
1726
2251
2315
1693
2298
1062
1882
1137
1738
483
2161
1750
979
1838
2364
2307
1214
115
947
1741
2398
1242
2255
2301
1644
2021
1043
1333
1311
2111
1419
17
1691
1373
2146
1298
1816
737
760
2406
486
2274
2245
1328
620
1028
1947
1635
178
1376
1879
1327
601
2103
1938
341
659
808
