788
1194
1138
1632
2003
1265
248
1336
2400
43
247
238
644
165
991
1240
1245
664
95
313
336
54
711
2408
742
2366
1356
1102
418
2327
1907
2354
1490
262
1535
2062
2265
151
261
1498
2377
488
1390
1898
128
2082
1651
1181
852
1294
1736
1911
1685
1238
1367
2012
1331
467
692
946
1473
1450
798
1967
156
1160
307
278
1060
1439
375
1560
1217
896
956
2015
1673
596
133
2105
1118
1305
1727
2407
1872
1529
212
250
555
1636
545
1607
2273
85
2431
678
2442
1599
1464
1600
758
744
1543
2244
60
1840
1700
2429
1810
2203
530
855
966
1017
1362
1169
849
844
675
807
25
469
720
1608
809
2185
161
2358
1500
536
322
1677
2137
2453
1883
383
1344
2199
872
144
1246
431
2360
404
971
1297
802
1192
2068
2045
1285
552
621
529
71
541
1368
665
668
1863
813
1142
1985
454
170
1106
2078
2140
1576
1097
1916
930
788
