1216
935
367
1261
1991
2020
1048
310
677
616
1314
949
1716
2014
1277
1779
260
881
1828
1149
1369
2441
1989
36
1259
565
477
1650
334
2331
1494
854
1868
770
28
508
225
2107
951
1712
2347
1351
941
857
490
893
839
831
2369
1674
1291
1470
159
188
2313
1511
33
2340
49
138
465
1396
847
221
729
154
1182
553
2365
1751
1788
1248
1952
982
738
2383
379
2130
1577
2023
918
398
1960
975
1603
200
2229
412
819
1402
2110
1151
128
1898
1390
488
2377
1498
261
151
2265
814
1018
934
1273
1704
703
89
214
1723
1203
1781
2066
2050
436
1845
785
1088
1448
2048
323
1699
2127
1216
