1421
1673
2105
2356
1457
628
1705
1780
462
621
920
597
859
702
1975
107
791
2015
308
1059
282
552
2116
81
1309
2264
2330
945
596
427
1500
2111
1180
2221
168
694
133
1071
883
1096
1444
2039
536
616
1887
2088
2108
529
322
2153
1714
1316
885
217
2358
777
554
1268
511
1118
2093
1305
1367
289
2137
1594
948
1727
677
2082
339
2389
156
2
2169
1291
1528
1142
2286
1341
2306
1285
593
1399
1911
1331
813
1674
2240
2239
120
2430
1985
212
2369
922
946
433
588
181
1174
1109
1145
1872
1473
2421
487
1293
1350
744
1945
1496
1863
1445
278
2199
255
1238
1666
66
242
2107
2328
1253
146
1433
1499
2106
454
956
2371
1677
2012
1451
1368
1344
810
2271
1294
1017
1633
1159
1822
1681
1881
1464
2457
1736
872
877
1329
2350
1967
1651
541
577
1436
1326
2268
386
1529
1302
422
803
68
1560
1450
2043
1685
334
1314
2312
1187
758
2188
866
480
959
970
1547
294
2256
1563
2302
2443
804
2045
655
645
343
1722
590
598
2235
1447
376
1855
2281
2453
332
1357
591
344
986
71
2234
157
2391
836
1627
1395
2154
1
2429
428
668
932
250
2407
785
587
170
963
2290
1904
935
1201
1845
1654
2413
1581
1171
526
1264
320
2337
307
531
397
624
2252
159
117
824
1592
1776
185
381
1826
2068
2373
633
1625
2013
1467
1434
2020
225
383
775
1154
1600
1963
1060
755
1733
1810
1137
1494
1083
888
2145
1849
1842
1501
2418
1636
1362
1113
89
279
2411
1932
2019
178
2070
1504
2213
943
236
1168
1128
1181
459
1694
2214
1661
1175
8
1249
692
720
508
802
2344
2041
2284
2222
288
310
1360
1599
55
1754
1760
1521
2318
1966
436
1194
1818
2168
1997
574
1058
60
1936
99
2210
840
1721
1155
189
966
933
1900
158
1106
375
39
2230
1134
161
1224
634
2263
2377
1701
831
252
1772
767
1893
900
2374
2036
707
2360
771
551
1474
1297
1216
667
675
31
896
650
2445
338
1234
1008
2109
2051
1269
2368
1739
1889
1729
776
961
1580
1779
1955
798
2073
1905
1230
665
1690
457
1471
237
2164
516
1906
224
507
1105
352
862
1645
1354
517
111
2139
1934
855
856
2343
1660
545
1160
630
825
297
2227
1852
2435
2152
1880
1006
2203
369
1543
1390
2001
1817
1706
1064
1217
405
2181
743
2207
35
1585
852
199
1088
1370
958
472
1573
1883
400
1814
580
1010
1916
245
2014
622
151
814
323
240
518
770
1439
807
1608
997
365
789
703
348
1813
2351
2064
500
2442
2273
1024
2005
2127
415
214
85
342
469
1018
28
1303
188
253
2440
1952
1336
1448
1853
1555
1347
670
2305
1279
1542
882
659
1419
329
1200
273
611
213
2008
1095
70
192
1228
2204
417
1689
530
606
29
1147
983
1239
1746
1210
1346
1038
1548
1192
944
2103
1289
2193
1607
2220
928
1696
345
1480
355
1277
602
800
2437
989
424
998
832
248
982
1933
987
2090
1755
291
1711
167
246
247
2080
1150
1352
1828
1938
796
1470
845
911
1478
1363
370
1116
2349
760
367
2431
2003
555
581
1440
1498
857
465
404
464
2081
1572
128
2124
1510
1015
1840
1659
144
576
2299
1724
1069
1345
671
1650
467
198
842
1557
2420
1571
854
795
1700
1888
1311
2161
2026
899
1082
837
1110
683
1164
2331
2433
1926
754
1393
470
1026
477
1699
999
934
488
2390
652
2067
56
1103
1389
1995
1070
773
1723
1485
844
661
1860
867
1882
2322
540
25
220
2448
341
2244
1832
1441
1425
1977
1080
851
304
260
1750
636
549
450
601
1930
347
736
2449
954
1119
1462
502
1743
2065
2048
914
1584
2044
1898
243
1369
585
1686
2243
1688
475
47
2394
274
90
1895
2304
1901
1641
2270
2156
1663
388
63
871
627
2191
2308
865
941
2098
1375
2423
674
298
1034
1453
180
1894
431
1691
1579
326
2143
384
401
492
1042
439
1586
311
1553
276
205
19
2307
1443
15
1092
557
399
2160
1263
1323
1129
782
1820
724
1919
360
1423
1307
1308
1373
1865
495
632
1455
2277
1054
206
1242
1974
600
625
1023
1313
314
1472
1169
1184
127
44
1785
1380
1404
2057
2265
2249
497
1149
172
794
1662
808
27
908
805
2414
76
1333
774
1948
643
753
461
36
45
971
1992
1157
1296
287
693
67
1829
351
1697
446
150
1644
878
1413
1048
505
228
2272
506
905
687
894
1237
949
607
1767
1261
708
1795
1292
2455
1763
881
2050
145
1140
638
361
2186
788
1516
1442
219
258
1637
1868
261
769
2096
1100
1806
828
1043
1757
565
1544
1768
797
2363
678
2400
1993
2303
1489
710
1055
1265
1049
2441
1461
489
124
2415
335
1665
1085
809
520
1577
1684
147
1903
286
1846
1402
2232
88
1802
201
1781
2185
2341
2345
2348
1574
2347
1856
2157
1720
1397
371
979
202
1737
1862
1787
1076
105
296
203
1449
2135
1793
927
2257
1740
1725
952
918
846
1964
1991
2301
1954
13
230
2040
849
869
512
912
1628
714
612
2077
152
2255
2357
2078
1678
1151
2319
2280
18
641
2313
390
232
2278
1097
222
131
1962
113
1417
2197
1408
50
1372
2180
412
1283
1986
2225
2334
1935
907
2432
1466
1065
2042
2452
2422
757
1805
1943
1951
1244
490
2336
409
21
209
2291
160
1859
2248
1502
1275
1047
1195
2066
2086
850
2242
2398
43
686
1099
169
1738
1282
728
398
1848
1799
848
1851
2292
793
749
292
2140
1215
1231
312
142
906
1631
817
2401
2061
2056
1488
1355
478
3
1630
1426
1669
2110
1769
1708
2261
550
2046
562
1349
1709
2438
466
358
887
1632
689
829
981
115
1172
647
884
2201
1016
528
547
737
1912
1914
558
1597
2450
163
2187
1138
1578
1376
138
510
1891
1858
1030
394
556
890
1728
1602
2447
1939
95
2018
2055
1598
1166
2384
118
1804
1491
1788
584
2130
2219
951
235
533
1910
2226
1259
2115
1605
1101
1511
1782
1704
396
1272
1203
1944
1536
1025
1132
2316
1680
1028
1452
930
2069
2381
1098
94
2038
1770
1213
264
2062
20
1610
599
2121
1257
2033
1335
324
2410
1762
978
1927
59
2223
155
1509
116
1084
368
1539
1623
1716
1248
2034
1712
216
1255
1979
357
2386
615
445
2141
7
618
1640
2002
1635
1475
1801
1590
483
594
72
331
1789
1152
437
1707
759
893
2016
875
223
2279
1251
1971
1483
1596
960
2023
32
2021
532
1232
1518
1726
1219
819
1288
1575
1980
1233
1223
975
1870
1730
1827
1246
447
639
649
2063
1884
249
537
830
1692
281
818
1133
2269
718
2385
535
521
2289
1765
685
251
1063
712
2017
1125
2195
486
491
2340
1751
1989
1800
2218
1512
604
1081
609
165
2134
1317
705
1465
1186
1188
283
2101
267
1414
1773
1735
1143
438
1284
1533
1764
1525
2217
1353
316
1695
1617
2404
1209
787
2406
1879
820
527
2370
1562
725
208
5
504
1178
1406
197
79
2298
863
1990
610
2352
1348
2178
2251
938
179
2147
2028
2346
1821
566
1002
2022
1312
1928
54
1052
1062
1917
779
2250
83
1286
1394
1328
2058
364
1844
501
1527
1960
443
403
463
1383
2159
913
1068
886
125
1306
1816
973
968
373
2035
603
349
1416
1982
1221
1484
2364
561
1920
1591
473
635
1079
1490
1953
33
739
1273
1839
839
1325
1554
1524
1808
1342
1405
1479
2138
337
340
2274
1576
2009
2424
676
936
838
1487
2011
1593
1121
1458
741
1243
1519
915
682
1823
49
1225
2170
1890
1270
1679
704
1050
1657
924
879
823
1211
697
1227
140
1094
1127
853
1857
1522
1165
444
1281
1949
1837
1315
1117
1351
221
309
592
729
1595
284
827
1330
1999
1020
254
149
330
1611
761
2444
656
1683
98
889
434
363
2297
620
1618
2216
103
378
1655
231
2446
614
2293
1456
2104
1431
1300
1819
183
812
847
393
991
362
1136
204
1107
1653
96
407
2238
425
135
1507
2463
1622
1446
108
2362
1240
379
1146
746
2000
1559
1606
1000
1111
1056
2146
902
1766
1141
238
2060
2260
75
1538
870
195
1984
2094
1731
1961
1713
57
1561
783
2376
2295
109
937
880
17
631
1135
175
575
1126
1947
664
2032
1207
53
2338
861
1298
570
1506
1830
514
226
1176
644
42
1196
623
1299
923
2317
132
193
1204
841
1327
1104
1994
277
187
1847
1087
2024
413
895
1304
1741
2123
1403
2329
1534
1834
233
387
654
476
1824
1032
1784
1073
947
262
2323
1158
1535
2100
458
617
1871
2004
563
1532
2253
190
40
1163
295
377
453
972
1668
1468
2380
2342
1371
2079
1649
2309
1513
843
2275
1245
58
2296
191
1124
801
52
864
1199
1896
1396
315
688
1749
2294
166
1051
73
1179
1646
691
2332
1921
2174
496
921
423
1866
451
2133
194
408
582
1693
452
1613
658
583
1435
734
257
1996
967
993
290
1003
1732
732
305
917
2151
1564
2076
560
354
1647
306
2439
2383
1656
2229
1409
265
1838
572
1338
984
460
909
184
1214
432
1278
2166
385
1626
2092
669
186
940
499
2097
1254
174
1988
1875
392
1377
1189
1886
336
1515
750
2266
1850
1902
2074
701
1942
2333
2464
2419
2162
1672
1274
544
1202
1400
646
2114
1392
1271
119
1874
101
1981
82
420
1753
1717
1198
2246
525
1978
2405
2006
256
2052
1745
154
93
1682
1167
790
559
1401
738
1044
1969
716
1620
1876
210
811
182
2427
2037
2311
2254
313
1973
1744
211
567
1250
2353
321
1505
2198
2365
1752
112
858
84
325
784
356
589
2310
1956
2173
263
87
494
2049
715
102
637
513
964
1226
2283
1812
1190
1569
328
1968
2054
1940
717
1742
77
1946
579
629
2120
727
4
359
974
1634
1922
9
1364
196
898
874
1385
1429
1897
2119
2245
539
65
122
719
2208
1280
1702
1040
1074
2129
1340
2131
2327
1381
2200
2175
1495
130
1066
792
485
2454
110
64
1565
1486
1537
1791
2194
74
1053
26
2233
1907
1965
10
366
2083
350
12
1191
1540
1778
1091
868
1267
1983
1503
2247
2089
1748
1045
1022
548
2150
1909
430
698
402
353
2425
1310
1013
1508
1614
648
1998
429
2091
239
1384
2315
950
957
1139
835
2182
2417
271
1833
200
218
1913
660
1366
573
942
2047
711
1093
1931
2321
1197
1643
1794
2326
568
1374
1867
299
38
1747
207
1112
1970
164
1469
822
1319
2212
435
416
988
1437
2149
2408
681
481
1546
2402
1601
1460
826
1877
929
2142
747
80
1566
1089
177
176
1652
23
2010
1295
2179
300
1410
613
1807
1235
657
2395
2087
2282
709
126
137
640
564
522
1220
1923
2102
2241
1162
542
1014
269
1908
1037
1090
1086
121
1825
30
1616
713
1950
1012
2236
414
1493
1831
834
1588
270
2209
1775
421
37
2192
2112
1676
891
2287
1756
1675
745
227
1205
468
1514
1430
996
1391
2354
1843
1658
0
553
2462
1182
1710
953
765
293
1670
51
2459
740
61
1206
1734
1567
1432
1667
2259
1077
1878
1477
873
1290
382
651
1550
1987
1276
524
919
1777
1786
1057
2460
2136
2314
1183
1378
1541
136
1796
2300
731
1193
1170
1899
266
419
86
1941
1476
1915
2099
418
1027
748
259
215
1398
1603
2403
892
2231
2132
302
2361
1411
680
1322
2378
22
721
1582
969
1715
926
1809
1774
2071
1005
268
148
474
2409
1864
1260
2366
1959
2206
985
1759
69
910
786
1075
1424
534
1517
1811
595
2171
1359
833
493
916
679
1009
1004
2128
569
62
977
2434
1356
1035
976
1482
2237
6
730
1318
1361
503
1551
301
1861
1123
1343
1001
799
1102
41
1797
2379
1718
1621
2084
1761
1427
2339
653
762
722
327
91
1836
372
990
1252
2458
1161
2224
275
16
2155
380
411
931
1324
1976
1531
1321
479
1334
1530
2189
1792
2059
1587
234
700
1671
1388
690
2113
1247
1698
2335
2461
735
1648
1007
1497
699
733
860
280
1046
1122
34
2148
272
509
153
2031
2126
2125
1854
2196
2144
442
285
97
608
1615
1108
806
48
519
780
1687
2053
1719
374
92
742
1153
2396
2359
1492
456
1019
2030
764
