1778
1266
297
1176
2042
1348
1323
1824
1132
1548
1748
1443
985
789
890
1872
1839
602
1375
1140
2371
2138
1503
2089
1158
56
2197
938
445
1137
2198
62
862
1009
1218
2210
2039
666
1900
420
2092
601
1327
587
1049
1679
1930
521
452
144
825
1398
1211
795
664
317
1564
1554
2101
227
1062
1500
999
324
1971
1741
941
456
981
2069
293
860
184
1313
1193
2279
1433
2346
614
1475
894
868
2296
1897
264
640
1881
1330
1262
2073
1046
265
81
1711
1622
2001
665
226
1299
629
1238
1409
472
457
275
1776
237
1020
1670
2102
1798
491
1778
