336 144 825
777 190 1748
1398 144 825
1720 1922 925
1922 932 754
1595 103 1764
420 1900 2144
2092 420 1900
2092 666 1900
1843 1922 754
1922 932 925
795 612 1211
512 1398 825
258 1187 542
985 890 789
1322 32 1861
2180 1049 587
105 1930 521
2092 601 420
698 1564 317
1354 1391 19
898 1327 601
1644 2125 247
1452 2092 601
612 1398 1211
1596 1398 1211
185 2203 1296
854 166 487
898 587 1327
524 1836 1488
985 1773 789
617 1406 1919
1204 1185 2066
1427 418 877
469 1720 925
1694 1407 1364
898 1452 601
1596 795 1211
1030 1720 1922
105 521 452
185 932 925
1071 2048 1744
1596 512 1398
1296 932 754
2284 452 144
542 1949 2144
1327 601 420
452 336 144
1872 890 789
1596 664 317
1187 542 1949
1596 795 664
1354 2203 19
1443 1548 1748
1291 166 487
1396 179 0
1301 103 1764
185 2203 19
1276 1270 2339
542 1900 2144
2322 512 825
2284 105 586
2284 105 452
1787 2123 2249
185 1296 932
188 1787 583
1740 1513 612
1253 664 317
1301 1787 2249
719 136 433
18 529 1519
172 185 925
136 2413 1411
18 1779 1519
542 666 1900
2203 1296 2198
2213 1495 1013
1253 795 664
2134 2186 1795
1307 1679 1049
229 854 487
587 1327 420
594 2093 1253
1187 1949 2144
1678 521 452
806 290 295
854 166 1836
1679 1314 1930
2284 1398 144
1554 1564 317
172 185 19
1827 1799 96
719 2413 796
566 2043 1388
188 1595 1764
62 2198 754
1296 2198 754
2048 1773 789
967 1744 433
2039 2092 666
698 1253 317
188 1787 1764
1923 1362 2364
2213 2363 1495
2039 2092 2210
2284 586 1513
2093 698 1253
1740 795 612
1301 1787 1764
136 1744 433
719 136 2413
1806 1848 1734
2056 418 877
1443 985 1748
290 295 1412
2284 1513 612
1452 2092 2210
794 1391 19
1848 1414 554
2080 1204 1185
2284 612 1398
1354 2203 2198
2134 439 2186
985 190 1748
1679 1314 1049
1682 2363 2181
792 2000 1488
1538 967 796
1719 2322 512
905 624 583
854 524 1836
792 524 1488
1302 105 586
792 1977 524
1414 1595 103
1554 1596 317
1860 1146 1388
719 433 796
1030 2039 666
136 1071 1744
967 433 796
2048 1744 789
967 1872 1744
166 1836 1488
2112 172 19
1458 1314 1930
138 1443 1795
138 514 1795
1602 1302 1458
1030 469 1720
1687 1827 96
2125 2079 247
351 2000 1488
978 2337 786
22 1147 1381
1644 2079 247
2080 2208 1352
985 777 190
1872 1744 789
934 1554 1564
1291 229 487
2180 587 420
985 777 890
1848 1734 554
1554 1779 1596
2134 514 1795
2039 1452 2210
401 469 925
620 314 409
345 1307 1679
1302 1458 105
1458 105 1930
285 138 514
1871 1787 2123
777 890 1748
1694 524 1364
1361 11 2066
83 1779 1519
1551 401 469
806 295 1412
978 792 1977
1977 524 1364
1102 1799 96
351 1687 1827
401 172 375
1111 2079 794
2363 2181 1644
566 2043 1362
1923 1872 890
285 2416 138
2180 1314 1049
1806 1322 1861
401 172 925
529 290 1519
1361 1185 2066
905 1787 583
2363 1644 2125
1111 794 375
1030 1843 1922
2134 136 1411
439 1071 2048
345 1679 1930
83 1554 1779
2022 586 1513
967 1872 1839
2112 2079 794
229 1694 1407
1443 985 1795
854 1694 524
855 794 1391
1538 2413 796
1860 1052 0
1719 1322 32
1414 1301 103
675 365 328
2416 138 429
1111 172 375
345 1930 521
1923 566 1362
985 2186 1795
213 345 1307
1806 1276 2339
2339 32 1861
1111 2112 172
1382 2208 1352
1734 554 1412
2287 675 328
2213 794 1013
1806 1848 1322
2213 2079 794
1806 1734 1276
1538 617 1406
806 2123 2249
566 1388 429
439 985 2186
2112 794 19
1602 1458 1314
229 854 1694
794 1013 375
2416 1860 0
1021 1030 1843
1538 1406 1919
844 1495 1013
1270 18 2339
2213 2363 2125
1644 2079 794
351 166 1488
566 1548 1748
1362 1644 2364
1607 258 542
2322 18 1779
1602 1187 2144
439 985 1773
1602 1302 1187
439 2048 1773
2416 1860 429
2043 1362 2181
6 1102 365
1977 1407 1364
365 1682 2363
2022 1740 1513
2213 2125 2079
1602 420 2144
1399 22 1381
1602 2180 1314
1399 22 2242
1779 1596 512
1719 2339 32
2322 1779 512
2118 2080 1352
1678 452 336
1602 2180 420
1354 1839 1391
1923 1872 2364
1111 2112 2079
1848 1414 1595
2134 439 136
1923 890 1748
2322 18 512
138 1443 429
439 136 1071
2322 188 825
1021 1030 666
1666 1740 795
2344 1551 401
855 1872 2364
2080 1382 1204
409 594 2093
2014 1666 594
1413 1382 1204
1860 1388 429
2118 1052 1352
2080 1382 2208
215 1668 737
1021 542 666
905 1678 624
285 2134 514
844 1687 1013
2022 258 1187
1719 18 512
1678 624 336
1806 2339 1861
1362 2181 1644
1263 22 1147
806 1301 2249
1860 1146 1052
1399 1147 1381
1443 429 1548
62 1839 2198
1414 554 1301
1923 566 1748
624 583 336
2322 188 1595
967 62 1839
1102 1687 96
855 794 2364
1666 594 1253
2287 978 2337
11 728 2066
1734 290 1412
806 290 2123
1354 1839 2198
1719 2322 1595
365 373 1682
373 1682 2181
1610 737 1977
583 336 825
188 583 825
806 554 1412
1666 1253 795
365 2363 1495
1102 844 1687
566 429 1548
2007 314 636
285 2134 1411
616 2122 728
1668 2254 737
1644 794 2364
2007 636 11
1719 1322 1595
488 1610 786
2022 1302 586
1607 2022 258
616 2122 314
1719 18 2339
62 1843 754
1413 1204 2066
1734 1276 1270
1538 967 62
1607 1021 542
2007 2122 314
978 792 2000
1687 1013 375
1610 978 786
620 314 636
1848 1322 1595
1610 978 1977
1413 728 2066
2254 229 1407
213 1307 1049
488 1610 737
351 1687 166
6 365 328
6 2136 328
1021 617 1843
855 1872 1839
1734 529 290
2254 737 1407
2022 1302 1187
1150 2014 1666
855 1839 1391
1734 18 529
285 2416 1411
61 1551 469
1538 62 1843
1871 83 1519
737 1977 1407
806 554 1301
1361 2080 1185
2416 179 0
2014 409 594
1102 365 844
1871 2123 1519
616 1413 728
1734 1270 18
2416 2413 1411
290 2123 1519
1538 617 1843
620 409 2093
2122 11 728
934 83 1554
815 2344 1668
1291 401 375
365 844 1495
6 1102 2136
1607 1021 617
2007 2122 11
488 215 737
1607 1666 1740
616 314 409
1102 2136 1799
905 1678 521
373 2043 2181
61 1030 469
2344 1291 401
1478 1427 877
61 1030 2039
1150 2014 409
1263 675 365
1607 2022 1740
179 617 1919
213 1049 587
179 1538 1919
1478 1427 2242
1671 2149 934
213 898 587
2344 1291 229
2416 1538 2413
1478 786 2242
1413 1382 1352
1478 488 786
1871 905 1787
522 1052 1352
1263 2287 675
1399 1427 2242
1289 373 2043
1289 1263 1147
2118 1361 2080
2136 328 1799
620 2093 698
1289 1263 373
66 2056 418
1668 2254 229
1478 2056 877
1263 365 373
328 1827 1799
2118 1146 1052
1579 213 345
522 1413 1352
441 1871 905
328 351 1827
934 698 1564
1289 1146 1388
1289 2043 1388
522 1052 0
815 2344 1551
978 351 2000
1291 1687 166
1291 1687 375
61 2039 1452
2344 1668 229
2416 179 1538
61 898 1452
66 2056 636
2337 786 2242
1263 2287 2337
810 815 1668
522 1396 0
66 636 418
2056 620 636
1579 934 83
22 2337 2242
815 61 1551
1263 22 2337
522 616 1413
522 1150 409
1671 934 698
1579 441 345
1427 636 418
810 215 1668
2287 328 351
441 1871 83
1289 2118 1146
2287 978 351
1579 441 83
1607 1396 179
1607 179 617
522 1396 1150
441 345 521
441 905 521
522 616 409
1671 2149 2056
1399 1427 1361
1579 810 213
1427 1361 11
1427 636 11
61 213 898
1671 2056 620
810 2149 215
810 2149 934
1671 620 698
1579 810 934
1289 2118 1147
2118 1399 1361
1607 1150 1666
2118 1399 1147
1478 2149 2056
1607 1396 1150
2149 488 215
810 815 61
1478 2149 488
810 61 213
