325
874
421
1618
158
265
561
1748
789
50
825
1758
1266
2144
190
1548
1900
1792
1170
1670
1907
1298
144
2187
1132
275
2346
2262
2278
472
2102
1368
1622
955
2031
1310
263
1556
903
474
2281
240
1525
1211
2194
1798
1010
754
1299
1640
1520
925
1885
1776
187
1433
1108
27
167
864
2355
1599
517
1711
721
1807
1193
1348
1877
742
135
2142
2210
1778
2047
932
1218
1398
336
1783
744
900
629
76
19
1894
1241
1983
1337
941
650
1180
2001
1229
1656
602
890
420
208
1628
491
1914
1922
104
1861
665
1928
1681
601
1002
1575
1479
237
297
1720
895
1046
1490
1488
1391
2279
81
479
666
647
2073
776
796
362
422
1385
614
1247
963
1843
1931
612
303
2218
1642
1237
2092
1899
1327
1020
1773
1811
1262
777
587
793
1375
480
141
590
1635
1445
1949
338
726
1896
2198
1982
1513
868
1364
1973
2341
2059
1836
1837
1452
1116
147
1296
1066
2264
633
619
727
2028
780
2170
2045
763
745
2042
589
429
324
226
1128
729
993
603
40
2203
1737
2401
653
1475
1615
1786
1825
1292
1049
1947
1824
822
1371
1810
2313
2289
457
1009
2051
1053
632
1839
1219
1288
2161
317
2215
586
169
452
1409
262
894
1173
749
801
1138
253
664
1764
4
254
795
910
2197
326
2380
1109
2406
1953
1763
521
2019
1930
542
185
32
55
1822
2003
2217
88
2065
2223
2222
1411
1100
1347
860
1867
1704
56
489
2091
1064
1407
398
1236
1862
105
1568
1649
312
1733
861
424
1133
1598
156
507
1583
1743
410
2296
1000
852
2415
1795
800
465
959
2186
1202
1176
1134
103
1330
1004
1015
1412
1035
680
1971
1576
93
1546
1560
1589
1857
1562
1429
1832
1788
985
407
352
1730
291
2352
269
778
487
1131
1600
674
1405
512
1943
242
201
1725
375
2039
1477
1373
2038
892
2119
1449
2000
2414
1729
2240
1984
2145
2068
295
2178
2066
1897
2110
935
908
869
318
1189
1258
1455
728
434
2351
2387
2020
166
230
901
264
1596
592
10
2409
931
1919
387
1012
25
920
43
1835
1254
1253
1238
1519
960
1933
1535
525
1691
1708
1334
2390
671
274
1582
160
478
928
212
670
82
433
1252
1988
402
2393
30
1019
129
1724
1570
781
1976
961
1654
456
33
1323
524
1637
2249
2340
731
1226
1517
1314
753
714
1005
1401
583
999
500
1091
1705
2305
2413
115
1911
1664
2311
1779
678
637
1425
1325
2284
1694
1158
898
887
875
1063
699
772
427
1557
2123
938
1441
830
2167
1777
2339
1085
243
2320
484
1185
832
877
2372
390
1856
716
553
1728
1951
1354
839
1740
130
578
1881
75
331
1352
1115
52
805
2204
1865
1564
1854
2034
1450
321
1834
515
2399
1406
469
1558
428
1679
1817
1858
1013
1701
2258
2168
1457
1864
223
16
1187
281
518
1741
117
1554
1426
836
1617
250
2015
563
541
290
1494
2150
63
1394
818
1713
1769
1578
1647
2410
1960
172
1731
2267
1595
114
260
498
1143
293
1204
1744
128
2097
1039
1311
640
948
163
1030
1787
775
2364
802
807
1356
1791
539
981
779
756
972
97
902
1707
1232
794
2017
2081
2105
567
862
247
2172
752
62
537
258
557
2238
544
308
549
327
1062
1322
1313
838
880
2084
357
2316
885
1430
1673
867
1797
1279
96
205
1026
1946
2079
379
1278
2180
497
188
2230
638
725
1945
2125
1514
1738
2295
1027
445
2395
1823
256
132
2317
2048
1286
1866
1444
712
1580
184
77
1387
1222
68
798
168
2129
628
1345
1908
1410
769
199
435
459
2388
430
1920
241
49
2132
418
2120
1932
405
854
2130
80
1722
1048
249
1796
1996
989
2156
1936
1499
180
1863
1644
1264
1510
2345
481
411
95
1831
266
2304
437
2368
1495
220
2104
26
1563
1043
669
2288
826
330
1829
1023
2069
1443
2408
1487
1929
1518
529
193
1799
1723
1137
1098
1614
18
2246
1643
974
1540
2060
783
1752
2208
639
1260
92
1018
504
1440
698
1432
663
1493
1041
2398
1228
982
930
1980
1616
913
1388
194
1182
1665
1118
1785
545
1736
2071
2002
1782
1324
560
1301
739
1780
1521
1184
1205
2290
1050
1746
1977
287
1071
2412
1101
971
1080
1872
2236
1112
1389
717
118
354
621
1966
161
2318
186
1661
1939
624
69
1139
1471
1869
693
200
1809
679
1172
1501
1987
2382
2216
1201
1270
1416
514
423
1216
1231
2062
1827
138
926
2255
15
1130
1687
311
1700
547
834
1549
350
2328
159
1016
1686
1698
2286
2138
1819
1989
554
136
1845
865
1870
580
1276
790
307
2175
1567
214
2061
165
1044
464
8
707
2153
1382
784
1469
44
476
1198
1674
2384
847
1904
2362
401
1849
2080
2307
1458
509
54
1246
1492
2291
2385
1597
604
1880
1227
2093
2343
1868
1328
364
173
907
470
304
1974
102
1833
943
1898
378
227
1645
1474
393
1192
1033
970
2041
251
1500
1995
1424
1068
2370
1516
1572
1295
1851
133
148
149
248
1414
2078
1074
164
344
2360
439
1990
1175
597
1365
873
1408
108
1122
1699
1530
2181
1632
45
634
1346
762
12
1167
1944
855
816
2402
1590
950
915
1592
505
2074
1927
991
1307
513
792
2371
1353
414
2112
2303
1759
1537
996
1815
1716
1942
594
1302
2133
1032
954
735
508
2322
1542
1534
2367
2089
2005
1333
1727
101
72
1734
85
1524
153
177
84
1460
657
1855
268
1918
2357
1666
2200
1110
859
2363
5
2383
559
1526
1848
1565
2335
1550
1814
883
2177
1915
569
2213
2269
956
2103
1789
1585
741
0
333
2009
11
341
2139
2026
1561
942
840
687
2251
1802
2174
1129
1255
1183
1882
2052
2195
1052
1397
65
1483
516
486
1166
759
1739
1543
1076
1689
1379
181
809
2261
23
1169
2299
1958
1613
1755
562
1036
625
1359
889
36
1636
1153
1214
1601
719
1140
1196
198
1362
178
922
2224
651
2076
967
579
1486
2285
575
1111
2347
1952
1275
1552
576
361
770
1361
1146
409
83
2055
1641
1594
1678
615
60
947
442
419
1761
228
820
1603
893
2134
1120
2121
1682
229
2043
2063
1056
610
1655
1451
1453
1159
1820
871
1806
976
1376
740
595
1496
1119
706
1781
1702
1077
351
2417
2248
2242
319
353
301
538
1326
1853
566
496
995
1551
438
394
1903
1070
2101
2252
672
1515
1186
462
2314
2141
406
2396
2271
530
360
1127
1658
627
786
1384
1905
59
1874
1073
1320
300
328
342
207
126
1998
1772
111
952
309
37
584
1038
1627
2253
2165
195
548
1024
217
703
1243
1718
607
1467
937
490
957
1553
477
2319
835
1476
1489
2407
1800
718
652
765
1937
766
709
2336
270
1285
1355
78
683
757
1818
2235
1541
613
31
1381
112
443
654
2266
502
371
2128
695
296
1994
2202
2247
1523
1374
171
1058
2146
1065
272
1230
1623
2207
1171
1188
113
2135
316
1304
1417
2312
534
2113
2241
444
219
1889
746
1959
246
845
585
100
1690
527
617
878
1291
919
983
519
2014
958
2205
764
2361
288
1719
644
225
440
751
806
2373
1034
234
348
1402
313
382
843
711
1250
1047
1875
704
47
1148
151
951
1715
1972
2154
872
1714
447
1315
1447
1979
1468
142
1859
1573
127
345
646
975
134
1669
1386
468
1970
1207
1527
162
1459
140
191
2332
259
917
1883
1978
1413
2273
1511
2274
1923
1370
1591
28
1846
1803
91
1634
1462
2276
911
1538
1735
635
1150
1793
1629
2220
255
1587
1913
340
1191
636
2377
685
1985
1194
1055
1860
2090
218
1507
1630
2016
2257
611
2126
2
1906
2107
1940
413
1957
1343
2100
289
964
1593
2162
453
1751
485
1165
803
856
2116
448
2325
2114
1107
1485
2193
882
67
673
1308
2155
1282
600
446
1602
216
403
787
1022
2147
1503
2057
1031
2331
1504
1902
299
984
1509
1650
823
608
1358
2337
1965
1081
965
1428
535
1221
2366
2022
1329
2329
179
314
2171
1267
659
284
905
157
2117
1174
2049
748
904
34
791
2136
2191
1331
1693
891
323
1887
73
2283
2310
1309
994
2108
2301
35
1991
570
1574
1784
851
2315
139
1339
2037
1774
987
2260
1312
1087
1703
282
1281
1427
233
1804
1926
1
737
302
64
152
844
662
978
1223
1850
1321
1420
641
51
224
906
2232
1584
467
332
842
125
696
2416
175
1768
9
235
1248
2327
2095
1239
463
870
41
122
339
2163
2333
1431
813
347
799
110
858
21
1283
1697
682
400
1893
285
692
363
1646
623
123
1749
1418
99
1147
1025
1268
555
2086
969
755
1612
2268
785
1114
145
22
267
355
1245
968
1688
620
1844
824
2237
1297
1528
1871
2109
811
2272
656
466
1390
1157
564
771
2234
1964
376
70
1533
2023
204
2365
734
609
3
1069
2010
2369
829
1766
408
170
1269
1765
1318
1717
730
373
1967
2214
1805
483
1544
365
1195
2185
1092
57
767
386
1103
1102
39
1935
53
572
788
343
276
1610
1498
1051
2254
846
897
2275
1272
886
760
2378
1506
1668
1423
1522
1021
1090
827
565
366
2056
1892
1011
1842
48
574
879
2244
1993
1259
1089
1415
1586
1061
713
6
2188
1208
2206
392
675
1684
1209
1912
2021
1653
454
286
1491
2330
1344
536
2053
543
688
1611
1828
658
1141
1710
1555
2143
349
1747
449
715
2122
356
1078
723
743
1154
310
1753
616
2359
106
42
1149
921
2376
2287
1094
451
1244
210
2231
929
2225
2321
2212
1306
1028
369
1852
1357
1399
697
1480
1981
909
1400
1709
1956
182
211
2270
1124
1808
2391
1007
1168
605
736
1284
850
2098
1280
1008
817
1841
2033
1683
1706
425
2294
86
1190
1448
841
2064
1082
209
1145
2072
1367
1265
1215
334
1472
939
1762
1083
1925
298
1084
1396
471
1393
1566
1461
1577
1213
2070
934
645
667
804
2118
1341
677
383
277
416
58
2024
1040
2277
988
2044
821
120
2386
738
1695
1756
782
2030
1775
747
1225
215
66
2131
2157
1377
1760
550
1607
2226
2411
568
94
1438
992
2077
1261
1273
90
2159
1029
239
1821
1745
1652
1300
493
1392
2308
2338
2179
155
2099
1672
551
914
531
588
213
2007
1151
1916
863
1954
1014
1609
593
137
2054
501
1437
174
1257
520
1096
558
837
888
2394
2344
522
494
2209
1975
1569
1677
1838
884
2302
912
532
257
1242
1621
1340
1126
1463
2137
2111
1955
1950
923
979
556
2379
271
404
154
598
1466
1256
2173
488
523
946
222
1767
202
2293
2050
1220
1938
702
1997
46
2282
1177
1532
918
107
1910
1660
244
540
643
2124
1726
38
997
146
1363
1162
528
280
1439
2115
1349
2353
74
1042
2306
2149
1088
1293
1497
1403
1059
949
1054
581
2083
1626
2342
2221
866
1757
2400
473
1350
2190
1135
1886
630
1263
1794
1233
689
1545
510
998
1605
1901
1342
1667
526
945
1316
1539
1099
2029
1505
573
2349
1464
1675
571
1659
1620
426
1484
1639
2324
1813
1676
1303
1685
124
322
2265
1160
1508
391
294
1446
370
944
848
61
660
431
815
2013
758
1465
109
2140
1478
1335
1289
552
1619
17
1712
98
2354
273
461
1547
1771
2196
2160
415
2169
1338
1696
2176
1663
1200
2158
1161
2356
2297
977
1212
1121
2035
305
2032
681
962
1502
196
384
899
2199
1680
661
1948
1271
2263
916
2201
315
1163
1274
511
79
1125
2389
2058
2397
577
441
2018
2189
396
1884
2280
1332
1003
953
2358
495
1067
1378
831
2184
2004
189
927
150
1482
1992
1531
694
1095
2243
1608
1969
1060
1277
2404
1442
116
618
460
1351
492
176
1470
773
121
599
1395
232
649
432
708
2067
990
306
732
1890
377
1873
1434
705
810
2040
1671
1152
768
450
1536
1692
582
1754
924
231
119
1197
722
346
482
1164
358
20
320
1579
1968
1380
1072
2148
980
458
2096
1249
606
1588
1436
546
857
7
