56 326 1968
1137 326 1968
1137 56 326
784 1819 964
1497 2188 1849
558 209 1179
423 243 997
426 1693 1447
1041 1648 1024
1816 1791 260
1066 1312 2074
2083 2006 1204
2188 359 1849
1616 1590 1968
146 348 842
1753 2061 1478
910 1544 1315
242 36 44
363 960 988
834 110 1111
2061 1478 2235
2120 2061 2235
1436 1616 1590
36 44 2074
2235 1497 2188
1891 1905 1031
1478 2235 1497
1118 2146 1926
242 1619 36
1619 36 2074
2120 447 2061
1891 1989 1905
1478 1497 1849
466 416 1447
1753 447 2061
466 1822 1351
1137 1590 1968
1351 359 603
1066 44 2074
1616 842 1968
10 1247 400
24 1118 2146
12 1738 663
1726 1556 1758
1364 242 44
466 1693 1447
146 348 2236
1800 986 810
1236 146 2236
1616 348 842
1865 1344 2077
466 1351 603
499 2212 1299
1753 1506 447
340 2256 1393
82 1868 371
241 1132 338
466 1822 1693
212 703 545
1247 400 1758
645 1756 2115
2239 10 400
1953 404 320
201 1280 1299
1215 288 2066
493 1738 663
2237 2173 2107
2132 493 1738
1478 359 1849
600 517 1312
1389 243 997
499 1953 2212
265 1134 934
466 359 603
1637 755 1462
1506 447 363
1301 1544 1315
545 1616 348
951 270 1238
1389 1115 997
827 2149 610
726 1406 302
545 320 2236
355 718 1182
512 1675 1334
1236 146 842
718 1312 2074
1399 499 1277
545 348 2236
649 571 169
1742 97 2062
2087 1095 1524
2230 2087 1524
2120 447 363
1832 911 2033
2068 159 777
2064 363 960
681 1953 2212
69 532 345
1733 1788 978
1247 1556 1758
2019 69 345
1926 518 1280
1020 1147 2156
86 1367 2180
999 1216 2048
201 1926 1280
2237 2173 82
340 1875 1393
354 1593 1228
658 210 1556
1652 827 2149
220 1402 2067
212 355 1182
1174 2146 1926
1800 87 810
810 2235 2188
2064 1506 363
499 1953 1277
142 1010 112
2209 645 1756
1953 404 1277
2173 2107 709
518 1280 1299
1236 426 1447
2230 1524 2059
140 1932 1021
1652 2064 1506
659 2147 1332
2006 1204 920
1619 718 2074
1415 211 960
1170 1325 879
712 431 580
1274 810 2235
804 618 289
718 1182 1312
810 2188 359
703 545 320
1717 535 2008
645 2115 1885
159 1117 777
1851 2237 82
1559 268 375
1652 2149 1506
1319 722 1303
2200 1835 895
658 841 210
700 2024 51
2212 518 1299
834 988 1111
530 1914 841
1522 1619 718
87 1274 810
97 2062 967
212 545 1526
139 493 663
1003 1403 1638
201 1926 1299
2269 876 1716
212 1182 1526
320 1236 2236
466 1478 359
1236 416 1447
258 1101 1006
1197 404 1646
1914 210 1556
1389 1415 960
681 1268 2212
2087 1095 1115
810 1822 1351
2270 886 949
2209 1756 2115
1424 1378 1932
160 999 1216
1832 1710 2033
1213 1223 1846
545 1526 1616
759 300 314
1792 1998 875
600 1312 1526
140 1378 1932
242 1522 1619
2132 493 518
2068 1903 777
595 2064 211
810 1351 359
2274 1742 97
549 769 2119
432 1539 2071
1851 82 1868
700 338 51
900 2076 1866
1201 1966 537
1095 1524 2059
692 917 68
1753 466 1478
2149 1506 610
1651 1024 76
1953 703 320
1586 576 831
1197 827 610
1405 2055 2258
578 1199 653
1288 1609 240
1399 499 1926
2064 211 960
1711 355 718
1268 493 518
658 1247 1556
2106 199 1994
2087 1115 997
1861 2192 1159
2230 2087 423
1679 2068 159
1424 1021 225
635 1528 231
409 578 653
968 140 1378
2173 82 371
1182 1312 1526
1539 2071 100
530 854 841
258 1006 620
1032 1204 920
499 1926 1299
1545 1424 595
2087 423 997
354 1473 1228
810 1822 1693
1268 2212 518
1389 960 988
2129 1943 27
1424 1932 1021
1253 242 1522
1914 841 210
1753 1506 610
1871 908 456
1197 1646 610
1854 676 1485
1676 407 549
2249 643 2190
404 1646 610
1891 502 1031
1885 1989 1905
901 1858 909
700 2024 338
2132 1926 1738
600 1526 1616
1174 1399 1926
1545 502 595
305 1800 986
1788 978 27
1424 595 2064
40 701 555
1885 1905 1031
781 2129 27
681 212 703
712 431 1727
110 988 1111
2132 1926 518
404 610 416
517 1436 1312
1999 1281 1742
1021 225 1277
1193 1830 831
1174 24 2146
1159 1979 284
1753 610 416
560 946 648
1119 2239 400
512 1334 1632
59 2233 631
1781 842 1968
1274 1848 834
1781 56 1968
2204 1717 535
2115 1885 1989
316 1184 1716
394 1199 653
1402 2067 1214
1753 466 416
681 212 355
1788 2219 27
1112 801 1633
1997 2068 1903
547 316 1184
195 1287 698
1030 1063 1920
1747 1804 188
1041 1024 76
1386 1364 242
1436 1066 1312
681 1953 703
1027 1626 771
2265 1929 854
1274 2120 2235
600 517 1436
600 1436 1616
1429 1997 2068
1210 452 760
63 178 1541
180 340 2256
620 1036 2087
1885 502 1031
899 270 1238
1938 629 1369
1197 404 1277
2209 645 1885
890 2055 2258
1289 180 2256
1420 1334 1632
404 320 416
1655 2136 593
363 834 988
642 1848 2059
974 1262 1848
530 854 1036
1766 969 2044
1377 255 538
899 951 1238
1943 978 27
1262 1274 1848
906 860 2085
1411 2162 2133
873 1728 32
391 209 1179
18 1537 2021
1660 1851 1868
1197 827 225
438 2083 2006
1061 1660 1868
1023 2174 709
642 2230 2059
2106 914 1994
1081 1278 957
885 2091 780
1197 225 1277
532 968 1378
1668 1648 1024
1014 2076 1866
1651 1668 1024
1634 1066 44
94 1496 891
115 1624 153
636 773 1708
697 2025 350
413 1717 2008
1711 1522 718
320 1236 416
726 302 194
1094 1054 524
790 488 310
1533 2182 995
1659 1850 1919
2228 2255 496
974 642 1848
1253 1711 1522
2173 709 371
532 345 968
890 538 2258
2183 1791 260
1861 1159 1979
1133 620 2087
58 1435 260
1424 1652 2064
345 968 1174
881 714 1293
681 1268 355
394 311 1199
2210 926 1418
1118 1926 1738
1287 256 698
1599 1125 156
1061 1868 371
1929 620 1036
413 1717 2023
2265 468 854
528 237 1183
769 1135 2119
1395 2232 1885
1475 28 417
1929 854 1036
1424 1652 827
1941 334 2267
367 1110 2218
1711 1268 355
2049 10 1247
456 1289 180
451 2081 385
1140 2209 1885
986 810 1693
268 2265 468
1950 1689 1984
126 1027 771
1133 1036 2087
268 468 375
1349 1844 1489
694 2026 2218
967 1726 1758
547 1184 1716
1424 827 225
802 393 1076
1119 2239 10
1889 477 963
67 1624 153
465 1230 23
826 265 1134
2256 474 1393
1389 110 988
1559 468 375
1574 992 1386
1431 1572 227
694 1833 2026
15 1471 1781
2257 2067 1214
1564 2005 2016
1357 1010 112
873 1225 1728
1545 1424 1378
1848 2059 834
1470 924 377
258 1133 620
139 1268 493
1928 457 1784
1742 2062 967
1433 1329 803
560 648 1762
1936 224 616
1653 1521 539
32 1415 211
1764 626 2154
1330 1340 1721
2229 2278 1895
28 417 2208
659 134 2147
1715 1389 243
755 1462 301
986 426 1693
931 1812 352
418 873 1225
1634 1386 1364
770 568 167
1574 969 992
1634 1364 44
854 658 841
1119 97 967
1156 218 1013
1706 1012 1124
714 313 1293
2160 324 1649
1574 1634 1386
1389 834 110
1088 788 2285
37 185 752
1533 995 2058
1348 1330 1340
1108 1574 969
2093 796 1809
675 1997 1903
300 314 2174
805 1012 1124
485 1422 989
1736 2233 631
1416 512 1632
1095 1115 834
463 1715 243
2250 1072 312
1735 1353 680
354 2128 1473
1545 595 211
1977 1330 1721
346 999 2048
1276 692 68
967 400 1758
2187 529 103
992 1386 242
1700 1749 972
151 1170 1325
167 947 108
316 969 2044
2048 1756 2115
563 558 209
189 1969 2112
58 2183 260
1167 2094 1783
861 1157 164
1706 368 1124
1728 32 1415
398 1776 1467
1433 1242 803
799 248 2144
454 272 2184
1833 2026 2218
300 963 2174
1407 1170 1325
1934 2249 2190
986 1236 426
1782 1499 982
1133 530 1036
2210 1418 253
799 1990 248
1274 2120 363
1389 1115 834
1744 1810 2171
868 1445 2122
2174 709 371
1218 100 1347
634 1911 1562
189 2112 1323
1062 1413 1407
346 1450 2048
483 684 2109
1376 1375 233
1060 855 218
1373 421 88
250 2082 2203
1450 2048 1756
1030 1920 602
1261 1552 1536
871 1681 274
2269 1716 692
1915 1816 1791
1634 1436 1590
968 1174 1399
1854 676 103
1118 12 1738
460 1891 502
488 2164 310
1713 1156 1013
1095 2059 834
145 2113 1857
1927 15 1978
1020 716 2156
1870 572 1290
345 1174 24
860 2085 709
203 844 204
1946 746 1840
1274 363 834
1839 1578 373
414 2259 114
395 675 1903
916 1395 1545
345 24 1118
1580 733 1359
1119 967 400
1132 2024 338
589 539 2184
460 1891 1989
1547 636 773
2249 643 1218
299 1867 1614
1216 2048 2115
1222 984 2053
1554 352 942
795 1774 2276
1993 46 2089
1673 707 1571
480 2103 1488
1119 97 10
1184 969 992
1125 421 88
1904 2024 51
1483 118 1609
643 1218 100
2257 220 2067
1070 1629 1622
6 262 218
1659 1859 1919
1193 576 831
588 1229 956
1877 1889 477
1914 1726 1556
620 2230 423
5 256 698
395 1903 777
293 118 240
316 1184 969
1128 1691 1880
1011 224 616
13 394 311
2136 593 1706
744 2052 117
1395 2232 1545
2060 2269 876
1399 1021 1277
1634 1436 1066
2072 864 787
593 1706 1012
1033 1470 924
366 1177 932
1716 692 917
873 32 211
880 1065 750
2208 2219 27
963 2174 371
1650 1402 1214
1923 1017 374
2136 1706 368
2153 93 1487
1764 2154 256
1716 917 68
837 873 2232
2047 2075 920
2268 152 1264
419 1420 433
428 1225 1728
532 1545 1378
118 1609 240
1344 1856 2077
1100 379 1745
916 1395 1885
1429 1679 2068
1407 1170 879
1747 2192 1159
140 1399 1021
968 140 1399
1904 352 942
1022 1020 1147
1674 94 1496
229 2075 549
1108 1766 969
2110 1529 1157
2127 1229 475
418 837 873
315 955 2220
2280 1254 1255
1545 1885 502
1713 932 1013
821 1749 994
1167 2094 1807
1370 1032 1204
1719 1674 94
1958 26 605
770 568 779
799 1761 1821
1934 2249 1347
986 1236 842
1596 420 589
706 1156 218
2138 342 2207
2079 1284 448
1550 1676 407
1151 1733 1788
1043 2187 529
257 1345 893
882 1651 1668
1504 1764 626
1739 2113 1857
1934 787 1347
878 162 181
1189 1562 311
1459 453 190
754 519 1783
1063 1920 602
460 2115 1989
445 2106 199
342 2207 768
1015 1003 1638
63 1541 1323
1653 539 2184
540 712 580
1276 692 1253
57 938 1662
1142 1629 1622
438 2006 920
1960 2110 1157
1574 1137 1590
1397 1127 133
1540 1216 460
873 2232 1545
2247 738 1071
451 2081 1428
333 1309 1035
1847 952 315
1413 1407 1325
144 1782 982
2253 1327 52
1087 1550 407
1812 1554 352
1442 1879 2164
861 164 1049
273 189 1323
591 977 740
305 1781 842
1606 431 580
1696 2141 370
860 2107 709
2104 368 1124
305 986 842
67 1825 153
450 376 956
1731 1281 1742
1300 1092 843
1773 853 680
57 938 469
1731 2274 1742
2249 1218 1347
490 372 2163
2166 1340 1721
463 423 243
873 1545 211
286 877 1802
1210 3 1805
1072 798 312
1870 572 136
1191 313 1293
1655 1082 593
2164 463 1715
141 2028 1025
290 199 1994
1006 620 423
1811 116 249
246 2049 1247
939 1998 875
803 1370 1032
1574 1634 1590
1171 1773 680
438 2047 920
367 1110 1633
1978 769 1135
1313 1355 271
1978 2045 1135
1999 530 1914
967 1914 1726
1405 1173 2055
1641 18 1537
4 1663 1869
1983 590 1107
2091 1756 2115
1546 1688 362
1747 1507 284
69 532 1545
1824 1190 853
2071 100 1347
1581 2104 805
1742 967 1914
753 712 1727
1392 1919 553
1251 1373 421
738 1071 42
268 2265 1929
931 1904 352
2104 805 1124
1843 1085 2191
1327 1479 52
1854 757 1485
1295 1981 63
239 1291 1208
1294 323 668
95 1961 14
965 972 474
72 1358 1117
1559 468 854
1912 824 2191
2202 1396 1476
1030 602 717
861 1049 1734
1420 1334 433
442 579 104
601 1825 153
208 904 301
1927 15 1471
222 87 1274
1045 409 653
22 1011 616
379 1745 1938
385 1430 665
1015 1403 1638
710 215 29
1720 1240 1683
690 1260 875
906 2085 709
1222 2152 1417
1073 307 252
1157 164 1049
555 998 1772
1370 2083 1204
1687 1483 118
39 1153 1411
1725 453 190
336 1264 1975
1936 1803 616
811 2105 1152
916 1545 1885
1913 618 289
1043 2187 103
1284 506 448
1338 1679 159
1771 1695 583
684 2109 2197
907 850 2034
1999 1742 1914
1728 1389 1415
2099 774 559
1747 1159 284
2040 2031 1081
1471 1800 87
1206 1606 431
1757 922 1876
1061 963 371
2167 2196 838
1279 535 2008
1819 964 195
1521 2054 539
445 2106 914
2081 385 665
1310 1547 636
2021 432 1539
2049 97 10
304 2112 1323
1282 297 1453
1112 367 1633
275 1603 71
1391 877 1802
1787 1346 128
2019 1540 1216
1999 1133 530
222 1262 1274
2142 1259 541
362 441 1656
933 1073 307
2203 1592 1909
2054 574 539
1794 1108 1766
520 694 2218
1592 736 1353
1612 1 1308
727 1764 256
594 2204 1717
1904 282 51
382 1928 1784
282 1834 338
966 1345 1948
1471 305 1781
957 215 29
289 2259 114
1462 904 301
1475 473 417
102 1709 1558
1596 589 574
1213 383 1846
2002 848 1996
1151 1788 2219
719 389 1114
659 577 1332
1087 1927 1550
564 819 2159
1843 824 2191
510 160 12
1206 431 1727
473 417 2219
222 1471 87
2019 345 1118
410 162 181
1045 578 653
327 1106 2168
1715 1728 1389
909 1145 487
1471 305 1800
93 1487 1589
660 1835 895
2201 1765 1589
652 1641 1537
1721 1851 2237
589 574 539
1599 1125 88
1551 1241 689
774 685 559
650 1430 1776
2091 1450 1756
2109 13 394
1531 2014 1962
1553 1029 2035
64 131 2234
2251 67 1624
349 894 1085
14 193 1834
478 1427 277
276 354 2128
716 2156 438
1978 549 769
1452 623 1001
1647 1501 1452
656 1259 541
816 1229 475
2180 8 1146
906 1023 709
477 1061 963
1502 671 1799
1488 581 1307
15 1781 56
2145 1018 133
1908 1112 801
1195 159 1117
254 1912 824
944 257 1345
559 1345 1948
1062 1413 1325
996 2268 1264
791 1362 935
417 2208 2219
229 549 2119
138 1762 1099
1348 2166 1340
1216 460 2115
22 1011 224
327 1106 1009
797 1495 1862
395 1358 1117
395 1117 777
1419 222 1471
1248 1079 464
1445 2122 1921
994 1875 1393
1865 1344 1856
316 1184 1276
781 2208 27
1059 2079 1284
111 2213 743
1167 1271 1807
2081 1467 665
2021 1539 100
964 195 698
625 349 894
273 1541 1323
2080 1571 1841
2246 282 1834
126 1888 771
2009 1180 1446
864 787 1347
1155 178 1541
1961 547 1716
187 2222 1126
406 1766 2044
957 171 29
186 261 766
1552 1536 432
1725 453 768
282 338 51
1894 336 1264
759 622 314
1276 1716 68
2060 876 1716
1300 50 843
2045 1137 56
184 1546 1688
379 1938 1369
2019 1540 460
123 903 1082
2286 2123 1924
406 2246 1834
1695 1077 1906
890 1173 2055
885 780 1450
1999 1281 1133
1155 273 189
744 2004 2052
2154 5 256
2086 309 1894
406 316 2044
1610 1517 457
837 2232 1885
1610 1371 457
1220 1359 1815
1927 1978 1676
193 1834 338
276 1538 2128
813 2244 981
2137 1910 1272
267 1405 1173
1984 137 1126
1134 1510 934
2141 1391 762
310 258 1101
654 856 295
6 855 218
1793 958 1516
478 623 1001
2031 840 973
1950 1237 1984
1709 1558 1579
1749 994 1393
203 844 1453
669 732 439
706 1060 218
2124 2035 2097
1256 37 752
1600 263 428
1338 1195 1206
1338 1195 159
1670 929 706
141 1382 1025
938 469 474
972 474 1393
1231 1441 1808
821 1700 1749
1765 205 1589
2099 966 1948
296 2282 1271
2091 780 1450
257 778 893
1155 273 1541
226 1331 581
488 1879 2164
66 2126 2053
1190 1039 1773
2274 2049 97
1273 2224 2185
1090 1736 2233
2205 3 1805
328 654 2101
1978 1676 549
2229 2278 310
316 1276 1716
1426 660 1835
1767 2286 808
1226 1439 2004
809 465 1780
1410 525 1555
1373 1068 88
885 604 780
533 95 14
65 1690 757
1248 898 1079
1248 898 464
1625 419 433
1209 649 169
590 434 1107
1731 258 1133
207 138 1099
65 1567 757
160 12 663
148 941 393
1799 391 1158
1688 362 441
790 488 1879
2017 1390 440
1295 63 304
383 1462 904
886 1513 1874
1535 2204 535
1257 358 979
1904 282 2024
291 2284 765
1430 1776 1467
692 1253 1711
1184 992 242
63 304 1323
1931 1696 370
1971 1100 379
921 1902 1000
1210 452 1805
1759 428 1728
582 1191 1171
1056 1049 1734
2211 2005 2016
315 2269 2220
1337 175 1096
229 2045 1135
1081 957 171
1295 1981 304
559 1345 893
1321 2137 1910
1425 1936 1803
503 1048 747
1850 1392 1919
207 1099 1981
1896 105 1034
667 1897 1685
1083 1650 1214
1376 181 233
1927 1550 1676
993 250 2082
589 272 2184
1581 708 2104
749 899 951
1320 2261 1723
2003 635 1528
778 1092 843
1184 1276 1253
1030 557 717
131 2234 1308
392 2037 747
837 270 1885
1084 1498 790
366 108 932
2255 496 2197
1763 753 712
1303 558 1179
172 2161 1921
1368 764 2144
365 414 114
280 495 174
1430 1467 665
2099 559 1948
1596 420 574
15 1978 56
126 1027 1888
1945 1535 535
694 1833 353
722 1303 558
1732 889 55
1757 922 929
1346 128 821
176 208 301
1978 2045 56
2167 887 838
1667 1864 737
1065 1946 746
1128 979 1691
1956 809 1780
132 1106 1009
206 1015 1003
2261 1723 617
1517 1977 1784
546 1510 934
932 218 1013
1600 1496 891
1210 760 1186
2124 1129 2097
1275 1055 1947
39 1411 2133
1671 845 576
35 778 1092
1801 691 673
1833 353 2218
229 1135 2119
2275 480 1488
1847 427 952
909 41 487
656 292 541
1577 710 215
1244 1979 284
692 1711 1268
1335 761 1807
372 2163 1803
160 139 663
2135 1190 1039
1882 1631 1897
2011 1909 1514
165 414 2259
1244 1507 284
727 1287 256
386 336 1975
1190 1773 853
1361 2233 970
670 1116 1357
2158 605 762
386 1894 336
1128 979 1880
2148 1956 1780
2081 1428 1467
1749 972 1393
522 181 233
196 1528 231
330 1523 1930
829 1091 1443
213 418 1225
171 710 29
334 388 2267
906 860 622
183 399 2013
798 736 1353
266 1843 1085
1731 310 258
1184 1253 242
139 692 1268
1538 2128 1473
1838 1217 1307
634 1189 1562
1014 147 1230
2102 35 778
851 387 494
111 741 743
228 1022 1020
406 547 316
2019 1118 12
2206 105 1034
1090 2233 970
572 136 1290
123 1082 2016
1940 773 1708
2141 1391 1802
939 891 875
60 1511 1644
2116 691 673
1341 1516 409
2069 1792 1998
1911 1562 311
1915 2183 1791
1215 288 1290
1234 1033 924
1517 457 1784
1354 613 1808
941 393 1076
1431 227 1
867 134 2147
2156 438 2083
983 1266 73
235 214 221
1426 325 1835
1273 398 2078
881 1773 1293
469 965 474
821 1481 994
799 764 2144
2167 950 1269
1847 315 955
1215 1189 2066
2227 1883 1173
1171 1773 1293
1554 229 1574
2019 69 1545
62 1037 236
435 1936 224
1613 543 902
672 187 1126
1282 297 190
219 670 1357
2135 1824 1190
378 1258 475
125 594 2204
1666 1640 1805
22 435 224
2019 502 595
1672 1261 1536
2040 1081 1278
1970 1433 1329
1440 1085 2191
2019 160 1216
2282 1463 1271
1083 1349 1214
1735 853 680
1398 609 217
756 1855 444
193 338 51
2046 171 710
520 367 2218
938 1662 474
2022 1778 4
1674 1496 428
1793 1341 1516
299 1671 1614
1580 1815 1417
1828 1931 1696
615 1392 553
2246 1904 942
1408 2003 635
520 694 353
1335 2094 1807
1600 263 1496
1575 1654 1803
2186 1637 755
476 252 743
255 538 2258
1246 643 2190
1812 803 1032
749 899 270
1104 984 2053
1007 61 1265
633 828 2206
2238 1305 594
47 1017 374
1057 1144 1148
1863 742 1644
1615 99 1001
2269 2220 692
2220 139 692
534 1969 137
132 734 1009
1713 108 932
1288 1593 1609
1371 1928 457
650 398 1776
1069 570 2121
2246 1904 282
446 2004 2052
964 5 698
73 805 1012
1689 1984 137
1260 94 891
685 559 893
1397 2030 133
40 555 1772
2141 370 762
1370 2156 2083
1055 1947 835
1658 1007 61
533 724 14
1987 2193 776
713 901 1858
1233 1512 2260
279 392 1687
2019 1545 595
2040 2031 783
1771 1695 1077
2012 220 1402
1458 1870 1290
1628 948 1328
1731 1281 1133
1949 358 979
1040 1892 1120
2181 1626 771
1169 1598 1361
1990 248 469
1191 1171 1293
1394 1605 1291
263 1496 428
622 314 2174
820 386 49
1324 483 684
247 1837 637
2131 1162 1180
324 1649 1186
1288 1593 240
14 193 51
1985 2069 422
830 1326 1464
1583 836 863
504 176 1538
2130 707 1149
1074 1761 1821
1549 1318 2175
1824 1735 853
2034 1991 1298
625 349 1085
1194 319 113
552 1068 1074
267 2227 1173
1818 1650 1402
478 623 1427
1917 55 101
1381 1750 1057
2019 460 502
230 1573 435
656 1880 292
1306 1832 911
1442 790 1879
45 2198 1937
2281 1122 901
1306 2035 2097
1014 2076 23
2216 638 1121
1913 289 114
2043 1269 887
1195 72 1117
1686 360 101
1580 1359 1815
2248 73 805
465 1780 23
1939 1613 543
1959 1286 2263
213 428 1225
1302 1759 1715
2012 587 220
1203 1391 762
1887 739 863
2096 1719 94
1695 583 1906
510 2019 160
6 630 855
380 2197 311
1592 1909 1514
798 1592 736
734 334 1009
1918 761 1271
1901 2260 2145
206 1015 253
622 1023 2174
1598 1090 1361
2039 1614 1193
1983 1107 98
1592 1353 1514
1623 881 1039
262 932 218
2229 71 1895
346 160 999
1094 569 1054
1580 2152 1417
1677 1080 1789
1338 1206 1606
2045 1574 1137
1637 1846 1462
1918 1463 1271
1475 473 1662
1201 537 234
1074 1821 540
1952 66 2126
1239 1952 2126
1911 380 311
557 717 1041
2066 311 1199
1700 965 972
26 605 2092
510 2019 12
505 1586 831
1701 1642 1154
1069 570 2101
1730 223 1113
715 446 2052
1820 1559 268
1479 52 1165
1559 854 658
683 884 42
1847 427 604
614 2012 587
2134 937 509
2281 713 901
1311 30 1165
1177 1481 932
1798 1326 519
406 1794 1766
496 684 2197
255 1301 1544
2110 1529 275
1059 202 2079
881 1039 1773
1419 1927 1471
406 2246 942
309 386 1894
1414 402 274
420 589 272
384 389 1495
1750 774 685
1196 2042 1913
971 1972 628
1826 2216 1121
754 1326 519
1129 2097 116
1150 2224 2185
844 204 987
92 221 1186
671 1799 391
1886 582 2250
1104 66 2053
1348 1489 2166
1798 519 1783
2066 578 1199
1912 1440 2191
1355 271 472
801 1110 1633
2096 1719 1674
784 1819 1358
1062 151 1325
1961 2060 1716
1714 1860 1051
690 1792 875
328 654 295
521 901 909
360 804 618
160 2220 139
2164 1101 1006
1796 1465 1298
2136 2104 368
799 764 1761
2275 1217 1307
523 2241 544
1554 942 1574
996 152 1264
219 2168 1357
2255 380 2197
724 241 338
1973 1242 803
1600 213 428
2109 2197 13
1575 544 1803
1162 424 1180
492 64 131
1985 2073 1998
1917 889 55
1150 1273 2224
1140 270 1885
761 1271 1807
1735 1353 1514
2029 142 1010
392 1687 747
2164 310 1101
707 1149 1571
1348 1844 1489
784 964 5
577 1360 1621
2224 2185 894
125 1005 594
92 1649 1186
1786 865 987
521 909 1145
830 1464 879
1617 450 376
768 382 1928
724 338 51
1384 809 1780
123 1965 2016
835 2200 1835
160 955 2220
1260 891 875
2043 1527 887
1977 1784 1721
1600 418 837
287 1302 1759
1610 1054 1371
317 684 1428
1801 2100 673
1836 2154 5
1759 1715 1728
1944 430 1510
1643 2070 245
648 1762 1103
582 2250 312
1806 1657 365
1481 262 932
1917 96 101
1944 430 1208
346 1450 955
90 1166 1205
205 1077 1906
715 2052 117
1603 2244 981
1595 1255 1785
246 658 1247
862 58 2183
228 1022 894
1705 1681 274
175 1015 1403
588 816 1229
1469 1420 1632
1382 531 1025
1689 1969 2112
161 1380 2273
1605 1291 1208
1705 402 274
563 722 558
226 581 1307
105 1587 1034
2153 1487 1589
168 695 377
1059 1640 1515
38 1014 147
1736 59 631
463 1006 423
688 241 1132
758 1668 1648
2241 544 616
686 976 2176
1552 432 2071
1640 1805 1515
770 167 108
1689 1969 137
1512 2260 2145
279 641 1859
1790 1588 919
1455 2138 1877
1595 2159 1255
1189 2066 311
745 450 956
2275 1488 1307
885 604 1450
287 1442 1302
1365 560 1762
505 1830 831
1831 1458 365
252 741 743
906 622 1023
1032 2075 920
1454 930 422
1527 1918 1463
1600 213 418
2234 1 1308
1779 441 319
797 767 1862
1437 1088 788
1513 1064 1874
1957 682 2037
1917 889 96
2277 2135 790
2248 1581 805
1079 945 464
505 1893 1830
1907 1689 2112
1014 1230 23
347 772 1955
1530 1710 2033
229 2045 1574
1530 1869 2033
1694 1561 429
1139 756 444
1813 1263 1557
1254 2159 1255
2280 1255 1785
820 309 386
470 754 1326
947 108 1156
1566 285 504
1933 2011 1909
185 536 303
570 2101 2121
931 1812 803
1973 1147 2156
2201 1765 1906
18 2021 100
944 257 843
1304 282 2024
2169 489 826
846 37 185
2148 1780 23
1863 1511 1644
1747 188 1507
1469 1416 1632
157 1831 1458
939 1998 891
332 1654 1803
278 115 153
1149 1571 1841
235 214 728
678 621 2086
1194 2013 319
1055 835 2200
2 2143 281
38 1014 1866
75 1977 1330
1713 108 1156
1459 1883 190
1520 1944 546
1090 1361 970
793 720 1712
2057 1810 2171
928 2135 1039
1658 61 1265
1491 1129 116
165 1046 414
849 2139 191
654 690 2121
1778 7 1441
1573 435 1936
175 1096 1403
2229 1731 310
2095 888 1558
1297 1261 1552
38 900 1866
2158 605 2092
1961 14 1834
1329 931 803
903 1655 1082
533 677 952
226 1838 1307
441 1656 319
2161 508 344
257 778 843
344 391 1158
944 50 843
1765 205 1906
654 2101 2121
724 14 51
695 924 377
819 1595 2159
1039 2278 1895
1005 2238 594
386 1264 1975
2217 176 1538
255 910 1544
2155 28 2208
1491 116 249
791 695 935
839 1353 680
321 235 728
598 1549 2175
183 1194 2013
1437 411 584
1355 688 472
2124 1129 2035
1973 803 1370
1116 1357 1369
254 1912 1440
1630 699 196
566 1945 535
1801 2116 691
6 1481 262
1160 1484 1636
1461 1549 1318
1041 730 76
1794 1108 1574
228 1020 716
1900 526 1246
342 1725 768
406 1961 547
1245 1410 945
1720 1683 800
451 684 1428
737 1150 1508
2248 1581 708
91 388 622
1752 286 877
361 2234 1
1209 169 1148
594 1717 2023
1907 304 2112
738 1956 42
290 74 1994
629 1369 112
1563 1019 1923
1164 737 1508
1412 596 1519
1306 1832 1710
931 1904 282
697 350 1979
1993 2089 177
1468 528 237
1653 1622 1521
1637 730 1846
991 187 2222
1084 1735 1514
1623 881 71
1155 660 178
533 427 952
1270 815 1924
1804 188 1132
569 1459 453
2197 13 311
533 95 1961
347 2195 1955
2032 85 1621
1754 1602 2260
511 1529 275
1985 2069 1998
1617 1490 376
1410 525 945
1960 1157 1049
1719 287 1674
1037 236 1582
830 1407 879
2217 176 208
1598 1090 1736
596 971 1972
2093 670 1116
1177 1481 994
80 1702 516
2095 1558 1579
1971 1100 501
2247 738 1956
730 1846 76
606 2165 96
1059 1515 202
2042 1913 114
442 328 2101
1105 1106 2168
1813 654 856
557 1041 730
80 516 2137
198 802 1076
54 1793 958
2167 1269 887
677 1961 2060
307 252 1183
1069 2069 1792
2135 1824 1735
1664 293 118
75 1517 1977
996 386 49
1289 2256 474
690 2121 1792
900 2076 1668
1657 365 414
383 1846 1462
1397 2030 1127
1427 277 2021
1630 196 231
1336 35 1092
1812 1554 1032
531 1175 1025
2095 1107 98
1138 1520 1944
817 1337 1096
1022 894 1085
515 806 1963
577 1332 1360
1056 958 1049
641 1919 553
102 1709 1579
1201 1042 234
1195 1206 1727
2164 463 1006
745 588 956
1341 409 578
247 1093 637
897 1350 2231
1303 391 1179
544 1803 616
2186 1637 730
1149 1841 2056
952 315 2269
687 85 1621
513 1127 133
1814 953 249
611 2276 794
1674 1759 428
80 1321 2137
1820 268 1929
2266 996 152
1083 1349 1489
445 158 199
1016 1965 2211
758 1041 1648
818 886 1513
57 473 1662
1614 1193 576
410 522 181
42 809 1780
2225 2017 2155
1235 1469 2263
1490 376 956
1602 1233 2260
1414 1077 274
2057 2171 1315
1657 1046 414
75 1348 1330
2011 1084 1514
2082 2203 1909
2257 1349 1844
2181 350 771
2229 71 813
1210 3 1186
1278 957 215
585 2096 94
1374 1935 1227
45 2198 543
33 1400 1930
1263 1719 94
569 1054 1371
327 219 1809
83 1207 1270
2266 2268 152
1152 2142 541
221 760 1186
2257 1349 1214
533 677 1961
2065 621 2086
1769 913 448
2226 641 553
1227 119 1123
102 1387 1558
1038 2248 708
523 2241 616
1563 1103 1923
678 1845 621
1564 1266 73
344 391 209
1922 478 277
2022 1778 1441
252 237 1183
2095 1712 98
31 1828 1050
890 1173 602
702 745 491
641 1859 1919
1150 398 2078
346 160 955
2027 1916 2139
793 888 1712
928 790 310
1426 660 1898
1682 1608 1028
437 912 462
54 1793 1341
1743 1976 2118
732 39 1153
1150 1273 2078
329 922 929
412 1131 1534
872 177 1534
1437 657 584
1944 546 1510
1019 1923 374
1363 2254 1335
1542 513 1127
534 137 1126
1572 661 227
1949 1257 358
384 797 1495
1532 820 49
1831 2042 365
30 840 973
1973 1370 2156
2022 1778 7
2041 640 1472
632 1175 1025
839 1171 680
1078 205 1077
1686 96 101
1038 582 1191
2095 888 1712
625 2224 894
724 688 1354
1058 1461 415
1096 1003 1403
625 2224 2185
884 1384 42
148 802 393
1623 71 1895
482 1532 49
266 1843 1286
1959 1469 2263
759 300 963
1965 2211 2016
1677 1194 1789
362 1656 399
298 1801 2116
552 1074 1761
2222 1984 1126
2032 921 1466
1427 1536 432
2255 1911 380
2286 808 1207
586 194 919
216 1026 2179
1896 2015 105
2018 613 1808
1200 1196 1732
1719 287 1442
119 1123 1584
185 2198 303
1797 531 1175
1422 2254 1335
306 318 136
1770 165 1046
1878 172 1921
197 649 571
1069 2121 1792
2130 1149 454
74 1763 753
677 2060 2269
1768 2281 1122
1449 1376 1375
693 1881 494
327 219 2168
1798 2094 1783
476 252 237
2084 1205 783
1454 174 930
481 491 796
1671 1614 576
337 2150 2056
2042 365 114
1442 1302 2164
1357 1369 112
1154 851 494
399 2013 319
9 308 1861
839 312 1353
1935 1227 1123
53 1625 1888
1073 252 741
503 2037 747
758 900 1668
2140 1195 72
1670 706 1156
1617 1490 2267
798 312 1353
285 2186 755
1136 1283 599
661 387 494
516 527 1004
647 92 1649
1564 1266 2005
1223 1846 76
1007 61 1153
1694 1639 1267
250 2203 1592
996 386 1264
1601 1410 1555
11 1316 1543
1656 399 319
923 2231 2003
1302 2164 1715
1784 1721 1851
335 151 1170
1459 2227 1883
1437 788 2271
1363 1335 2094
1869 911 2033
1888 350 771
1341 578 653
285 755 301
74 1994 1763
928 1039 2278
1213 1223 1651
406 1961 1834
1089 2099 966
784 72 1358
1427 2021 432
1941 2267 450
732 439 39
507 652 1641
1234 695 924
1212 1313 271
2166 1721 2237
596 971 1519
1098 1163 1245
625 1440 1085
2041 640 122
481 745 491
2277 1084 790
696 783 840
740 611 794
1249 299 1671
1887 739 1862
880 1065 1946
513 536 303
335 1170 1325
1639 1829 1755
436 1734 1087
2201 583 1906
2018 1663 613
1426 325 1898
1185 2161 344
2018 4 1663
896 244 235
508 1151 1733
579 1587 295
525 1079 945
1771 1388 1077
528 307 1183
1070 93 1629
1333 679 742
585 1719 94
921 943 1000
2031 783 840
569 1459 2227
230 590 434
33 330 1930
1598 927 1440
1770 1657 1046
1941 334 1009
39 2162 2133
168 674 443
244 321 235
2202 2089 1476
1883 1063 602
470 830 1326
1853 1116 1369
369 2136 2104
1038 1191 313
677 952 2269
1747 1804 2192
2214 937 509
534 189 1969
1569 297 190
370 605 762
1394 1291 902
223 1138 1520
907 850 1509
1501 1452 1001
2073 1998 891
2093 670 1809
1243 30 973
1474 1451 170
313 708 2104
2277 1084 2135
125 1535 2204
497 925 1319
2080 1841 2056
1038 313 708
758 1377 255
657 584 1535
384 389 1114
865 844 987
1256 1385 752
1087 407 549
1887 985 1862
1223 1651 76
579 1587 1034
2242 1306 2097
397 701 555
1547 1940 773
1465 1628 1328
1784 1660 1851
1379 25 1494
360 101 618
1603 71 981
2093 491 796
943 1466 1962
2143 351 281
269 1042 234
1554 229 1032
378 2127 475
503 1048 2037
1304 931 282
1872 186 261
1847 1450 955
1130 1719 1674
914 1994 1763
724 688 241
89 806 339
71 813 981
1224 1305 413
562 1105 2029
682 239 1208
1647 1672 1452
823 1331 581
1593 1228 240
1566 285 2186
1847 604 1450
585 1933 1557
2117 885 780
135 811 1152
481 745 796
1902 2151 1000
119 1665 1584
2201 583 1589
1163 1245 945
230 434 435
25 1069 2101
238 1701 1154
1570 675 1997
1235 1843 2263
442 579 328
2080 2150 2056
1623 1039 1895
185 513 536
1922 277 2021
168 443 377
1306 1029 2035
1058 1461 1318
2088 1625 1577
219 670 1809
353 1110 2218
882 2076 1668
1813 2015 856
682 239 2037
278 115 1624
1605 1944 1208
480 2231 2103
991 672 187
756 1855 331
1604 1796 1328
2050 444 331
1958 370 605
1366 1480 815
1993 46 177
928 2278 310
923 480 2231
384 797 767
1372 2199 666
2264 592 611
504 176 301
2018 1441 1808
1942 2223 1080
229 1032 2075
2286 1207 1924
719 637 389
2171 1301 1315
1150 398 1467
2117 604 780
845 1586 576
175 1279 2008
566 1279 535
639 2041 122
511 275 1603
2065 2086 309
1336 1300 1092
1317 788 2285
329 706 1060
2009 1446 496
2088 1577 710
267 1570 524
1490 1229 956
1707 1104 66
1458 1806 365
715 1144 117
1687 575 747
1091 1443 1080
1770 634 1189
511 974 642
1622 1521 2054
660 895 178
1161 1145 487
1925 2281 713
615 2226 553
1016 1519 2211
1767 281 1067
2105 1152 541
921 943 1466
1796 1465 1328
1390 294 440
202 2079 448
705 1817 1501
864 2071 1347
1820 2244 1559
1956 42 809
279 2226 641
2244 246 2049
1050 1532 820
852 1146 1955
1714 1860 155
1388 1414 1077
498 807 1102
1164 737 1324
508 1733 978
1038 1886 582
1687 575 1483
1384 42 1780
2229 813 2244
1130 2096 1674
1751 1398 217
582 312 1171
1294 668 1337
1682 1608 415
908 456 779
1425 2163 1803
1855 444 331
1990 57 469
1363 1798 2094
287 1674 1759
693 1642 1154
1097 868 1445
38 1785 147
2202 1350 1396
83 1480 1270
2189 79 1121
1504 1840 1764
1356 2240 20
163 356 1221
682 430 1208
861 436 1734
693 1154 494
1667 644 1864
2283 2095 1579
846 1211 2198
1572 661 1881
2266 996 49
1453 1030 1063
2215 933 1033
763 1352 1375
671 1303 391
182 9 1861
1072 798 1592
403 695 935
1070 1622 2054
1084 2135 1735
1207 1270 1924
1226 446 2004
2041 723 1472
928 2135 790
182 1861 2192
2072 1934 787
1305 413 2023
155 47 374
839 312 1171
203 204 2186
1922 1537 2021
1040 1892 647
1873 483 2109
1394 1613 902
221 452 760
43 1044 2142
758 1377 538
987 1059 1640
2167 950 2196
2280 1254 2159
1065 750 746
1091 1677 1080
2273 1220 1815
688 1804 472
1843 1286 2263
2283 434 1107
484 1109 308
429 1902 2151
1718 554 1234
551 2072 864
1604 1169 1328
1883 1173 602
1570 524 675
561 1007 1265
962 291 765
228 2185 894
1797 1703 479
6 821 1481
770 779 108
1702 516 527
789 1845 2284
1161 41 487
1608 1028 415
1305 594 2023
1423 2210 926
1882 1897 2175
1449 1188 50
1482 1394 1613
639 2041 1712
238 711 1701
586 982 194
1508 317 1428
1109 1044 2142
1508 1428 1467
25 1494 2101
847 30 840
1366 1480 1270
785 1456 919
785 1588 919
1444 1292 870
1138 1605 1944
2264 611 2276
661 1881 494
43 2142 1259
2140 753 1727
789 411 584
1620 627 2253
504 1538 1473
1672 1452 623
1007 1153 1411
1026 2050 444
406 1794 942
1757 1670 929
926 1418 2082
630 1060 855
1490 2127 1229
551 1297 1757
993 1418 2082
1201 632 1966
1008 2181 1626
1794 942 1574
817 668 1337
498 807 1760
31 490 1828
927 625 1440
644 1873 483
1355 688 1354
1048 575 747
1169 1361 1328
1768 1122 901
983 971 628
2205 2160 3
1970 1304 931
980 1161 41
1503 644 1864
1324 317 684
2160 324 3
1285 2283 22
786 1306 1710
496 451 684
648 2080 1103
75 1819 195
847 30 1165
128 6 821
1769 913 728
204 987 1059
847 52 1165
1311 1479 1165
2273 1815 1417
1131 2222 1237
2266 1752 2268
1250 1243 973
2114 661 227
775 485 989
846 185 2198
550 271 472
1381 1750 774
2140 1195 1727
1486 91 388
508 1943 978
564 197 2159
298 2228 2116
1795 33 330
644 1873 1341
412 823 581
2196 1543 838
1383 881 714
1768 1477 521
1820 1603 2244
1098 410 162
961 2252 1456
223 1113 1520
2031 1081 171
1560 2070 245
343 1732 889
1474 170 1768
1244 350 1979
1828 1696 2141
614 750 587
1475 1662 474
818 886 949
1837 739 863
511 642 2230
1333 425 2077
533 427 604
203 1453 1030
1366 1270 815
959 1404 173
384 804 1114
696 847 840
1548 2284 765
940 1002 1028
1235 1469 1416
1564 1082 2016
1723 527 617
1527 1918 761
898 525 1079
2283 2095 1107
859 1078 205
440 781 2208
1563 138 1103
511 620 2230
1339 192 2039
697 1861 1979
1889 759 963
1818 2012 1402
1982 1132 2024
141 720 2028
442 1494 2101
334 388 622
2105 292 541
34 2151 1000
141 793 720
644 54 1341
2198 1048 1937
1267 34 2151
2244 2274 2049
927 625 2185
324 3 1186
763 1352 2098
666 1227 119
1569 1725 190
1461 598 1549
1561 429 583
1684 1038 1886
1617 2267 450
2214 1682 1028
484 9 308
2057 910 1315
511 1929 620
615 1992 1392
138 1762 1103
412 823 1825
329 929 706
55 1913 618
2222 1237 1984
943 1000 1962
285 504 301
1939 1482 1613
382 1061 1660
1760 953 353
2118 674 443
1625 1334 433
1775 1368 1700
2264 1774 2276
1493 1500 1473
2207 768 382
1542 513 303
364 2279 26
1130 2011 1084
278 601 153
105 1587 295
424 1180 298
1954 1796 1298
1162 424 1434
1286 1973 1242
1740 1854 757
823 67 1825
731 735 1618
666 442 104
637 389 1495
1150 1508 1467
2266 286 1802
2140 74 753
449 676 1485
2025 1888 350
2118 443 377
125 657 1535
2073 1600 891
1667 737 1324
1752 996 2268
1743 2090 2118
1500 486 506
585 2011 2096
161 1292 2273
1980 1429 1679
719 804 1114
564 819 156
2015 105 856
1493 1500 506
1130 2011 2096
1306 1029 911
1089 465 1230
485 1422 2254
1519 2211 2005
2169 1850 826
1310 81 1547
1314 471 464
2003 2092 1528
175 413 2008
339 2275 121
91 860 622
1078 1077 274
534 672 1126
688 1804 1132
1714 1860 2251
585 1933 2011
705 1647 1501
1949 2088 358
266 1286 1973
1458 1806 1290
714 313 2104
1804 2192 472
1971 1853 379
2223 1080 1789
2169 1850 1392
1444 1342 1491
551 2072 1670
1105 132 1106
2225 2017 2178
1684 1038 2248
1641 18 100
2138 2207 1877
1483 1593 1609
1396 1476 1408
1355 1354 613
2041 723 1712
2017 2155 440
2242 2097 116
1185 344 209
1820 511 1603
128 6 630
2266 1752 286
930 2069 422
554 1234 1468
822 990 1893
1499 982 194
1724 1285 1685
598 1724 2175
1493 1566 504
1339 1867 1614
46 2089 1476
1814 1491 249
1760 953 249
1542 1048 575
1094 569 524
366 779 108
1597 918 573
1854 529 103
1957 392 2037
2170 81 1073
372 332 1803
2123 1572 1881
1897 1724 1685
2122 2161 1921
1983 230 590
1529 1157 1419
1141 1827 937
1970 1329 931
437 912 869
1074 540 580
105 856 295
1267 1755 1296
1732 55 1913
1109 1152 2142
735 1100 501
1971 612 501
255 2258 910
861 1157 1419
136 288 1290
1910 458 1272
1837 1495 1862
514 2205 2160
1873 2109 394
124 1362 935
1806 1657 1290
2168 1357 1010
745 1941 450
1959 1433 1242
206 1096 1003
182 550 2192
812 640 122
1082 593 1012
1813 1933 1557
959 1404 2223
1320 1746 2261
1530 459 1710
1530 1869 459
2242 1811 116
807 1760 520
1149 766 2056
1486 1490 2267
1356 20 122
1317 704 788
1078 871 274
1618 1100 1745
1663 1869 911
1542 2198 1048
687 1360 1621
859 1611 1142
1439 1343 2004
382 1784 1660
1045 2066 578
1518 1827 937
913 506 448
1150 228 2185
1043 676 103
2169 1580 2152
1144 117 1148
1707 647 92
2215 933 1940
1954 1991 1298
2189 79 8
1760 1811 249
1625 1888 419
953 353 1110
2231 2103 1488
1405 2258 910
776 183 399
482 1050 1532
236 1704 1582
1864 737 228
2040 1675 1334
454 766 272
623 1427 1536
795 2276 2194
1951 880 1946
2275 121 1217
2178 1790 1588
1639 1267 1755
2108 1188 50
846 1211 543
1444 1814 1491
2038 1016 1519
1048 2037 1937
1383 881 71
434 22 435
1896 2206 1034
913 1500 486
192 261 2039
750 746 1840
579 104 1034
1480 815 1924
1172 425 2077
490 372 332
1746 2261 674
1553 1212 1029
0 1385 1555
1423 1896 2015
449 1567 757
913 486 506
1957 682 1859
1669 1486 1490
1959 1286 1242
124 791 1362
1473 1228 240
806 339 121
280 174 470
1419 1087 1927
1196 1732 1913
1493 1566 506
495 25 1069
53 43 656
2009 2228 496
1406 302 194
1820 511 1929
1056 2075 549
734 334 759
789 411 2065
1518 2134 937
615 143 2226
609 135 484
1460 2147 1332
121 1838 1217
878 1376 181
1982 1304 2024
1853 379 1369
1461 1387 415
1089 884 966
1597 918 1479
45 543 902
1512 2217 2145
1130 1084 1498
1469 419 1420
651 290 74
601 1950 1237
46 1476 1408
1064 860 2107
1232 1949 358
232 562 1105
449 757 1485
579 328 295
1805 1515 202
1346 1775 821
1842 567 2271
158 57 473
440 781 2129
55 101 618
1760 520 353
308 697 2025
351 808 1207
2038 537 234
1282 1453 1063
2022 4 1441
1177 994 1875
1317 704 1882
557 2186 730
2202 1350 2089
1960 1045 409
857 1615 20
1672 623 1536
1331 2251 67
983 971 1266
452 1805 202
1945 584 1535
1372 666 1665
43 656 1259
207 1981 304
334 759 622
1089 809 465
1211 2198 543
1705 1414 402
927 1273 2185
1244 2181 350
102 1285 2283
495 1379 25
1967 1863 742
1313 1355 613
1899 614 835
1109 308 1823
1456 194 919
1498 1442 790
1243 1311 30
1131 601 1237
1172 1333 425
1992 1104 984
1385 525 1555
1768 521 901
2207 1877 477
508 1799 1158
678 1845 2086
1837 739 1862
508 344 1158
1972 21 628
1597 573 776
1339 2039 1614
1258 871 1681
318 369 1383
1818 614 2012
445 158 57
1097 651 322
1263 585 1557
129 505 1586
1754 1901 2260
1381 1057 1148
651 1836 2154
1992 1222 984
248 469 965
1908 801 1110
733 489 1359
2040 1278 1334
1235 1843 824
455 1985 2073
767 165 2259
168 403 695
1219 742 1644
1860 1051 1331
667 662 1631
2261 168 674
1294 1337 175
1425 1573 1936
993 1072 1418
298 1910 1801
77 1239 1952
627 2253 52
1845 2086 1894
1446 1457 496
102 2283 1579
948 1361 1328
608 1551 1343
135 1109 1152
1900 548 1246
1699 70 749
2138 1569 342
551 1297 864
405 1492 1751
1056 1734 1087
513 2145 133
1947 614 835
685 778 893
1164 1508 317
1249 1986 299
1263 1260 94
882 2076 23
1489 2166 2237
659 134 577
1380 2273 1220
662 2065 309
239 2037 1291
1542 2198 303
1935 1123 1584
1493 504 1473
403 527 617
1838 1915 2183
1667 1324 483
2000 1863 1511
933 1033 307
1730 1113 1520
1982 401 1959
737 1150 228
1105 2029 2168
1529 1419 222
19 1018 133
174 470 754
639 1712 98
2102 685 778
523 22 616
1744 1595 1785
1568 2193 776
597 411 2065
144 1782 2163
1684 21 1005
1615 99 20
1684 1005 2238
248 2144 965
1333 2077 679
1935 1665 1584
561 2032 1466
2200 895 178
343 711 1701
0 1964 1555
567 1777 2271
1860 1331 2251
2217 276 1538
573 1404 2223
993 250 1592
959 166 173
269 238 711
812 492 64
86 1365 2180
192 261 766
651 322 626
40 735 555
836 1093 863
915 1945 584
2283 434 22
597 1437 411
1566 1284 506
850 2034 1509
2242 1760 1811
264 962 291
2114 227 1
1757 2058 1876
1483 354 1593
1852 1878 1185
1931 1958 370
735 1618 1100
1026 2050 331
858 264 1752
1089 884 1384
1755 1296 1363
93 205 1589
1678 1845 2284
632 1042 1175
1075 664 80
236 1704 1680
1246 1934 2190
865 844 1453
174 754 1783
390 922 1876
452 202 448
666 119 1665
347 848 772
1486 388 2267
471 945 464
1164 1324 317
1641 643 100
1396 1408 2003
497 925 672
1379 442 1494
134 1112 367
867 735 1618
1786 865 1569
1457 496 451
2244 246 1559
106 335 151
1252 2010 2214
651 626 2154
1256 1385 525
166 1509 173
1625 1577 215
1385 185 752
204 1059 1284
170 1768 1477
1181 523 22
2030 1483 354
2266 2141 1802
2001 814 150
2255 634 1911
361 2114 2234
364 2279 2252
1897 1724 2175
2018 4 1441
1356 2240 1983
1341 394 653
246 1559 658
341 1425 1573
1198 2093 491
732 61 1153
1837 637 1495
1074 1606 580
1883 1063 190
1314 976 471
1653 454 2184
1703 479 2114
143 279 2226
1786 2138 1569
2117 1231 604
1460 867 2147
2108 1300 50
1421 516 1004
1744 38 1785
2029 2160 142
1263 585 1719
1852 880 325
1456 726 194
453 768 1928
90 1416 512
849 1244 1507
2179 1033 1470
568 908 779
408 347 1611
173 1628 948
327 796 1809
1566 204 2186
1982 188 1507
866 1599 156
1910 1801 2100
102 1724 1285
508 1502 1799
1775 821 1700
1769 214 728
2252 1456 726
1168 1336 1310
331 1470 377
958 1049 1516
1052 341 1573
1813 654 690
1056 2047 2075
1548 323 283
1350 2231 2003
2165 1686 96
1720 1202 17
1250 2031 973
1212 1029 911
1730 223 2105
1172 1333 742
226 1051 1331
4 1869 459
687 1771 1388
890 602 717
179 1995 704
1297 864 1552
2088 2046 710
1967 679 742
1548 962 765
1469 200 419
2158 2003 2092
479 2114 661
1181 1285 523
1565 1701 1642
1976 2118 674
1669 1486 91
84 2130 707
2176 1243 1311
1503 1864 228
1722 940 1058
551 1757 1670
436 1419 1087
1474 1768 2281
702 745 588
1705 816 475
217 1129 2035
720 640 1472
1201 632 1042
1569 342 1725
1022 266 1085
1421 1409 1004
2150 1923 1017
1887 985 165
689 117 1148
278 207 1907
197 1209 649
1258 1681 475
1343 744 2004
462 7 1441
1058 1028 415
577 1265 1621
1744 2171 1301
1448 1967 1047
2027 1959 1469
390 995 2058
1741 2253 1327
467 1666 1805
207 1907 304
662 820 309
639 1356 122
343 1565 1701
2262 2172 1202
2001 1551 1241
918 1327 1479
2170 81 1547
1002 2134 509
1446 1457 451
1026 2179 331
1543 887 838
1694 1267 2151
1089 1384 809
1177 340 1875
1212 1313 911
1967 1047 679
2038 269 234
33 1730 2105
429 1771 583
1504 1840 626
1143 1661 666
124 403 935
198 1925 1076
1257 979 1691
1845 2065 621
1282 1063 190
1224 1418 253
1702 1723 527
1739 2153 93
1770 1215 1189
2001 2063 592
269 238 1042
1317 1882 1631
366 1177 340
2155 440 2208
573 776 183
192 766 2056
696 847 52
1982 188 1132
1661 666 104
763 2098 1375
1109 1044 1823
40 1772 1908
865 297 1453
1720 17 800
485 1296 2254
1102 1591 1086
1568 1546 362
1697 299 1867
1434 1321 1910
724 1354 1808
2244 1731 2274
369 1383 714
1737 1770 2020
655 1697 1915
2272 650 1430
347 848 1996
597 662 2065
19 2030 133
2063 814 150
1263 690 1260
369 714 2104
601 1950 1689
166 1443 1509
148 124 802
720 723 1712
1458 1655 2136
573 183 1194
1468 528 307
269 711 1016
1839 1578 1161
1685 523 544
823 1331 67
1769 452 448
683 1071 42
720 723 1472
511 1529 974
1232 2088 358
624 1425 2163
597 667 662
1365 1762 1099
1878 172 1185
1922 478 1001
343 1200 1732
561 2014 1962
1531 1000 1962
1677 1194 113
1224 2250 1072
624 507 341
1564 73 1012
1995 1777 2177
1667 644 483
384 804 767
149 291 2284
1056 438 2047
1423 2210 253
638 2195 1955
861 436 1419
31 1050 332
203 1030 557
462 2022 7
1576 817 2245
361 2114 1
1694 429 2151
2000 748 1511
772 1146 1955
2169 1580 733
1739 2153 1857
78 163 455
1400 546 934
1149 454 766
705 1817 1647
198 1093 458
1500 1473 240
38 255 1301
172 1185 2161
971 1519 2005
1489 2237 2107
1314 898 464
1682 1387 1558
735 1618 998
1500 293 240
266 1973 1147
874 1604 1169
2169 733 489
1730 1520 546
1839 373 476
883 522 233
149 1678 1264
858 1752 877
1684 2238 1886
1231 533 604
749 837 270
90 1166 512
1192 141 1382
1856 2077 679
1454 1985 422
1697 1986 299
507 341 652
1431 361 1
2169 1392 2152
1770 2020 1657
2 2143 351
2214 1028 509
347 1996 1611
926 2082 1909
106 1829 335
1657 1215 1290
424 298 1910
84 1673 707
306 1960 1045
412 1488 581
1873 1341 394
182 1553 550
1658 807 520
1682 1387 415
1542 2030 1127
2238 1305 1886
135 484 1109
1548 962 1322
985 767 1862
90 254 824
1505 48 633
1714 2251 1624
869 356 296
337 2150 47
1949 979 1880
799 1821 540
2273 2126 2053
1548 1322 283
31 490 332
1772 1908 1112
1203 1391 877
175 1015 413
792 1394 1605
990 500 2125
814 150 1209
1231 533 724
163 356 1454
864 1552 2071
278 1907 601
2034 1509 1298
1786 987 1640
1212 550 271
102 1387 1724
1836 784 5
259 1659 1850
325 835 1835
308 697 1861
247 1837 863
144 586 982
1722 940 1002
1067 1219 1644
322 1840 626
571 169 1148
1423 1896 206
1422 1335 761
1529 222 1262
1143 666 1227
351 83 1207
479 1154 851
109 687 1388
689 1209 1148
166 1942 1080
1336 1310 636
1285 1685 523
99 1922 1001
247 1093 863
786 1316 1710
1852 1878 1951
45 1291 902
267 524 2227
892 1568 1546
804 767 289
720 640 2028
1461 1387 1724
2240 99 20
198 1925 1093
627 696 783
639 1356 1983
1120 1618 1745
1454 1167 1783
1960 1516 409
627 696 52
726 1406 1958
2029 2168 1010
381 1940 1708
1342 1491 1129
259 1659 1859
1097 1445 1921
90 1235 1416
959 1942 2223
1097 651 290
1131 601 1825
1737 2020 1215
1529 974 1262
306 1960 2110
865 1569 297
2161 508 1151
561 1466 1962
1054 524 675
2179 2215 1940
325 563 1898
1786 1666 1640
1120 1745 1938
396 1176 1748
569 524 2227
985 767 165
495 1069 2069
1814 953 1110
2229 2244 1731
2144 1700 965
1813 1263 690
1172 1219 742
1343 744 117
1120 1938 629
2150 47 1017
1056 1087 549
1615 1501 1001
1714 337 155
2273 1222 1417
1475 1289 474
624 341 1425
223 1880 292
228 716 438
1222 1392 2152
735 555 998
1136 1283 858
1907 601 1689
45 2037 1937
767 289 2259
1461 598 1724
16 500 2125
2051 1093 458
715 1057 1144
561 1007 2014
789 1845 2065
882 1213 1651
1231 724 1808
1296 1363 2254
2179 2215 1033
1052 2240 1983
2002 848 772
366 456 779
990 500 1935
1744 38 1301
2010 141 1025
1423 206 253
2207 477 1061
1224 1886 2250
990 2125 1893
1576 817 668
93 1629 205
2022 1778 2196
2090 2118 377
750 587 220
1097 868 290
925 1319 1303
1933 926 1909
2038 269 1016
1852 1951 880
34 1531 1000
550 2192 472
1368 2144 1700
2090 331 377
686 976 471
867 1618 998
867 998 1772
1890 1643 2070
609 484 9
1166 1205 512
971 1266 2005
401 1970 1304
1409 527 1004
109 1388 1414
366 180 340
2030 575 1483
294 1502 671
1673 2080 1571
1751 1398 609
462 2022 2196
1022 266 1147
2179 331 1470
1625 1278 1334
829 1443 1509
1560 294 671
1982 191 1507
704 1882 2175
1778 4 459
1607 1818 614
1381 571 1148
1180 1446 451
1251 2057 421
1314 976 2176
2009 1180 2228
1372 954 1665
1008 1244 2181
1663 1313 613
849 191 1507
264 291 996
639 1983 98
1778 1543 459
565 1482 1394
53 43 2025
791 1234 695
1138 1691 1605
806 1963 862
259 682 1859
1350 1396 2003
687 1771 85
1047 1856 679
2130 1653 454
862 121 1838
1925 713 1858
1181 1285 22
1200 1196 903
1176 1140 2209
203 557 2186
1449 944 50
2084 1620 627
569 1371 453
366 456 180
214 221 452
704 788 2271
959 166 1942
1040 142 112
1755 1363 1798
1705 1681 475
2273 1222 2053
1602 1233 1956
817 2245 48
1002 1028 509
2043 1527 1463
1300 636 1708
1564 1082 1012
2207 382 1061
1995 1777 2271
1503 644 54
806 862 121
1205 512 1675
944 966 1345
1988 1531 2014
2 751 351
1853 2093 1116
1899 880 750
1703 64 2234
1064 91 860
1842 1437 657
179 1995 1722
251 1404 173
2216 638 2195
1548 323 2284
655 1915 1816
437 462 2196
1015 413 253
905 962 1322
947 1670 1156
490 1782 2163
940 1058 1028
179 1722 704
2020 1657 1215
1460 612 501
1454 1167 1271
872 412 1534
666 1379 442
437 2043 1269
993 1072 1592
437 950 1269
1602 2247 1956
2257 1348 1844
1008 2027 1469
1872 186 420
1795 330 833
337 155 47
1176 1699 70
1448 1047 1856
862 1838 2183
1224 413 253
149 1678 2284
1625 1278 215
424 1434 1910
2084 1620 1205
606 693 96
157 1458 1655
449 1043 676
2027 2139 191
327 1009 796
756 2090 331
1714 1019 1624
226 1838 1915
2223 1194 1789
1234 1033 307
913 1500 293
1423 2015 926
1008 2027 1916
412 1131 1825
343 889 96
1422 989 761
740 2276 794
866 564 156
883 410 522
216 381 2179
655 1816 260
40 731 555
79 1121 8
1317 1631 1897
1200 123 903
1645 565 898
1439 1343 449
1872 261 420
356 1454 296
439 39 2162
495 2199 1379
497 672 1319
719 360 804
2262 1202 17
1698 1320 1976
1566 204 1284
129 845 1586
1316 1543 459
1451 2111 1924
308 1823 2025
1234 1468 307
1019 155 374
1845 1894 1264
1959 1970 1433
542 2054 574
1458 1870 2136
2051 836 1093
390 2058 1876
1408 635 231
1444 701 870
883 1375 233
1678 1845 1264
2007 822 1893
157 1831 2042
127 548 568
1052 2240 1922
184 1139 756
1963 862 58
1052 230 1573
11 1527 887
2225 2178 1871
1925 1076 1858
1684 21 628
149 996 1264
11 1543 887
818 1513 1083
38 758 900
2073 1600 837
1050 332 1654
1598 254 1736
1737 1770 1215
1598 254 1440
1142 1653 1622
1052 1983 230
1372 495 2199
2108 1449 1188
814 150 1241
1697 1867 1051
1241 689 1209
166 1443 1080
1121 8 1146
1829 335 1325
1239 2273 2126
53 2025 1888
1383 275 71
1899 614 750
1180 298 2228
693 1642 96
154 565 898
75 1348 195
1176 2209 2115
1454 174 1783
84 2130 1653
1741 1309 1035
158 473 2219
1988 1007 2014
1842 1437 2271
369 1870 136
786 1760 1306
19 276 354
1125 2057 421
2199 666 1379
915 789 584
1509 1465 1298
1498 1719 1442
1960 1049 1516
633 1896 2206
1180 451 385
26 2092 1528
2084 627 783
1819 395 1358
1400 1930 934
11 775 1527
1561 583 1589
19 2030 354
1518 1966 1827
846 1256 37
1007 1411 2162
1513 1064 1083
1180 385 1430
1680 65 1690
1008 200 1626
186 420 766
1130 1498 1719
2051 2100 673
1372 280 495
2242 1760 1306
369 1870 2136
669 439 2162
1155 660 1898
1685 1575 544
1176 2091 2115
1591 1086 2162
2240 99 1922
1826 638 949
514 562 2205
1930 265 934
1371 453 1928
1772 134 1112
975 633 828
1583 863 2116
1697 226 1051
401 1959 1970
1563 207 138
1714 1860 1019
829 907 1509
1141 2214 937
1767 351 808
479 661 387
420 766 272
1901 513 2145
554 1468 237
1040 2160 142
849 2139 1244
1741 1620 2253
1663 1313 911
482 2266 49
882 1213 383
1224 1305 1886
40 731 735
2111 2165 1924
264 1752 996
725 655 1986
1553 1212 550
655 1435 260
1451 170 1480
1040 629 112
1053 814 1209
318 369 136
548 568 167
1040 647 1649
1067 60 1644
1342 217 1129
1982 401 1304
1741 1309 1327
1460 1332 1360
200 1888 419
869 356 1221
489 1220 1359
1198 1853 2093
1797 1042 1175
1704 751 1582
1576 323 668
78 455 70
655 1697 1986
2080 1103 1923
479 851 387
1748 885 2091
333 918 1309
1444 1342 1292
498 786 1760
75 1517 1819
1980 1429 1997
1842 125 657
534 1319 722
1785 147 1230
1778 2196 1543
174 930 2069
2221 521 1145
2001 2063 150
1931 1406 1958
46 177 1534
507 1641 643
857 1615 1501
980 909 41
90 1235 824
2131 1180 1430
548 1246 1934
1224 1072 1418
1720 1240 1202
1040 2160 1649
1460 867 735
830 954 1407
1454 296 1271
223 2105 292
1542 2030 575
163 455 1985
16 1374 1935
2032 1265 1621
2032 921 85
1064 1083 1489
106 1639 1829
62 1578 1161
1767 351 281
232 562 2205
1751 609 135
43 1044 2025
936 591 977
1722 704 1058
148 980 941
961 699 196
2080 2150 1923
1551 689 117
163 1454 1985
1992 1222 1392
1120 731 1618
337 192 2056
1294 323 566
638 852 1955
390 329 922
1980 2057 910
1121 852 1146
1704 2 751
259 430 1510
1598 927 1273
1027 200 1626
2098 1449 1375
476 1432 743
638 1121 852
1316 459 1710
1192 141 1025
1232 1250 2088
1797 1382 531
1585 1971 1853
1565 1642 96
1925 1093 637
33 1400 546
1438 1342 1292
1525 58 1435
11 1316 775
1813 1933 2015
1052 652 1537
21 1777 1005
1155 1898 189
1594 2176 1243
2122 2161 1151
918 1309 1327
259 682 430
1348 195 1287
1460 735 501
1523 489 826
1714 1867 1051
1044 1823 2025
251 1884 1741
498 1316 1102
62 236 1680
2010 793 888
704 1058 1318
1576 1322 283
1438 1342 217
124 403 527
751 351 83
704 1318 2175
490 1782 1499
90 254 1736
1817 2000 1863
1192 812 640
1976 1746 674
1336 1300 636
890 717 1041
1050 820 1654
1957 279 392
1750 1057 685
534 672 1319
1412 2038 1519
495 174 2069
1250 2088 2046
149 291 996
2117 1231 1441
1751 1438 217
89 905 339
1817 1967 1863
2225 2155 1871
2252 1958 26
1860 1019 155
607 2036 1636
1372 280 954
1045 288 2066
2261 168 617
1957 279 1859
669 732 61
874 2272 1604
2098 683 1071
1718 554 237
343 1565 96
1406 1499 194
323 566 1945
867 1772 134
526 624 1246
1052 341 652
1008 1469 200
168 403 617
1098 1245 410
1040 1120 629
184 756 1688
866 564 197
154 565 1939
197 571 2159
38 758 255
1563 207 1019
561 2032 1265
2010 632 1025
429 1902 85
727 1840 1764
1412 596 1777
223 1691 1880
1172 1219 2077
1995 1722 1002
470 830 954
251 59 2233
81 1073 741
2176 1311 1479
440 2129 1943
2051 1583 836
251 1361 2233
1697 226 1915
1980 1570 1997
1829 1325 879
514 2029 2160
1052 1922 1537
1890 1390 294
1200 123 1965
1246 507 643
1475 28 1289
2010 141 793
1842 567 125
2155 1871 456
975 2157 828
1988 1086 2162
651 74 1836
597 1437 1088
1451 1480 1924
1884 1741 1035
1916 2139 1244
751 1582 83
1703 2114 2234
648 1673 2080
33 1730 546
792 1257 1691
534 563 722
2007 1893 1830
624 1246 507
1098 892 1163
1865 2194 1856
921 1902 85
156 1744 1810
961 785 1456
818 1083 1650
711 1016 1965
1739 1070 2054
1995 704 2271
1064 1489 2107
1421 516 2137
127 1871 908
608 1343 449
1658 577 1265
1412 1777 2177
859 1142 1629
2170 1547 1073
825 1505 817
2001 814 1241
573 2223 1194
566 175 1279
244 143 1664
1168 111 741
1887 863 2116
130 124 527
167 947 1934
280 470 954
437 950 2196
2155 456 1289
16 500 1935
819 156 1595
1518 1412 2134
2279 2252 26
1551 1343 117
758 1041 538
1594 1949 1257
1787 128 630
1797 1382 1703
1890 1560 294
45 2037 1291
1627 396 1176
1829 1464 879
1900 526 144
1639 145 2113
2200 63 178
1878 1951 1921
232 467 1455
1492 1751 833
2072 947 1670
596 1972 1777
223 1138 1691
46 1408 231
1160 2036 1636
792 1691 1605
1684 2248 73
259 1850 826
278 1019 1624
1339 337 192
373 476 1432
868 158 2122
306 318 2110
107 1460 612
381 2179 1940
89 905 1322
1421 1409 2137
874 2272 1169
667 1897 1088
1755 1798 1326
2252 726 1958
482 1828 1050
2140 74 1836
1887 2228 2116
1027 200 1888
323 2284 1945
1373 1068 1074
1769 214 452
1547 933 1940
1707 92 221
2031 2046 171
1988 669 2162
1509 173 1628
130 1409 527
125 1777 1005
1995 1002 2134
890 1041 538
1698 829 1091
1178 1141 1966
1232 1949 1250
542 1062 151
1707 647 66
2165 2123 1924
1518 1966 537
1439 782 529
1367 2180 8
2272 1604 1796
565 1939 1482
2272 1169 650
405 1751 135
1576 323 283
259 826 1134
896 1707 235
16 1374 1227
1523 489 1220
2007 1193 1830
467 1786 1666
1643 245 699
1380 1523 1220
1578 373 1690
2040 783 1675
980 1858 909
397 731 555
1352 120 2247
1075 80 1702
1401 646 1240
1221 2117 1441
1597 1987 776
158 1151 2219
2007 2039 1193
2172 552 1068
1275 86 1365
961 364 2252
599 923 480
396 1748 885
923 2158 2003
232 2205 1805
1267 485 1296
1509 1465 1628
2063 1683 592
157 1196 2042
1897 1088 2285
1741 1620 59
857 492 131
1350 2089 177
244 1664 293
2221 83 1480
232 467 1805
2108 1449 1376
1669 1490 2127
556 1671 845
408 347 1258
991 925 672
859 1629 205
858 264 962
1739 1070 93
1669 2270 886
983 1684 628
490 1828 1931
1339 1714 1867
915 789 2284
1097 1951 1946
170 1477 1480
897 412 2231
2131 1162 1434
1250 2031 2046
1294 566 175
592 740 611
259 1134 1510
915 2284 1945
745 1941 796
1075 664 1698
1890 1560 2070
2155 28 1289
498 786 1316
1320 1976 1746
1455 1786 2138
1627 396 78
2098 683 884
437 2282 1463
514 562 2029
429 1771 85
455 70 749
1568 1987 2193
127 2178 1871
1933 2015 926
1339 1714 337
157 903 1655
941 1076 1858
799 540 712
2217 2145 1018
1547 933 1073
1585 107 612
405 135 811
318 1383 275
143 279 1687
1594 1314 2176
832 1963 1525
1283 858 1203
1988 1007 61
542 1729 151
1707 235 221
775 989 761
2010 2214 1682
866 1599 88
0 1964 1901
667 1685 1575
775 1527 761
1226 1439 782
109 687 1360
1954 2272 1991
1168 1310 81
1141 1966 1827
567 125 1777
825 817 48
1316 1102 1086
1669 2270 949
729 905 339
1954 2272 1796
120 1964 1555
322 1946 1840
343 711 1965
526 624 144
832 515 1963
1336 2102 35
1576 2245 48
1523 826 265
1949 656 1880
1283 599 1203
857 492 20
150 1241 1209
1610 1517 1819
1949 2088 1625
412 2231 1488
1176 1699 749
1980 267 1570
825 1505 48
158 290 199
1192 2028 1025
662 1631 1575
2262 17 866
1251 1373 1074
154 1939 543
1205 783 1675
216 1026 444
1125 156 2057
534 563 1898
983 1684 73
381 1300 1708
1176 1748 2091
1251 1338 1606
1178 1252 2010
343 1200 1965
912 869 1221
244 321 293
1176 1140 270
1317 1897 2285
361 748 1
608 2001 1551
2002 648 1673
702 588 816
2002 84 1673
702 1705 491
156 2057 1810
373 1690 757
1097 322 1946
455 2073 837
347 2195 1258
1505 633 1896
1176 951 270
1297 1757 2058
1982 2027 1959
1503 54 958
1899 325 835
624 144 2163
104 105 1034
1008 1916 1244
1839 980 1161
1899 880 325
2108 381 1300
2111 2165 1686
238 479 1154
1505 1896 206
26 196 1528
318 2110 275
977 740 2276
156 1744 1595
1131 1534 2222
542 1739 2054
1523 1930 265
1988 669 61
357 638 949
812 492 122
961 1643 699
357 1669 2127
482 2266 2141
1163 471 945
2051 2116 673
1814 1908 1110
357 1669 949
1941 1009 796
734 1889 759
1826 949 1121
548 167 1934
1602 120 2247
1995 2134 2177
897 1350 177
1578 1680 1690
1988 775 1086
1451 2111 1686
597 667 1088
251 1741 59
1192 1382 1703
1568 362 399
1972 21 1777
1658 807 1007
912 462 1221
330 1523 833
1178 632 1966
977 1865 2194
1754 1602 1964
925 1630 699
1432 1740 1854
1982 2027 191
1597 1987 1479
977 1865 425
127 568 908
534 1898 189
925 245 699
492 20 122
1503 228 438
1688 1779 441
664 2034 1991
77 1892 1120
1477 1480 521
1829 1755 1464
857 131 1308
408 1258 1078
1316 775 1086
1754 1964 1901
437 869 296
977 2276 2194
1980 267 1405
130 124 802
40 701 1814
1900 144 586
1075 1698 1320
2002 946 648
1887 2228 2255
1692 2206 105
1258 1078 871
991 925 1630
1645 565 792
1560 925 245
1755 1326 1464
729 339 2275
1585 1971 612
1949 1250 1243
2072 947 1934
647 1952 66
1568 776 399
667 1631 1575
106 1639 2113
1256 898 525
702 1705 816
1635 390 329
1533 1967 2182
278 207 1019
294 440 1943
883 1352 1375
858 1203 877
1594 1949 1243
1672 1297 1261
1439 1043 529
2007 261 2039
727 2257 220
2051 1910 458
954 1665 1407
132 734 1889
2286 2123 1572
333 918 573
89 1576 1322
2280 1785 1230
607 1143 1227
482 1828 2141
1931 1406 1499
1518 2038 537
897 872 177
1645 792 1257
606 2165 2123
662 1575 1654
868 158 290
897 872 412
1176 749 951
437 2043 1463
1187 390 995
437 296 2282
77 647 1952
1611 1142 1653
2051 1910 2100
556 129 505
508 1502 1943
1505 817 1096
1751 1380 833
1505 206 1096
1178 1141 1252
1251 1074 1606
542 420 574
2262 866 88
90 1205 1736
1585 1198 1853
397 701 870
1694 1561 1589
216 444 381
1192 1703 64
77 1892 647
1836 784 72
455 749 837
1518 1412 2038
1412 2134 2177
556 505 1893
1658 520 367
1444 701 1814
1635 795 1774
565 792 1394
1980 1405 910
2189 1367 8
2262 1068 88
975 1484 515
132 1877 1889
2051 1583 2116
1602 120 1964
1682 888 1558
373 1740 757
161 1751 1380
0 1385 185
1963 1525 58
373 1432 1740
1239 1292 2273
2262 2172 1068
818 1818 1650
408 859 1611
19 2217 1018
396 2117 885
883 1352 120
727 1348 1287
2221 1480 521
143 1687 118
1988 775 485
1136 599 480
1448 2194 1856
154 846 1256
2140 1836 72
130 198 458
606 693 1881
2017 2178 1390
1607 818 1818
306 1045 136
408 859 1078
397 1239 731
461 2272 1991
1431 361 748
1474 1451 360
542 1739 1729
857 1612 1308
461 2131 1434
1451 1686 360
1635 795 390
130 198 802
158 2122 1151
1053 17 800
19 2217 276
1141 1252 2214
127 2178 1790
1925 2281 637
2002 84 1996
646 1240 1202
1187 795 390
2002 560 946
1694 1639 145
1797 238 1042
1352 2247 1071
832 655 1525
251 948 1361
1064 1874 91
107 109 1460
1192 640 2028
892 686 1568
729 1136 858
1365 2180 1146
1900 586 919
1097 1951 1921
1852 325 563
1512 2217 208
62 1578 1680
143 1664 118
990 1062 1407
1439 449 1043
1045 136 288
646 1787 1346
729 1136 2275
1627 1176 70
2007 542 1062
1136 2275 480
2007 261 420
1251 1338 1679
232 1105 1455
606 2123 1881
1432 1854 743
333 573 1404
980 941 1858
77 1120 731
1610 1054 675
721 148 980
1694 2153 1589
2195 378 1258
251 173 948
34 1531 485
154 1256 898
2280 1089 1230
467 1455 1786
161 1438 1292
756 1688 1779
154 846 543
1239 1292 870
2216 2195 378
556 129 845
2007 542 420
1192 812 64
913 293 728
607 2036 1227
157 1196 903
1431 748 1511
89 1576 806
321 293 728
217 1553 2035
1352 2098 1071
662 820 1654
878 2108 1376
1267 34 485
1169 650 398
1560 671 1303
556 16 2125
1380 1523 833
1743 1779 319
445 1990 57
1890 785 1390
664 907 2034
461 2272 1430
686 1568 1987
397 1239 870
461 80 1321
2189 949 1121
1474 719 360
1743 319 113
1448 2182 995
1852 1185 209
1627 78 70
77 1239 731
2010 1682 888
729 905 858
244 615 143
1797 238 479
2216 378 2127
462 1221 1441
1852 563 209
1949 53 656
40 1814 1908
1949 53 1625
251 1884 1035
961 1890 1643
2280 1089 2099
1598 1273 398
655 1525 1435
664 80 1991
1512 208 904
1198 1705 491
130 1409 2137
1988 1531 485
1178 2010 632
1055 2200 63
882 2148 23
461 2131 1430
1767 1067 60
799 1763 712
461 1434 1321
896 1707 1104
1610 395 675
975 1974 515
1826 2216 2127
599 923 2158
599 1203 762
490 1931 1499
2243 1160 2036
1996 1611 1653
1980 1251 2057
2280 2099 774
556 2125 1893
251 333 1035
1067 1219 2077
182 1553 9
2137 458 1272
1448 1967 2182
161 1751 1438
0 1901 513
1160 1484 515
1683 814 800
1187 795 995
294 1502 1943
1168 81 741
33 811 2105
785 2178 1588
364 26 196
148 124 791
1448 795 2194
1692 1143 1661
2243 1160 515
2243 832 515
1630 46 231
1484 1636 2157
1053 814 800
1900 1790 919
132 1455 1877
1974 48 633
2098 1449 944
748 1612 1
961 364 196
281 1067 2077
961 1890 785
607 1692 1143
1503 1056 958
892 1163 471
556 1249 1671
396 78 163
2243 725 655
2172 552 1761
727 2257 1348
1601 1245 1410
1974 515 806
461 80 1991
251 333 1404
556 16 1249
1560 925 1303
405 1492 811
1669 886 1874
1169 1598 398
1817 857 1501
782 2213 743
905 858 962
822 990 1062
599 2158 762
1817 1967 1647
2036 16 1227
1610 1819 395
0 185 513
1795 833 811
2000 857 1612
664 829 907
1704 2 1680
1275 1055 63
609 217 1553
1826 638 2127
664 1698 829
2280 571 2159
975 1484 2157
2063 1683 814
1585 107 109
1533 1672 2058
1053 17 866
357 638 2127
782 111 2213
109 1460 1360
721 980 1718
1431 60 1511
2000 748 1612
127 548 1790
892 686 471
1795 33 811
2007 822 1062
1503 1056 438
1053 197 1209
396 1221 2117
130 2137 458
719 2281 637
1320 1702 1723
1683 2264 592
1233 2148 1956
991 1630 46
1205 1736 59
1620 1205 59
1692 104 105
1105 132 1455
1887 2255 634
1743 756 2090
1672 1297 2058
2001 592 740
686 2176 1479
84 1996 1653
1694 145 1857
1770 1887 165
1492 833 811
2172 764 1761
799 1990 1763
2243 832 655
883 1245 410
619 65 1567
1980 1251 1679
1817 2000 857
1692 1661 104
1474 719 2281
1365 560 1146
1767 2286 60
1770 1887 634
46 1534 2222
607 828 2206
1431 60 1572
109 1705 1414
725 1249 1986
62 1037 2221
1718 476 237
715 1057 685
1669 1874 91
607 1636 2157
1974 1576 48
2221 1161 1145
1900 548 1790
1075 1320 1702
1512 383 904
445 1990 914
1698 1976 1091
991 46 2222
750 1840 220
106 2113 151
1594 1645 1257
1694 2153 1857
2172 1368 764
2098 884 966
396 163 1221
1601 120 1555
807 1102 1007
607 2157 828
1102 1007 1591
2172 1202 1775
1226 1168 111
896 1992 1104
1007 1591 2162
1139 444 381
896 615 1992
609 1553 9
1037 2221 1582
2172 1775 1368
782 529 743
896 244 615
1718 791 1234
1854 529 743
1739 2113 151
2221 1582 83
975 1974 633
785 2178 1390
1743 756 1779
607 1692 2206
1743 1677 113
686 1987 1479
715 2102 685
1401 2264 1774
2002 772 1146
1202 1346 1775
1990 914 1763
1739 1729 151
281 1865 2077
990 1935 1407
727 1840 220
2098 944 966
1743 1976 1091
1935 1665 1407
1448 795 995
1401 1240 1683
1275 1981 63
1743 1091 1677
1658 134 577
883 1601 1245
1658 134 367
1967 1647 1672
2243 725 1249
883 1601 120
2243 16 1249
1053 866 197
1226 782 111
1275 1365 1099
2243 2036 16
2280 1381 774
1275 1099 1981
62 2221 1161
1275 86 1947
646 1202 1346
878 2108 381
1226 1168 446
619 1865 425
2001 591 740
1974 1576 806
1401 1683 2264
1401 1635 1774
721 1718 791
2280 1381 571
2001 936 591
721 148 791
608 936 977
2286 60 1572
608 2001 936
715 446 2102
1401 646 1787
1533 1967 1672
1098 892 1546
1607 1947 614
2002 560 1146
184 1139 878
608 449 1567
619 977 425
1585 1198 1705
1645 1314 898
1839 1718 476
1139 878 381
1401 630 1060
2 281 1865
1594 1645 1314
1401 1787 630
1585 109 1705
2 1680 65
1401 1635 329
1401 329 1060
1839 980 1718
1168 1336 446
1607 818 949
184 878 1546
1233 882 2148
1336 446 2102
1512 882 383
878 1546 162
619 2 65
1233 1512 882
1098 1546 162
619 608 1567
1607 2189 949
619 608 977
619 2 1865
1607 86 1367
1607 2189 1367
1607 86 1947
