1635
1726
1908
2818
2634
3091
3000
2272
2545
2088
2909
1817
1636
2817
2726
2182
1452
2819
2087
1727
2998
2907
3182
3001
2544
2816
2635
2181
1996
2273
2455
2270
2999
5185
1543
1816
2179
1907
2180
2090
10645
8552
2546
2091
2810
1544
13011
3273
1904
10281
2906
2910
8370
2454
2543
2000
5276
2719
12374
1909
8825
12465
2901
2727
1818
1453
12647
12829
2362
1995
9189
2089
15013
2537
11919
10372
1999
3183
2720
1906
2269
1633
1541
13648
5367
5094
8643
3084
2908
12738
1815
2541
3546
8824
1814
2815
12010
3365
1632
3364
2360
2708
8916
4639
1272
1890
1724
9371
4548
10918
14376
14103
2632
817
9007
2709
2086
10554
2636
2725
1451
9280
3272
1900
8279
1997
3456
1991
3089
908
2902
1362
2990
1631
13921
2981
999
4366
2996
9098
4821
8734
3729
1981
2453
10099
3452
14012
2989
2905
2345
2178
3271
3362
2798
2364
2617
14831
4093
2982
2361
1811
3085
3638
12101
1810
10736
2363
1980
8915
3092
12556
2268
2811
2359
2799
1181
15286
2718
3545
14558
3910
9006
9461
2254
13830
1545
9370
3361
2723
1090
2991
8733
1902
1905
2728
2813
10190
2161
1901
3088
2071
4275
2080
2353
9369
8461
1979
2900
4091
9552
1990
1989
1454
2450
2807
2717
1540
1992
2540
2542
9279
11009
4000
2979
2628
3820
2343
5003
2994
2812
3086
2889
2800
2085
2978
2627
14649
726
12920
4730
2707
4273
2809
2261
3363
2808
2888
3090
9460
2534
3175
1629
14467
2352
2266
2072
4184
13557
2890
2618
3269
3274
1723
5458
3360
1630
5366
2267
1812
1809
2814
2262
2535
2797
8188
13102
3453
907
1721
2992
10008
1722
2796
2356
2173
4182
2160
2615
2629
2626
5093
2891
2616
2899
2452
2264
1982
13556
9462
1889
1903
2084
3083
2625
3174
2170
11828
1720
5457
2706
1978
9551
10095
2271
1361
2355
2070
9917
3065
2162
4457
3181
1888
2887
2446
3176
2980
9826
1988
2253
9553
8097
3911
5546
3270
5089
10735
13284
1634
2435
4999
2621
5184
1725
8642
13192
3909
635
3547
2358
15104
8278
3455
10185
1813
5548
15012
14372
15377
2354
5454
2344
3266
2538
13647
3357
3172
2984
13739
4092
2721
4817
2451
2163
4001
3082
4908
998
3173
2903
3268
13466
2171
4907
2159
10277
14828
9097
13193
2714
3541
10094
2249
452
2985
2898
2987
3178
2705
2265
5090
4274
2526
4998
2983
9005
2081
2613
9644
5363
725
2177
9278
3542
10644
3359
3454
3081
2536
5637
13010
1998
3449
2069
2630
3072
9735
2619
10463
15650
5640
2176
10642
2342
14463
3632
10733
2801
2082
1719
2525
4365
2977
13465
5002
5455
10003
5275
2257
4726
3544
10462
8006
634
2986
9821
14830
3247
5639
12373
14466
3087
15559
2436
3180
5730
2886
3450
1363
1993
11100
544
12100
2614
2522
13101
2997
543
12282
816
2079
4815
2712
2432
15194
1887
2341
3179
1628
1718
7640
14285
2710
15832
8187
12190
10004
10186
12464
1538
3156
10553
12737
7460
3451
8551
10280
3358
10189
10550
12096
2433
5728
3540
2172
2164
2803
13375
3171
3448
361
2711
1271
10551
2704
1983
10827
10371
2610
2792
2722
4725
7823
358
12283
4183
540
9824
2347
2165
2892
362
2611
5545
9096
2524
5818
815
4724
14098
10002
14554
2073
2883
15285
7551
9188
2348
3633
10732
14099
2904
3267
3539
2532
14462
1798
10276
14557
13555
8025
7642
3631
3727
179
7641
2795
2256
10641
8369
5727
2250
3161
2713
2539
4364
2075
5181
180
2523
7731
7931
14375
2804
12646
2252
2974
10460
8004
7839
14827
10826
7838
15741
2988
8021
2349
4543
724
11191
1994
3154
3636
2637
3155
269
3429
360
7930
5183
2258
3071
2620
2431
11008
2716
8022
2975
4181
2445
5365
7929
12919
2444
14553
8460
5456
3630
2976
9911
2631
10182
5274
2340
3543
7843
4544
2251
4633
2527
4911
12281
9643
2430
2437
14645
3167
1977
14922
2434
2715
3073
14555
1542
8186
633
8914
4995
2528
4912
14740
15376
2623
3538
4002
3597
3724
8020
3070
542
3159
3265
8112
3250
7934
3262
3075
2633
3720
9550
7730
1180
15103
2429
9730
5092
4816
11282
13373
2530
2350
448
5364
3080
5272
2339
3078
2533
2169
8096
4997
2351
15010
2894
541
2802
3447
3356
5731
11737
176
12099
268
14556
12555
2263
2443
11918
3170
11646
12192
3811
16196
2083
2521
13374
449
9820
11373
14371
15195
7925
3152
2806
88
12372
8111
12189
2531
2259
2519
5547
10000
2622
4635
14648
4363
3908
7550
8024
3074
3245
8026
8093
9909
7652
1820
5819
14647
10459
7728
5910
2438
1708
10007
16287
7834
8277
7561
9639
7842
5001
3177
9999
3066
7467
14280
5362
1539
2174
12280
5729
2995
7653
3818
16014
10093
7456
3166
2884
2068
2724
4820
4818
3069
12191
3354
7457
9642
3337
3506
3057
4727
7651
3058
450
9913
2967
12095
3505
3153
2428
7562
3728
632
5638
2805
14737
7458
3157
4904
7841
7470
2701
11827
89
14465
8302
9641
8017
8392
13283
2346
3637
14736
9912
4455
3077
3634
2702
2612
2794
1985
6368
12008
3239
7932
10091
10098
10090
8023
9459
2260
1089
10278
2248
9187
7926
265
10367
5822
4456
7376
5549
2893
3068
5088
3240
14644
8015
3076
11464
7933
8094
16378
9368
4903
2166
5086
2969
2247
7648
3629
9818
5180
2168
7822
9734
13825
7468
7472
6095
4996
270
3169
451
7832
4819
3249
6459
8660
2167
10370
2885
7928
7365
10184
4090
7455
3635
2687
5821
3425
15923
2074
8661
10096
5271
7840
9916
8106
10001
8482
177
3812
9908
9825
2793
5087
4722
2518
12009
8019
3352
14284
8110
14829
13464
1449
6277
7821
3168
7547
7752
6003
7749
14646
15009
3417
7751
8201
8393
9729
7650
7924
10822
4547
14281
3326
3259
356
2624
3519
2175
2730
4906
7744
3690
7645
14282
3258
14194
3151
12187
8301
4452
10549
7471
8659
1000
8190
4638
1797
3687
7559
7912
13920
9732
12094
1898
12004
8478
9003
8483
4728
10181
7377
3355
2609
14007
8115
2529
9004
8018
3781
3537
1910
7835
15101
3446
12188
10183
11917
4632
2448
1984
7844
10180
359
9822
2338
7375
3244
12828
7644
9910
14735
3998
3872
8391
7649
7748
10368
3416
2093
7935
8197
3160
723
1987
2092
3248
3816
7729
2078
3725
7727
3163
7545
3428
8823
16105
8569
1897
174
1641
5913
2789
3721
11555
4634
7833
10369
5451
3996
9817
8298
7923
3427
1976
4723
7911
8109
10461
5909
3691
3336
5726
7379
1093
5358
10823
8185
3508
8573
3263
8207
5544
7747
7364
15011
9640
266
3414
4180
14739
2076
2357
8288
906
539
8387
3061
7740
2255
7657
12098
3162
13828
7466
7837
997
2520
9998
8107
2703
10092
8108
7742
4909
3415
2971
3165
1707
4545
4272
10917
7463
8095
8292
9727
7927
3815
15283
1183
1956
1891
7366
8002
7558
3164
7096
10089
10272
3999
630
15468
3422
11099
14008
3600
8003
5453
8395
4905
5911
13733
3516
3260
6000
1450
2439
5177
8114
9731
1638
13282
8751
8099
3158
7563
2993
3814
9819
7745
3063
8118
7654
2337
7546
3426
5000
3351
7380
10731
9728
8204
3349
5182
7560
7819
8209
453
5267
8101
2517
8104
8014
8570
2157
5091
5273
7275
7915
3325
7750
5817
2896
8205
8105
2879
10006
3507
13646
1459
9277
2593
3509
2973
10005
2502
8116
7637
5820
8574
3596
8484
4729
7913
2275
7369
2158
4362
8191
8575
7736
16377
7553
15467
9907
722
8488
3148
3418
10279
8282
15193
12370
9458
5357
8211
13734
3149
8399
5542
4814
3819
7820
7826
3719
8281
8100
8655
2684
8379
2548
4636
11372
14100
7554
7454
13737
8293
357
1091
3628
8289
7557
10273
4813
7655
1683
15831
3330
8203
1911
8196
9186
2895
7469
6186
3599
6822
3518
1819
3782
8195
2001
3512
8306
13915
13824
8184
2246
3994
7186
8295
10825
10364
86
8206
7639
15284
8005
5541
2686
14283
13554
864
7936
1734
8489
13826
8291
8383
1799
13917
15192
3335
8296
6090
4546
6002
1359
7658
13823
355
10363
8568
2274
8294
3350
1595
5636
9367
6004
8103
8477
1637
3333
11281
2638
3353
1824
14101
4910
9091
82
3723
10552
5084
8300
12279
7831
2138
2427
3064
13644
7836
2449
5359
8297
1735
7741
2696
7004
9183
8386
8485
8390
631
5450
3421
7367
7922
16376
3059
7185
9816
12097
10640
5912
2882
7378
8027
13822
8189
7403
8009
14460
8034
2608
11736
5266
2966
4902
7273
15008
11914
2098
3535
2881
8001
1546
11645
14464
14004
8120
7564
2788
9094
1001
2729
1370
8283
10274
3817
1092
3252
8286
9638
9725
1886
2596
8013
2279
8490
2002
3536
4271
15374
3813
3780
10455
9092
721
3608
814
8732
6092
7734
16286
2972
2697
8394
85
173
9276
5085
8388
8397
5268
7276
3150
1504
13738
1413
2607
8200
8368
8479
3533
8933
8476
15558
2442
16371
10547
7921
10097
2878
6641
8117
8473
2790
10271
8471
9915
3242
11371
4631
11190
7739
9021
8472
8299
7480
8199
4454
5179
8842
9733
8402
2775
8580
1821
4812
1627
13372
8287
8563
271
4453
3513
955
5
8841
2097
3251
7549
3821
2456
10188
2077
5635
5360
8664
14552
9997
14826
3870
3995
2505
13281
1729
6094
3515
3233
7572
1733
5633
3778
3610
1547
8840
7473
13916
3997
3440
10643
15649
1808
7845
8214
3445
7465
1892
9093
8378
3695
14917
5175
3611
2875
5540
1182
7827
13371
7247
10824
10179
8308
5176
1276
8749
10187
4994
8113
2595
7571
10088
9182
7287
7390
8389
8372
2276
3722
10365
7647
2787
2547
7372
3689
1986
8380
2096
8481
12006
15739
7462
3332
7286
9947
5448
6089
3241
7552
16013
15007
9126
8276
8396
10548
8202
8474
3067
2187
7746
8843
3243
9217
9128
2606
1777
8016
8382
7818
10915
2229
3255
9023
8919
1642
2784
178
16372
8280
267
14190
8931
2323
8932
5908
12005
3424
9308
2414
8401
3726
7453
7943
8486
8475
909
9914
7917
2912
4361
8576
10639
2325
8930
2007
16194
9127
7636
2183
7494
9124
2604
8748
2411
8752
9815
7910
2699
8839
7585
5999
8373
9548
1369
1551
8119
3688
13735
12003
8577
3431
8384
7853
10637
4993
14096
8304
7289
1728
8290
9022
8744
6914
1686
2006
9296
1730
10730
6
5634
2866
7909
8303
8745
8493
7918
2371
12643
9089
6913
1774
10734
11554
2876
7543
8562
16074
2185
8208
8035
9002
3341
2365
15830
1596
8572
7277
2605
11098
2700
8579
14459
5178
8671
8400
14919
8838
7944
12463
2777
8125
8487
9478
3253
1975
4637
8662
10362
7548
15922
3993
7404
8469
7476
3606
4720
15892
3430
2066
7156
9295
7916
3912
7743
7851
3444
5361
2603
9090
14003
12371
1617
1368
2426
7003
3331
4721
12461
9184
7656
15983
6093
9112
1455
1643
9095
9181
8029
2511
14006
6276
447
8464
1796
8307
5998
3323
8750
7676
4003
15190
96
6180
264
14825
3869
1776
7495
9009
7566
1550
15801
7659
16294
9634
1273
7938
2639
8849
2868
5907
2959
3261
1139
3520
9001
14374
3442
6184
9401
9823
7338
1460
3867
1270
8581
9111
9033
2140
9905
1823
8759
7660
7825
7313
8925
8480
9386
13732
9113
2156
9457
7388
5449
2189
8215
9213
818
7556
4089
78
867
3960
7555
16281
9948
10458
9583
14189
9034
1644
8578
3906
7586
822
8285
2370
9310
8492
7481
16375
9204
10456
9637
2278
3338
11003
1410
14738
9305
3062
9036
8398
1179
7847
8667
7391
8665
13918
7754
14277
643
13280
9216
8761
9035
13369
15102
8309
9214
7738
2820
3348
9303
8912
12007
7567
9125
3264
8571
8498
8668
9464
3992
8924
9218
16104
8669
1184
14373
2688
8837
3698
9201
7461
13643
15740
7374
10130
13191
8945
2441
6001
14643
1274
7474
2067
9019
7322
3873
3334
8928
8210
9304
9397
9477
9294
8658
13919
7284
9307
8944
7942
2143
8012
8742
8216
8377
3327
263
15619
9010
5631
5083
2440
8000
14094
9766
2516
10038
1822
1231
11094
3732
7361
2508
8741
97
8758
6823
5543
958
733
8028
1358
7544
7288
9387
5725
8918
4541
644
3718
9673
8459
7598
7363
9037
8124
3641
7848
1899
9220
8317
640
820
8833
3517
2698
8832
13463
9306
823
84
9215
9015
7824
11463
12186
1865
14550
8828
8408
9212
3700
8656
1228
2515
8836
3810
9636
8850
9114
1366
172
7496
9857
8567
9374
15891
5452
9724
16195
12554
4540
9122
727
9211
2142
8385
9123
8746
9219
8407
15100
10131
10546
3692
3246
14458
9185
7565
1277
2821
2786
1825
957
16374
2144
9393
1232
7371
2049
1594
1456
7733
8943
2598
5632
8566
8470
3235
776
3901
8491
2417
5269
728
7381
14370
7285
7475
9395
9291
10270
9678
7920
8311
7382
6275
7852
732
7732
9205
9726
8310
7389
1364
3339
15375
9635
8848
7195
731
2785
8852
8929
7232
8946
905
749
1365
8583
1048
9492
7482
3964
13730
9465
1322
3236
1049
7661
3822
8565
9016
9949
10638
2462
10729
3441
8672
4
3786
5723
14549
6458
8762
7198
8940
15566
9121
10821
1137
4901
4542
8033
2791
13553
12553
3783
12827
910
15466
636
7337
2970
2957
10454
8091
9180
1959
8747
9373
4992
2897
7520
9493
7849
7405
9858
7638
7692
8947
6550
2869
9394
7769
3627
9385
2457
15648
682
9549
3913
7830
7197
9110
7479
14920
3961
3904
8499
2094
9020
8371
7414
552
8670
7193
11095
9668
1360
7689
7418
3344
9906
7413
14102
12736
3340
2447
7246
7290
7726
8098
7510
8923
3256
13368
15800
8564
13912
9578
9584
2694
2232
1553
14368
8851
645
8376
9302
7753
9856
8305
7231
1974
9487
7393
2184
5815
10037
9282
8589
3514
12278
9109
9946
8550
9309
87
9200
12002
16373
9996
1503
7274
3443
14732
16103
551
7503
9579
7643
3876
8822
6929
3342
7595
8192
8757
10039
9292
1278
7394
2880
7
8226
8584
2326
8853
13827
9767
12644
8582
9814
8654
9032
3060
8827
9669
3639
8561
7451
3532
9833
4052
7362
4810
3693
2968
10058
3779
10087
9024
2416
8030
8760
7157
8826
8651
8213
10835
7412
3784
3324
9569
3254
1321
8829
1916
7321
8927
8854
14011
1050
80
8920
4084
16366
98
3257
13821
8679
1002
2597
7314
9484
7312
7573
8755
7489
1615
1356
8939
10128
914
14921
8680
16289
1917
8374
959
7939
7646
2155
99
7095
10129
14461
16198
11004
9197
3550
7251
5174
7342
9396
10178
1736
8323
9400
3003
2877
2778
171
8194
9388
6777
7504
9202
14367
639
1885
7783
9950
9038
7019
7452
12645
7701
7828
4811
6748
865
6867
6975
13913
9399
6686
7430
7937
7568
5265
9311
736
1501
866
7107
3534
9031
685
7678
3697
9674
7387
5724
9486
7358
10366
1275
10057
8863
7360
1088
1512
8217
9491
591
7298
10545
7575
3609
7281
7110
9011
9398
6974
9030
10457
10361
8126
9587
3345
11826
9293
15475
11735
9392
15385
7109
1230
9210
10269
9966
7846
7519
9000
8675
1871
1795
7224
3907
8275
2594
915
8771
1962
9764
1616
8233
9679
734
9768
2099
7817
3731
7252
3701
12734
1187
11185
7464
7677
1685
735
1140
3717
1868
8193
3965
7223
641
10036
8688
16295
8092
16284
13366
7766
729
9479
5812
9759
8121
7601
1914
8232
8032
2280
10127
7662
7433
8942
95
15476
8051
819
14823
11189
9555
9925
6271
7796
6091
737
16012
9283
8862
7767
1645
7485
9568
7594
3232
8769
9191
550
11186
10914
3594
14641
13100
9577
3343
2053
15567
7117
6182
8860
9742
10913
7208
1687
8663
4054
8227
4242
11915
7018
3603
9130
9203
7761
7196
11471
7267
7486
10453
7222
6648
1717
354
8500
8652
8182
9045
9855
9106
7675
16275
1640
7975
1896
9924
8318
3002
7449
14734
2415
8414
3699
11280
8657
646
839
8674
7574
6183
16283
13829
8375
13461
8198
15189
7542
8324
2005
9209
14730
12552
828
8666
9192
7611
16167
7587
6639
11472
9854
9402
10275
8941
3144
15281
4140
11651
3141
3094
8590
3510
8409
1554
8008
1893
7576
3785
10820
7199
9859
8403
9588
8314
15465
2367
3531
7221
9488
9543
16185
7477
868
10831
10916
9389
825
9834
9008
9100
8951
8917
1552
15987
1113
7434
3048
1915
2425
2047
9483
9967
14095
15710
9497
4004
8870
3457
7497
638
15348
7857
7704
1884
7768
9659
8948
8494
188
11561
8316
15658
7297
7702
9633
9129
3432
9383
730
11562
9556
8212
6838
2874
2141
3966
4059
9196
2413
10149
2911
8676
7094
7478
9225
11381
4270
6928
4719
7945
9102
9585
7884
3423
8770
7855
9107
10394
16348
10015
14642
9223
9041
3640
9945
8462
7429
1913
11005
9120
9489
8585
553
9108
7570
9136
8641
3789
7859
7428
7385
8856
5539
6753
7854
7829
7602
14278
8010
11470
7026
10061
6732
1783
7483
8779
2642
1912
7400
3054
16078
8753
7155
3963
9463
8597
6883
9675
7065
7005
9391
8404
8228
7580
8497
7590
8650
10563
9403
8653
7584
9575
8961
1047
6882
6739
7484
1357
3702
1731
5356
7500
9926
1457
3877
16367
4149
3549
169
7206
9375
4087
10220
9576
1639
9301
3914
8934
9485
9101
7874
16184
3694
911
8410
9582
10106
750
6839
10834
10635
16285
3548
9018
3458
7600
7188
9567
2463
8219
5270
9570
7873
15384
14366
8855
8231
8312
9860
8763
16276
7762
9315
9765
10107
10544
6950
8036
2424
8123
9406
10727
1279
8911
1732
15565
9672
11290
7941
7343
15165
8736
9676
8586
8765
9482
6821
9670
14916
2599
8415
6930
2459
7795
9680
8505
7200
9476
5447
6181
8953
7612
14279
7130
7889
9404
7505
7021
6185
9290
3968
9646
7146
3329
7187
11007
3612
7579
10813
8319
9042
7020
9222
775
2602
9480
2231
7856
7339
9769
629
9014
7946
9017
7301
3971
9382
9052
1463
9581
1461
8861
2010
1372
8038
7947
10059
11097
9133
11912
9300
9297
7581
9135
11380
7524
8673
8756
8405
7850
7383
12825
2366
548
8954
3093
9652
9941
5903
14186
4143
1918
1705
9832
9546
13731
3366
7794
6776
9494
7569
13278
3696
6746
931
8031
7248
3275
7006
9827
16369
7111
15528
7499
7066
8834
7300
3626
9314
6837
7315
76
5721
9405
1794
7402
5816
9298
16293
14005
9039
2549
1806
10745
7756
7007
15988
7948
8952
6521
6749
10836
1096
9105
6738
3056
9224
9923
684
7591
9454
9927
61
7194
6793
3604
7785
16290
7521
8506
16076
9942
7303
7725
13728
6794
7356
8740
12277
3905
15557
7323
9496
9547
8772
7682
3602
10925
10832
8
7201
1021
7886
3605
8588
7409
8284
9040
8141
6973
8737
7858
1874
2234
4507
1894
8495
2050
7227
15437
7140
11291
14551
1881
353
15802
9143
7919
8764
7271
2320
14193
8041
15527
1716
8183
5813
9667
9554
5904
7940
10923
2419
9573
3008
9316
1371
4178
10744
7782
7292
3969
6926
16274
10655
9876
8367
10393
12918
8413
9490
10474
7577
8011
7419
9312
8681
7861
8313
2826
10197
7694
9115
15541
7758
8844
10041
642
1185
7490
10819
10564
7703
7397
6915
7093
7299
7450
2553
100
10653
7064
9384
720
1694
9851
11011
8846
8122
9918
10636
9372
7132
10924
6480
9044
9589
7951
9029
2328
8136
10746
7406
7674
10218
1960
2825
8496
7395
4325
4150
1784
7509
9132
7507
2008
777
8559
9691
7737
8835
370
11913
9134
7459
8950
9198
1186
13638
16260
1373
9574
9289
9969
1
8677
14457
7691
8678
1876
6884
6792
3875
7765
7039
4333
4086
1715
16299
11741
8831
7522
9227
9645
13639
13370
9763
14097
1875
9741
2146
9586
6594
14733
7398
6948
2051
7786
7291
15647
16296
9274
6842
4185
428
4360
10019
1958
2689
7683
9651
77
8501
14191
454
14093
15474
10150
9466
9390
3147
7202
1869
6661
8463
9566
8587
15738
7757
12642
10833
7392
10728
9119
7588
9474
15197
7105
3730
11093
9875
7670
16277
7610
7578
7717
3503
6647
6795
916
9131
5997
11110
1785
7613
9366
2643
16349
8949
10726
9928
7899
6830
9407
7118
1239
8689
7665
9919
9838
637
15257
10032
8935
3967
5905
1867
7633
9221
16169
7967
554
4083
7887
9774
9475
9743
4900
9208
11194
8845
10240
7116
1114
10654
7304
8682
9922
13911
2460
3238
8955
16280
6949
9043
7411
9723
2052
7950
9193
15531
7685
7133
7965
4179
15436
11200
6702
3899
3184
2965
7435
7679
1965
9970
3050
8857
2916
7115
8322
7370
3346
2960
6667
8406
13910
1602
10086
7673
9456
4049
10105
9179
7040
8055
10198
1780
79
7016
9325
3874
8056
11379
7491
7017
2961
16292
3276
15921
9771
13729
8147
12462
10912
12551
15074
2917
8768
16258
14009
10212
5538
8220
455
3824
9542
2065
3142
16306
546
7373
8320
10657
11742
10043
964
2055
3145
10132
7780
2504
9381
1592
7211
5630
9852
13820
15191
7283
10817
10016
10017
10484
8735
9879
6389
9288
3903
7308
3613
13552
7629
10911
9828
7681
7399
7781
9207
168
6572
873
15986
2510
7384
3
7764
7593
9313
10656
9103
9682
9206
7296
9199
6571
9835
7027
10303
6747
2003
5996
913
9862
2695
1188
1693
9681
1004
6922
7760
4269
6611
1737
10922
9850
9317
16094
7523
4151
781
10126
545
4148
6925
2783
8913
7680
6916
9228
9592
3079
8847
11908
1330
4057
9299
4423
7218
9664
16193
1005
9451
8039
7237
15289
16075
475
8146
9565
1203
1604
7667
16101
7127
16079
7024
1967
3790
8433
7770
1505
9770
6595
7015
9758
1556
7408
16288
7860
3237
11103
6843
8465
3809
7541
7614
1422
6866
7131
2186
8142
3234
3607
10750
10724
16257
11644
12460
15288
11184
8315
8053
16199
9760
9873
2734
170
8859
1709
4239
8773
7307
16259
15280
10743
94
7672
7139
5899
15287
9481
8754
15097
11911
7272
6612
6836
8743
10241
7501
9118
9746
6935
7097
3792
11560
3185
3685
6912
7041
11
8646
12001
2282
13551
9026
917
9660
10110
779
8042
3601
9665
6366
1919
8366
7311
10196
7207
2369
4186
9027
3522
10652
2139
5994
963
14639
8225
595
255
10018
2513
2368
7220
659
1281
385
3347
11284
9365
9046
6685
8135
9973
9836
8560
1464
4628
9
6758
4787
4630
9561
14640
7663
11652
3139
1267
1618
5809
5282
10585
16298
7876
7357
7055
7209
15749
1087
8223
2238
10014
9318
10042
13637
10452
15620
841
2693
7318
6927
9736
10013
8238
6179
6430
1268
1412
3439
11193
4240
16351
10473
1866
6831
3958
7173
10565
7340
7493
8910
11014
9495
9284
9137
4537
1699
10633
6859
568
2058
9965
7161
1603
6577
7309
11104
9952
9320
9509
4598
9470
6910
8766
16192
6412
9099
7103
7666
6886
9580
3880
6703
7432
3511
2601
6745
6958
15530
10574
6775
10921
9837
10199
6754
8218
8412
7108
9839
7106
10360
2640
16279
10060
9658
773
11102
6750
9951
336
6951
7772
6700
5990
6740
10035
565
3230
10575
11012
10920
538
1465
1800
5264
4451
4324
3823
6964
7013
5192
197
6868
8045
11201
15657
10213
15709
10217
10291
16170
7981
686
3412
2191
824
8132
9647
7102
14817
164
11907
7695
14726
9964
7773
7774
10381
9929
15345
8229
15359
9226
7949
10152
9745
8321
996
7269
4332
460
8937
8249
840
7295
1190
7011
83
13641
6957
8102
9829
6931
7410
6660
7671
1099
6835
10919
1192
8858
16187
9590
7582
4062
10309
9190
5082
7141
6921
2692
2147
8936
6936
12
7112
7182
6841
1548
7265
12826
9737
782
279
15438
11010
8224
2506
1098
9498
15346
10215
6757
11199
14185
9738
10064
13462
10385
5446
14824
1646
15659
10573
10907
8230
4244
190
10475
3523
6457
7684
10384
10383
7968
11096
3902
16350
10148
6367
1448
8504
9666
92
144
8137
8864
11181
7877
15450
9904
2322
12735
6832
6844
9319
6733
9571
10302
6947
3716
8558
5722
1517
1513
9270
7511
7615
11469
11382
3321
10818
7431
5173
8072
9773
10200
15711
10020
9632
8938
7278
7302
2421
1046
10543
7699
11192
1462
8043
8926
10062
8411
10
8921
827
262
9761
9657
7539
10108
7978
16282
6649
7176
1095
9025
3808
594
7664
6270
6737
8140
8965
9841
6759
6934
7092
4629
7104
7755
7763
10104
11824
3367
9473
9748
7036
6791
10660
8221
15256
3970
8869
6266
9655
9104
15839
15621
11013
7210
10477
7184
7068
11538
10905
1319
15470
7136
6829
258
3879
5373
691
6976
13642
2512
10147
1097
7596
16208
10485
7604
10747
7625
9861
14822
7050
1022
690
8328
9145
9501
7908
6362
6504
1331
8037
9591
2244
6887
1447
16215
186
7204
11283
11015
2100
7386
15006
7250
7416
8468
11089
243
474
9562
187
7488
10584
8050
11916
1288
13367
11473
7705
15099
9944
11563
7669
1112
10055
8237
8778
1793
10111
9557
11831
11087
4145
2063
7030
10926
9788
7502
8591
8129
6272
6704
7954
6548
4088
1282
13276
8164
10121
9747
10665
9650
3521
6752
11289
10290
7980
7249
3807
347
12369
463
9684
1242
7976
9931
8420
15255
8150
7885
9744
15632
7792
7498
7038
11650
10996
1706
11910
9273
7280
11288
5810
7952
4424
9028
2647
9840
1006
7119
153
7396
3438
6576
10562
838
8592
3052
11298
7268
294
4241
15439
4142
14983
593
8329
7344
7279
11179
11653
8507
4058
811
1601
549
7784
2465
9379
10056
13546
6849
9275
477
15196
10931
8416
6573
15371
7129
9694
9281
10151
7266
9376
8999
9229
555
16278
7964
4498
4316
9560
9787
4056
7012
6390
10122
4354
9452
16090
10476
6485
15748
2963
6265
6668
7113
9677
9138
15005
8731
7589
10243
7718
6924
10382
7863
7771
4513
11033
7890
1790
1269
7359
14915
16301
1374
7487
2552
12916
9784
10906
13819
10753
3882
5991
11022
7294
7270
6666
7592
10134
4572
8467
0
15379
6819
9600
6273
10451
246
1779
16343
15713
9772
2148
7401
10725
10909
6944
10742
9499
2283
503
10239
11830
10031
2048
956
10634
14365
13190
9661
4331
8458
7914
4991
8044
11536
6479
3624
16121
5814
280
14369
9751
9455
16302
6938
15829
6481
7327
9593
2870
6274
12459
9013
6848
4497
567
13279
16207
3989
10830
1961
2824
1692
9418
1424
16368
1920
9693
10112
11648
7025
7512
4147
4538
14918
10495
7008
8649
4627
8767
10542
8134
6923
3791
2329
11109
15269
1323
6834
7603
10103
10471
5992
10722
7042
2
101
2374
1805
3051
8821
6662
7219
502
9380
6520
16168
7525
11740
10658
3990
6358
7023
10293
10332
547
6825
11111
656
6756
1003
145
10632
3434
9194
6657
7213
15372
16077
6911
6413
9648
7098
10815
7120
15834
7022
7862
1883
5901
371
7328
11829
6640
2153
15656
7319
4055
11105
6665
9785
16186
15166
4094
7630
7028
15618
3437
5720
8058
10740
4416
9564
11553
9572
15258
14
1873
10908
11202
7962
7777
346
6701
6939
9974
7205
429
16073
7236
5717
16093
2239
7069
1333
10040
10904
1008
10292
7121
9953
7128
1138
11815
10664
10814
10631
59
9563
3898
245
11021
12917
1295
4005
462
7190
1782
660
15743
10195
9545
8130
5808
1420
11832
15982
55
10123
7775
15622
960
4060
456
9864
6751
15920
8040
9472
8596
10483
7706
6570
11374
7049
4174
5900
9972
16206
11020
8138
10023
6395
6959
5629
7735
7203
10767
10930
11468
8598
437
1009
830
16251
6663
10837
9056
8240
10153
3435
4176
8502
13009
1094
2466
9943
9968
9048
5283
1964
2918
3420
9756
6361
1712
7014
10206
10305
14729
10386
7617
7900
16124
9511
9842
15529
278
7217
8149
6656
5355
8503
2555
10588
10942
10289
409
1007
918
10021
10201
8783
6860
15268
10910
1511
599
6847
7070
446
508
10494
6858
569
7686
9654
8326
13
10586
198
1598
10395
6920
14002
7869
10009
6850
6840
9750
6429
4177
16214
2056
1100
7793
11738
8128
9653
1204
9995
102
7883
9775
3788
10219
1458
6946
4514
2277
15910
9602
10225
14818
10472
11088
6977
8158
10840
6087
4809
9831
7492
54
8059
826
11195
10739
6088
6940
4718
4335
6556
7872
10567
10109
8554
6937
2057
870
6659
6642
461
16165
7310
4589
7159
16201
7043
9955
1197
261
9236
427
9544
8274
16029
2550
11292
51
8683
11446
7447
15435
8963
7044
16291
9940
8738
364
9116
8555
7216
1411
6796
9863
9830
10194
6833
384
9697
9740
9140
8962
6643
6824
9671
10851
872
9411
8253
969
7341
9656
16342
10202
9230
11270
8593
337
9878
7228
256
7616
163
369
10676
6972
16002
16261
11923
2281
1105
3787
9921
8127
7871
11921
14276
522
1367
5021
16347
11092
4330
774
12012
16209
6082
3881
1600
9410
9848
10841
2867
155
7599
16212
16107
10566
9757
9877
16241
6945
7134
5060
15477
16092
7035
6173
4450
1807
16210
6933
5811
10156
11462
16197
8466
9142
10852
15188
9749
15183
7799
10307
11447
9683
1237
9847
10829
2827
9467
7634
1334
412
6744
9883
1966
9237
7427
1970
6569
16117
6174
191
7508
7953
14183
3551
10478
10587
1695
11124
5191
10306
16365
15347
9853
920
16181
9471
4243
348
4353
11276
7158
9882
9920
11329
11214
64
7687
11127
10387
8139
237
7724
10065
3055
7037
1605
6845
93
10674
7979
2334
7126
11090
16183
10283
3525
6687
1189
6979
16108
14275
10951
6731
4663
9469
739
6357
6730
7632
15833
1696
7317
16095
9938
13736
9813
3878
6364
10570
4051
7293
7214
7001
11206
8046
7864
8151
372
7707
11922
1606
15343
10380
3714
11784
1827
2644
6321
7759
7868
6549
10748
7626
7234
9849
8162
7446
688
8684
1266
4515
7238
1055
4697
11207
7982
9330
4317
14635
2420
9117
10268
9051
4355
11743
16300
7517
1177
4415
8960
9234
8052
4696
5537
15378
10287
7192
7778
1287
10749
14821
8163
11208
11559
11218
9649
7215
1537
520
5906
2373
10102
8241
10216
2235
10666
5555
9195
9880
4234
11552
16119
277
7368
11001
3368
15564
1968
9541
4754
3433
15803
10723
15631
4588
3419
7977
9238
352
15662
1515
4096
10044
146
4499
11034
12102
10124
5719
10858
242
2458
5294
10843
10842
15838
7320
13460
6715
8774
281
9662
9329
10193
3625
12152
10760
6857
438
601
11125
9148
6734
1106
1647
9696
10335
11115
15380
4187
16166
5718
6356
10741
11128
9606
9378
9146
11739
7607
6755
10860
6467
10765
1178
13277
15
14908
254
81
10373
6503
11196
7143
192
6728
4449
747
8047
16216
12153
5190
7306
7816
6264
1191
7992
10192
16088
7955
11205
321
6575
10177
15568
10997
10679
7443
4146
6961
14636
5646
1229
1023
16252
9846
9321
10010
167
1419
6081
7407
6658
10304
7175
2690
3143
9755
9930
4328
4207
647
7540
11659
10932
8144
10033
56
11226
16191
244
7888
738
11215
8956
11180
6741
7902
8556
9139
4080
15540
7999
7230
10100
7048
1870
4171
10223
11101
459
7189
10761
15253
7212
6664
6820
7029
10288
16297
14184
6558
4481
11116
11833
11297
15999
15532
15925
1418
8073
91
15840
15360
363
9047
7534
7225
648
2237
5112
6582
9782
6176
16188
10492
8644
11734
7226
6655
4061
10770
11086
6885
657
2335
11647
16150
4053
6502
10816
1555
11383
2507
12150
10568
9054
9144
4248
8048
4173
10066
11285
16030
7865
10115
2600
10012
15747
7668
15542
7991
7960
9327
10113
7891
4315
930
10677
10496
434
5993
10242
10398
13459
8595
6941
10493
10296
6610
1243
10297
9323
8133
105
6673
7797
382
195
10238
10965
10946
2193
6388
16120
9050
7114
9502
6637
1423
778
2412
10661
9954
10286
11002
2915
182
11308
566
4238
3900
6846
10205
189
10569
8647
12149
15358
10022
3623
7052
7002
9322
1198
1826
8222
152
11119
10137
11044
16305
11041
4172
655
6743
15985
7708
10998
9287
11317
6557
7101
10244
14273
4095
9141
10659
11642
11909
4849
14548
63
14998
15623
7355
9420
6411
2009
7526
11825
14634
7054
7183
556
2509
10030
14816
8071
3883
6880
10877
7698
8423
10758
5120
7583
14728
90
7538
8594
14892
16332
5081
11537
8875
15752
175
6456
4506
11330
16303
11006
10583
7316
8049
15893
4969
5464
7254
9409
6978
10863
2464
9752
11558
15163
16033
9865
10839
6337
15984
7984
10848
7716
6953
11378
7892
8922
8381
10392
932
15344
4278
8640
15003
13545
16307
6574
10331
15742
1101
8874
8131
7084
4225
10939
11217
1801
10875
5203
4536
4430
5374
8830
7879
9412
16091
72
15091
5210
15805
15712
4153
10511
6482
9722
9231
1895
473
1054
8739
15440
10295
6881
1549
9762
592
10855
14192
5113
15177
11106
10203
16182
9416
928
16370
10678
7229
10856
1175
7983
9739
11117
7809
15000
829
6684
142
10752
10675
11204
10838
7535
10755
10214
10402
9147
6486
10670
6862
1328
10769
60
9932
14891
334
1052
1710
4788
8775
7959
4237
3793
2151
1379
11813
104
10757
10125
6593
6428
14982
3614
7956
8865
4327
8181
10101
7135
611
1416
7122
9408
7034
9057
12148
11056
10947
11036
16202
7776
10784
338
6086
288
10486
272
5737
7606
6932
10764
5902
7086
8957
7958
6175
1421
368
10933
8820
10497
6828
3972
10388
11209
7895
464
14725
11370
16164
9328
15895
15997
15755
349
7804
11123
53
10861
1060
11216
10692
783
13727
10396
342
919
1828
1697
17
202
10601
1514
15714
10246
7172
11649
10995
10024
4085
439
11019
10845
10428
7305
4445
5554
8866
6083
457
6555
1880
9663
9937
11445
10561
16102
11042
6339
7893
1879
7693
10859
6484
10927
10751
9603
4422
3598
10571
10298
8787
7790
692
7789
10487
10651
821
7325
1143
11112
703
6394
8331
14912
15897
16273
7125
11239
2372
10226
4066
1510
373
16001
2503
4749
4339
9933
1414
238
3777
6009
7957
15373
10754
10114
15275
9421
7174
16003
7046
11296
12185
10768
15661
7045
11037
7415
15185
9500
9049
3844
15471
9232
6854
9450
10876
10999
1280
18
6613
3529
7800
6322
10310
6768
9512
6338
6742
12011
4605
9605
5628
9359
10663
10828
199
6654
10146
882
15998
10228
14731
10812
1329
10662
3806
7506
10397
13189
287
11814
16211
15930
16106
10047
6996
9267
13640
6010
10582
253
4604
10941
15939
6769
415
15267
8780
9956
15469
9874
1145
11628
1775
600
12093
4930
5100
15282
11240
62
233
6172
6431
500
8553
6547
9324
2240
1711
7336
6770
6391
12241
9233
7138
2062
1147
10359
7137
16032
4662
476
11032
14633
11038
4751
10155
2011
4231
11355
4606
16026
1426
335
1788
10783
8069
10772
10510
3715
4408
14914
7171
4298
2551
609
10400
10314
232
11198
11748
1698
7722
10011
6080
6729
6267
7031
11875
8685
14456
15184
14187
10576
318
345
11029
4426
6320
2641
7807
4512
16123
9939
3896
11749
5627
10680
5898
4419
7802
196
151
7063
9783
8143
14010
16027
6952
10207
518
14999
323
5211
1141
11241
7010
15924
15753
15178
10063
11085
9360
11607
10224
7178
1502
16304
4931
6262
10308
10419
10602
1196
6650
10721
15333
351
7608
10482
9934
15086
912
13909
16334
9364
15449
11332
9268
10405
147
11025
6447
10541
5465
689
7697
16364
10330
9971
10759
2514
612
11271
4847
10811
2330
7091
4265
10589
6853
740
11356
6760
2145
6551
4840
10498
15919
9884
4770
11016
968
1018
3805
4082
4369
10945
6171
10555
2964
4679
14632
8868
11187
465
10045
10116
11421
7875
5291
10470
11132
10850
5204
4302
702
4425
11188
4932
9754
273
2691
10464
7160
15001
5372
2095
431
6870
15931
9419
5028
11306
1355
283
6085
2061
3642
4264
13365
4389
185
6674
6956
11658
4236
10766
5119
11000
11318
260
4208
16344
6466
10480
3991
10374
6178
10491
9361
16162
4262
15722
8418
7263
9881
8871
3186
7083
350
7154
10379
7866
4444
15089
6954
6340
11113
15754
6653
10849
4245
4152
1778
4758
7448
8878
11136
1200
8090
1524
141
419
11266
8776
3530
965
2152
329
10154
16022
8007
11540
14637
16096
11028
11551
6608
11424
10085
11135
15198
6587
6627
324
746
341
2149
6804
8070
193
10119
6269
4865
9239
8707
11375
15570
11091
11182
13099
6011
13818
154
10878
6861
1701
7798
10294
10204
10577
328
11126
15744
365
1109
8165
6448
11150
4421
7067
7810
14727
6230
11108
11018
8342
1878
8417
564
7713
14001
521
10046
1240
10222
4786
11408
10844
6624
15926
16118
10029
9753
1738
4334
7963
5392
11120
2733
12013
3006
5302
6268
14541
15096
2781
103
2418
11785
2004
15938
11818
14909
9515
4263
2958
11027
9453
9053
10738
9468
7788
10210
15556
10673
8235
11377
15451
3935
2375
4336
11040
7527
3005
16331
10646
1142
8145
11722
6487
4478
9285
8234
7099
383
108
3915
10118
7177
751
10994
9272
6246
10406
10556
4446
11570
9844
7444
9975
6359
284
9503
11299
509
6980
4539
16345
10628
6360
11452
9790
15075
10401
3552
9866
4297
8872
10488
10028
10423
15349
11386
250
2913
7867
4356
14819
5920
15894
14638
11045
5200
6855
7047
183
2780
5995
1289
8687
842
2101
11331
4570
8966
6552
4117
11222
9601
4065
4683
10133
5807
1327
531
8236
4938
6888
10282
11118
10560
6449
9698
5029
8273
15176
15907
15383
16203
5385
3803
11030
10120
14188
10404
16010
8332
430
15708
15890
4023
10864
11422
11287
6638
12550
6669
16189
10786
507
3095
10943
4114
2646
14450
6263
7894
7516
16340
8883
3146
1176
15434
4753
10647
10954
6249
1108
4116
10399
257
2190
7445
9510
3328
6452
10301
3053
285
4120
10958
5030
8335
15254
247
9692
12823
6851
2782
11333
4940
780
4155
6478
9789
6678
6764
10557
4750
1061
5611
15252
6578
11362
1803
11277
2242
16272
16089
748
8959
6865
14907
16116
7513
10774
11733
4006
15271
1689
10338
12824
4268
3987
4447
16011
4748
10874
7878
11268
745
12060
11286
9415
10334
16031
7420
9791
16190
519
11269
9286
16
10667
235
8325
10737
16179
15630
10853
9596
13914
441
10866
598
10649
9413
10337
14913
3975
6441
10211
6778
8067
1714
11197
10694
6101
11387
4569
16100
15259
6714
7897
71
4509
2336
7324
10668
10136
523
16346
7346
15660
7085
6652
4626
11541
15274
75
11220
1017
4211
10966
15480
10027
282
15092
4878
11514
7700
3621
8514
11817
5647
6177
6522
11376
6546
436
9269
4568
874
184
4154
4081
4157
6943
7623
4624
1235
10157
343
11177
4491
10378
9558
15663
11212
432
16161
6483
12151
11876
11426
11031
374
15929
11213
458
3871
1019
1385
8327
10034
9559
16363
7627
6564
3897
11279
16028
15073
3004
8549
10333
10403
1380
1787
11295
11265
15339
4329
4303
15362
11046
1057
6680
10375
4925
15909
5536
14092
8696
6790
3645
11423
15090
7536
1613
4694
1691
11219
15098
6392
7245
10430
10938
4834
3956
15186
231
11175
10578
4839
11657
15463
658
871
10429
11121
4406
2154
11660
11557
8964
11721
6798
106
9843
7352
6718
181
6355
4134
7233
1148
6672
7421
15837
6779
4495
4313
11275
1144
1626
10284
7147
4326
15981
4135
16087
837
16070
344
11569
15180
927
6589
11224
1571
7715
1324
7515
11242
4743
12328
15539
16115
14997
9055
203
15105
9700
15751
11176
7801
2423
4027
289
10940
6688
5665
1325
1059
11272
6446
10862
11700
10519
4608
6628
9358
6104
11388
10581
259
3933
3936
10950
14906
10248
11026
10968
11227
14274
7145
6699
11043
1236
16180
9786
5829
5430
5975
2554
10967
10903
10867
14455
922
15004
9994
6856
10693
813
904
143
6231
6363
7437
10928
11450
4660
6084
11278
535
16379
4680
3776
74
11877
6538
1283
13645
11267
6351
5832
14542
14910
6771
7514
8697
3099
327
3619
6863
5521
10775
4063
1434
2243
6789
15095
4190
9377
15179
194
11210
878
11147
16114
13726
5923
1792
11515
16213
15828
7124
11747
10669
6873
4418
5263
11035
6065
7811
14723
10949
11316
5199
15932
10953
9594
1480
10336
4480
3463
5575
73
4407
3704
10944
6588
4359
10648
15182
12368
4794
10558
10756
7033
290
8075
10426
4351
1149
6679
6797
16256
14815
1509
16113
1425
6623
15937
15525
1150
10572
10630
4659
6765
2822
4535
15942
3663
6763
5756
4121
2779
6806
234
480
275
4771
14802
6629
14359
15835
6442
4937
10696
14091
6248
1971
14182
6354
3884
8908
15278
7057
4936
7635
1294
3436
14543
7985
613
414
10427
5919
4398
8909
1020
4877
6497
160
4210
10465
8972
3973
5794
11389
7426
15721
877
7087
11467
11512
386
4695
3620
11114
10285
16200
15365
11238
13550
4850
15906
6583
10450
6889
8873
8340
4661
10684
4842
14620
8645
16178
10517
921
7720
15181
107
10067
11750
274
15002
3962
10771
445
8457
8515
4586
10420
11361
10247
10468
1056
16360
4593
10313
10857
12238
8419
11178
5703
11122
7422
161
8054
15625
10376
3683
7787
16021
10956
11966
3703
11511
8867
6533
2685
10518
5376
10785
7993
5979
236
5989
15815
6365
1265
249
379
5828
11223
11293
1516
4482
1536
418
11335
4064
10671
10537
4212
10466
9062
10479
5757
6955
6581
12103
11359
15368
6341
10929
5792
11307
11539
13454
7813
12059
9414
649
6919
4625
5108
6432
10229
1621
11017
15847
9012
16253
741
4939
7609
10955
9597
4479
6247
15841
13456
6644
6698
9424
3481
10467
7533
4312
6298
14000
10952
14996
286
1802
10603
11148
7123
787
381
11879
4404
8616
11474
15534
10135
6519
10490
15908
4990
12055
4138
6942
5382
5020
11699
4299
7881
527
380
15616
6917
2732
10422
9936
1607
1102
11698
11039
4115
15164
3662
794
11535
15715
15848
4667
11107
16271
5295
5121
3712
8424
1085
3934
239
5467
5736
7253
227
6767
4099
6207
8692
16112
7262
11839
2872
15094
597
7631
15521
11084
5016
6761
15088
10209
11971
10695
15248
1614
7690
10117
9423
15617
11309
10650
7901
13364
11516
11243
3773
433
52
6019
148
11973
16240
15093
4188
140
11420
4443
2645
6852
4442
230
11409
7162
10773
2962
925
6586
4428
6157
3865
9506
4233
5463
14801
6069
13455
65
11174
10391
8777
16004
16270
529
8686
4841
15430
8255
10481
5716
10025
10520
15478
1320
4774
6408
15624
6387
12061
14437
4417
5106
11358
339
11048
10446
13363
7179
11608
11786
4484
3096
11449
377
16005
1415
7970
11360
4029
687
15342
10208
7696
10787
15989
4501
6407
5974
6100
4757
9504
4209
10158
11838
4337
11151
11823
7082
4612
4028
5747
7903
13549
6717
16204
10521
1526
9793
16262
9695
3841
10611
11878
7081
3459
8074
322
14364
5281
3918
4657
9514
2823
57
15361
8244
9792
6677
7779
4026
15524
3713
6299
14894
11400
15429
3804
10299
15242
836
5847
1804
1963
10026
12915
1753
4879
11273
10720
16243
7814
2739
11133
793
2192
1291
6568
8176
5381
5645
6772
3190
14904
9976
9631
5194
11294
5702
12058
9063
10854
13544
10957
5023
10902
6396
11049
15168
2731
7808
8648
4935
6210
4591
9869
1704
11451
5338
4759
5101
8511
6681
6353
8057
6705
16111
15357
6525
4008
4390
291
5520
4067
7149
1152
8604
5978
6872
16149
15799
7971
109
7148
4397
6536
4030
6537
6890
4580
9235
6454
4206
4486
3277
6518
4338
1476
5293
15273
10559
7714
6774
10609
7282
3682
3794
4025
14710
110
1111
791
558
15633
4843
4216
3140
11211
9688
4603
229
12154
4658
3643
10191
8060
5059
4928
3098
15973
14814
8698
367
4391
6584
510
4144
4518
11305
6499
8085
15996
12057
5666
15533
4219
3097
4517
4576
2914
4314
1110
8971
6105
11920
7032
5738
14995
14528
8605
4716
10315
4844
15561
4246
4036
4577
15087
15448
4024
6500
8958
4224
16205
5445
4698
12237
1194
6596
293
9885
10221
926
7870
15543
14619
3795
1238
4393
1781
8790
8508
10501
16097
200
4249
7791
11264
4571
6494
14994
1754
11407
7907
6465
6491
16081
10539
10538
7806
10612
4405
10245
6706
1663
5022
16341
8701
11694
7329
1477
15162
5172
1285
15652
6342
4860
5110
5834
12242
15817
2333
2245
5742
4752
4837
15473
16109
6206
7898
6014
7345
7995
15707
6646
10311
4119
4399
6102
1688
4489
15646
8792
3894
14451
471
534
6297
14893
16122
4511
6493
3842
6864
11225
10763
10592
9780
557
14544
10936
16024
6409
1662
3735
869
11334
11556
6013
973
7987
14724
6651
16072
6156
10762
15846
15905
166
413
11604
966
2331
6992
6826
16353
15479
4400
15899
10300
411
1467
15085
15169
5031
525
5379
15845
5247
3750
1388
7191
4279
11697
12240
4924
5656
7882
11972
1702
10469
884
10937
7180
4846
5835
440
962
15260
5107
6444
4494
4899
6675
15526
11568
4597
165
11203
12732
6352
8422
10358
5848
7153
7709
705
16000
15706
4223
466
10610
4368
6160
10377
10512
11696
3939
11465
10969
5015
7163
6805
158
16160
5833
1507
3710
11023
9867
330
11501
5918
1972
4746
12063
4078
933
3711
11461
375
1014
4131
10776
12245
5885
6103
596
3390
15651
10629
10522
6301
15615
15569
3885
4256
8243
9685
42
4715
5354
875
15612
4575
248
5884
15544
11149
15270
1922
9812
7974
11790
11057
3049
4848
4567
4621
4677
4488
6670
4427
15888
6897
5883
8083
4158
11304
5289
3187
3528
14709
11131
14454
5887
14903
4490
10328
4678
9776
13275
15106
13056
472
4673
15522
6477
10389
4717
11693
4666
3849
6580
6116
5391
5122
1973
9154
5111
4124
4409
835
10614
6971
6024
4784
5229
6534
11964
4226
12420
4485
4386
11751
6211
8601
4582
6735
9609
5837
616
4229
3774
10316
1593
6304
16064
10683
2735
11513
9242
15750
325
12064
5202
10500
6501
6020
16152
11152
15664
15819
3895
7071
8334
11139
1417
4833
786
15366
4477
683
11134
1146
12243
4898
792
14547
12146
5477
10425
4864
10339
4318
15433
10810
3800
14905
505
6671
8693
4306
16163
15933
4230
10579
13147
10847
15936
14540
7181
276
7330
10672
15555
9333
4587
7966
13547
12184
4215
6393
6434
5831
3751
11369
3932
9518
9245
5201
4496
6208
6445
467
4217
5925
9845
4388
4941
2150
10340
15364
12873
11970
7056
5300
8781
8967
5248
1015
3976
4169
4358
11363
1104
13055
6590
2738
7989
4500
11047
4590
5793
2461
9332
1882
4534
4125
10230
14524
420
5657
6302
5290
15520
12733
3681
1151
11453
4861
5099
4476
15991
1174
6609
15928
1199
4684
6319
4429
10993
6261
10048
15814
11244
744
5473
5197
5574
6410
1469
15571
5626
12062
7904
6676
3955
5018
16254
10424
1519
1201
11129
11517
12964
7062
15716
9686
14529
1025
11791
1193
15604
8880
9699
4392
69
700
6300
16016
1058
5470
10409
7335
11924
4664
6121
7442
4247
524
9604
15453
1296
12419
15914
3755
4346
15879
10515
6158
10084
14813
1619
11425
3988
8695
5624
11230
7532
1608
7255
15261
3616
16154
6229
399
10719
4807
3595
48
3940
10319
6697
4460
1703
13238
366
8557
6067
2054
11968
15804
9516
1830
8784
11448
1789
4320
13007
15249
13512
6535
11460
10407
1844
4671
4118
14800
2103
3592
4773
6766
4076
376
15797
12239
10604
10432
320
1470
5482
6498
7880
4043
13146
6762
3686
4132
7812
13542
5384
43
11399
5715
2873
10590
2736
6626
4579
4700
7261
5298
7243
961
4222
10051
4438
7239
5103
5472
10523
11130
1877
11354
6495
6120
3709
4516
5922
6516
6426
5288
9595
9065
13636
4775
6981
7053
4308
1446
6808
3705
6296
10865
12510
1195
4122
4411
15272
14449
162
3188
4602
12246
8548
9427
4304
15158
8082
11605
4769
16171
4100
6773
309
7994
4394
6707
14546
11466
9336
16361
8242
4502
1292
5939
4968
4863
6066
6318
5286
11564
4768
6303
8084
6490
10489
2188
11183
15818
6427
6539
1525
15250
16339
3618
6579
6565
6625
10948
4258
8148
6614
5838
7142
6113
9779
390
9058
3802
4437
9778
6343
8881
3553
6989
4214
13008
16352
3622
5393
4352
14911
378
5429
3796
15653
340
15842
6433
11695
6998
4703
2241
7622
4403
1739
3460
935
1051
4319
8152
10139
5212
3413
11787
11701
7058
2332
10697
8513
10868
6155
12014
9241
4573
6879
470
7073
10540
5285
10613
11050
6592
4670
6209
11609
7624
10718
9957
4691
1740
4321
5066
1845
743
6496
10935
11311
10499
8173
16248
7072
6028
11720
4510
5755
417
16071
3527
1436
6492
1520
4934
1969
2556
49
7144
6896
11059
15455
5827
7969
14438
5741
11083
4620
4838
6566
9903
11704
14805
6425
8425
5157
15562
7264
3644
5748
10591
4267
15913
15187
3864
4046
10237
10267
9505
7688
967
15279
14981
58
5655
1567
15266
3504
7334
12147
11390
6443
7605
14984
5758
2060
11880
10320
50
5377
3974
2648
241
8061
6401
7440
10795
4808
11357
1611
5914
4459
7425
6212
15452
10312
6532
15911
11571
6799
4927
7621
15896
7618
13329
2557
15157
2871
4402
3846
5931
5380
8786
252
10682
10580
4521
6016
9363
11643
16338
11606
15363
2776
6713
1649
5480
8510
4213
1665
11631
1597
10959
416
10704
9935
4431
8974
16058
6402
506
10681
6349
6993
15431
10227
4042
4668
4487
6489
11602
8879
4682
4401
9607
6966
12157
10431
6876
704
5383
11788
8330
6523
15635
4783
11603
563
14545
11384
12782
5534
14360
7537
661
6461
9868
16264
8272
9777
12051
6597
4600
10516
1389
3938
5652
11274
10408
614
12692
11746
4261
504
13635
3937
16155
7240
15695
4601
4652
4623
5924
11543
11310
9993
15338
4133
6260
6803
3572
1557
4156
4205
16015
7164
5929
4532
6995
8166
11796
8690
139
5010
5483
11060
6398
7896
1116
481
2321
15160
11478
9689
11819
5198
13453
924
9608
6030
15107
1208
7803
4876
4483
292
15167
11969
7972
10138
4259
5700
6899
1053
8523
11793
3886
10329
831
1298
6918
15723
6553
5474
11967
12065
6591
15336
14711
4792
6967
7441
5576
1103
4309
5921
1831
9177
11263
4929
5612
4533
138
11397
6193
4310
5388
5743
4277
4578
6909
11024
6118
784
9687
14178
3524
3501
5839
6350
11499
501
11655
6228
8365
5301
11630
6455
1016
4300
11314
10175
10703
11315
6719
1481
4079
7961
3591
11300
7078
4692
1664
7423
6192
10627
1829
15334
7100
5019
6136
6782
5479
10433
13330
1383
1206
4040
2829
12156
16359
942
10606
6567
14820
9540
5069
11627
13188
6963
5840
6440
2104
5550
4669
4805
1437
11313
1010
7986
10317
6219
4845
4897
5928
6029
4756
10705
12601
8062
1610
4260
11404
7628
1786
5564
4439
251
6460
11565
1041
5977
15251
5386
10702
4492
883
10141
6259
5987
1299
10605
15442
5319
4519
6515
7051
13458
8333
11820
4218
8427
4221
10176
15424
2064
2105
6405
10809
4175
7235
5846
479
5109
11792
11654
7597
10356
7354
6585
10390
4033
16255
834
4933
570
7996
11173
5746
9357
16249
15816
8517
10410
6406
1466
11319
4946
9721
9517
15974
5156
9507
8081
333
5024
10318
11542
15159
6114
4166
15844
4167
8819
15655
11794
14631
13922
4307
16020
7998
4529
4790
4762
4139
15978
1433
4806
4387
8606
3848
14812
11661
5565
16268
1336
9335
5519
15634
4170
6220
15151
11518
7721
8789
517
7905
4193
1846
9156
15611
11705
12066
1012
8169
5744
4581
11172
6025
2014
7417
11662
5296
15175
1241
4301
742
16098
4077
15980
6252
16034
8998
11138
6450
16023
10249
11567
8364
3708
622
15806
6622
4350
3985
15912
6994
8089
15786
6616
5118
6991
6200
11301
10879
10321
11479
11303
9794
10794
10992
12247
4294
15076
6683
10265
15247
4396
3943
12159
5017
11816
7242
15756
14271
812
1107
5209
5410
10934
2422
4880
15545
15935
1528
4227
7244
9598
6869
15941
1378
4676
11396
9702
6399
5571
6047
4830
15979
4039
6788
3986
5027
8639
1376
4130
6907
3733
5701
6424
12193
16239
12067
10513
6137
4866
3231
11061
9356
7170
6374
14925
1011
6606
10887
3322
9271
12965
5292
970
8788
8599
6505
4311
15513
11245
9337
10140
400
5623
14722
4204
6251
5242
10790
10685
4610
3571
1756
8161
11881
6414
9630
4522
8079
8254
14881
4921
10447
5849
10701
8607
10174
10323
3660
1326
12783
1573
326
7060
15560
6109
11795
3480
2195
5205
12276
14926
4855
11822
3891
5570
5625
4882
15077
4952
11566
6404
5664
785
7259
12875
5394
5339
11364
11498
1755
5065
6202
4220
3752
468
7424
3754
1033
14363
6119
6232
6309
12155
698
7619
11834
2059
8239
6895
6874
571
1297
1648
13237
6048
15626
16172
201
15456
4530
5196
11702
6400
16151
12068
15603
6645
1346
8882
6376
5791
6138
4613
1791
8153
607
11703
16025
1244
13999
1064
4884
4113
3845
15889
5114
8252
5610
11812
6809
4047
8610
16063
610
1117
10524
490
16006
4922
9519
11723
11477
13905
3615
7151
15156
14980
15426
11928
6983
218
15645
14181
7061
1377
6310
4701
5105
14272
15904
602
4772
15972
15293
3855
11886
3760
1435
11732
10536
10901
9871
11706
8970
6970
4348
14358
4859
4022
5930
5823
15386
11320
11137
11475
4136
4957
15277
208
11427
6064
11885
10846
15464
5976
4137
15746
15629
1284
4520
10233
8699
1026
10608
425
8426
561
16177
10514
3799
6117
15454
6250
4255
6227
532
1572
11481
6893
9901
8973
4441
8178
10068
4031
10900
9425
3946
11140
9513
5484
16069
16080
7074
5443
11336
1523
15934
11629
10594
652
5501
16110
2327
1506
10698
15427
14362
6875
8975
5518
4493
10502
10324
15995
4340
15518
15425
2324
5025
4322
5230
1290
16017
4764
4619
6375
9902
5195
11837
950
8782
4097
469
4975
12602
15070
13378
11394
1207
11405
7906
1479
12233
15970
6736
8700
1118
16267
11883
13725
6997
4128
9060
5012
10449
788
45
3887
6079
6292
15462
3753
617
10503
7990
851
929
1375
4165
4780
621
4755
7089
4126
16019
4926
4276
5653
876
4681
10796
6554
7436
560
13236
4583
1382
10232
11153
9244
7088
5926
4592
4649
879
13148
4561
15725
16336
5389
1847
298
10699
16159
4021
136
2102
4395
796
9246
9155
15341
4257
4168
14087
9151
6139
14896
16009
3851
8602
5409
14346
4607
9610
3917
6969
5882
800
1872
1332
10052
10788
15422
11058
5299
4875
9061
15554
976
319
4347
8608
12731
3617
3921
4796
11789
8524
10448
5160
885
10888
4714
13986
13362
8345
833
8076
5806
11974
6696
7166
1558
11836
923
3931
5795
15788
6607
4789
6026
3370
11228
6615
4073
15071
1390
3847
7333
10607
10250
654
3462
6306
13328
4164
14979
4550
2737
6031
3892
6111
533
5068
6708
1286
4372
6106
5704
11082
6063
14890
16250
5988
11155
1153
11744
6682
6191
5824
5754
15335
11656
14895
618
8969
4873
5476
662
6170
15882
4974
10593
1428
3684
1700
6517
7711
14347
4791
6070
4785
16082
7719
8167
693
6283
12141
1527
15019
1354
7723
9429
6397
7152
5067
1065
11610
7331
6078
5287
15883
15369
6077
5026
11821
4967
11611
10050
12054
6453
12874
859
3757
805
4528
7260
4295
8080
1923
8087
10791
14721
15798
14268
4874
6898
7805
4280
7332
10266
15170
5915
4048
10341
6802
5535
1530
16263
9701
619
11544
11154
516
149
15724
3863
41
1337
7518
1155
9962
5775
6894
6291
10797
4689
11572
3526
3590
19
5749
651
4978
1429
1386
10970
4037
7712
1392
11797
9449
2284
4045
9243
6960
6022
4656
3734
1609
4655
10505
4508
5117
4284
11707
8177
4305
10159
7997
15572
5151
1124
4896
11246
12158
11410
7150
6023
4740
157
6901
5740
4886
934
1661
478
15538
5321
1024
6107
9703
5171
5985
6891
1622
4558
4795
6784
11873
6295
4123
3868
4068
297
11887
3977
9520
9152
4887
949
16354
3952
1444
6488
15694
12000
10789
4266
16099
8077
15992
4044
972
5556
8421
6204
15443
8267
11745
15940
4035
5475
1713
3801
68
4440
4987
47
1154
410
7165
3371
1483
6712
1427
5159
9088
4566
1246
9428
10411
8180
975
13420
11725
995
5558
7059
15245
5207
6370
11385
299
6169
4574
6038
8434
8512
1115
14614
8518
4881
11522
572
790
9331
134
1264
4835
5866
5940
5116
6800
6201
11835
10615
4203
4102
1338
16085
4622
5303
8638
6076
672
13327
6987
3409
11221
7531
6127
11614
9977
6439
843
8078
4585
4475
6514
3664
421
752
15609
491
4702
5938
11925
5658
5104
6037
4976
650
3920
623
14803
5206
7530
9978
14439
15154
5009
3758
4375
12966
5080
16148
1574
9422
10421
3982
6807
511
5505
11719
4951
1620
3461
6962
6965
10886
6720
5378
2230
10792
1471
15243
4704
4710
10991
13054
1612
4285
310
13452
5013
3866
2227
6017
5032
832
4763
15535
11392
11500
4803
11975
426
4112
15078
7009
3573
15822
15916
4611
13924
7710
4009
8609
15441
4524
7988
4955
573
9958
4468
16246
7241
6904
15608
1347
6540
6403
6194
8791
3554
3949
11480
15276
3772
5048
6128
6068
13509
5649
9539
4103
15812
15843
8516
5115
16008
6526
6785
4690
4711
889
12914
1040
11882
6213
13511
10143
11368
1255
11488
1529
204
14269
4385
4979
12963
6386
11612
14804
15388
4747
5663
4195
6314
11626
6284
6122
14177
3852
7090
12323
5687
4836
11613
1535
9153
15918
11432
5986
11618
4767
15613
1205
4531
7080
936
10342
3297
13816
6474
9150
4412
3568
15976
6012
653
6524
1083
1387
15820
8245
9426
9417
16059
4370
5468
5390
5805
8088
5573
6110
5561
4564
8336
11615
70
4831
1478
15823
5139
7326
4074
5796
7528
562
4742
308
5668
15067
12511
6813
15174
8068
5984
5485
1027
6827
1215
5888
8691
4041
6018
13543
6787
1752
15628
4448
4111
4252
10880
1300
15745
6218
6464
11398
5932
5250
11476
7815
10596
10971
1233
15290
4034
5797
5927
7168
8509
442
1570
4793
10069
11063
13724
4163
1432
2194
6982
313
401
11395
10355
3858
3893
14902
6334
13548
7000
6545
12056
10252
1690
789
5651
5667
10083
9448
8730
695
6451
10978
11337
11353
5830
11617
624
15726
4971
5897
10231
2485
16176
582
8179
4609
10979
5937
7257
16068
6781
10445
15515
11730
11724
6599
13906
1247
4954
6878
10778
719
14257
4281
12052
11884
6305
13419
15975
16065
15606
6203
15517
13817
9087
7256
16242
3916
8793
1957
3954
4650
222
15523
11798
5732
11455
15340
15382
6005
13541
133
16061
6418
4466
9959
3579
12092
4467
1937
9992
13908
4562
14985
4956
1156
1430
3410
10889
1335
6509
6990
4287
14453
16269
5488
5047
6902
6258
4032
7347
16156
296
6691
7973
8884
13510
9811
14993
4970
10777
4012
6531
5469
5368
881
8818
4782
11433
11927
797
526
3950
10881
4343
15884
6369
11976
10142
1245
2500
1062
6021
5684
395
4557
4950
11062
5957
15877
6621
5567
10264
4282
4410
9334
6205
16362
4420
6530
10161
5641
4357
496
14168
15432
3859
13018
663
1303
12145
6015
4072
5008
11431
5778
4075
2013
10049
5532
6049
11888
15447
4159
15265
528
8154
5411
795
4712
6986
16086
1833
11406
6636
6115
858
13997
5428
3500
4693
1569
11391
16245
1067
11229
1393
1521
14090
6560
6027
11963
7077
4433
15072
11977
11312
5566
604
15700
1256
4851
5387
6617
11840
1921
15161
8258
6476
5459
3979
4345
11708
15737
15699
3951
444
6051
15990
16158
15370
15244
4674
15084
10700
6317
129
4127
1954
15351
13421
11929
4470
15457
13145
9960
9611
4458
4160
4653
14167
15356
4549
3775
6563
8175
3189
4250
1832
850
9064
14897
4349
5471
1757
8785
13634
8171
16247
6215
15066
9157
14255
15516
16007
4554
5836
3941
240
11403
15666
10322
10343
1381
6373
5559
4675
1132
12641
15836
7351
13923
404
979
4161
5249
4377
6161
11444
1518
6600
6892
1072
8540
1032
3840
4672
3854
3944
10414
8086
1935
6908
9886
589
6727
6988
11526
4923
10706
888
1625
5594
5894
4964
8519
10687
11534
3942
14179
5208
530
1586
4760
3707
5533
11523
4473
11625
3890
4038
4342
5881
6199
12236
6214
11590
4296
3761
4129
13418
1254
6801
4565
10882
4745
15367
4232
3206
12160
9362
15757
3981
5262
498
5562
3948
5531
10357
14166
15885
1445
13199
1684
16125
14088
15887
5123
11483
9612
6437
12143
6423
15791
4665
707
5557
3280
12069
10251
15915
6112
1851
15881
5933
10412
111
4885
12872
5660
1353
4761
11482
13239
3593
11616
6108
605
1658
753
4853
391
798
5320
15381
14180
8600
12509
15461
1565
810
9266
4559
15827
12232
5886
15627
5622
4069
6377
14630
10885
12822
5973
12244
1508
5340
116
15563
11081
9961
489
3798
4283
5661
10884
6153
3945
12781
1352
6999
5804
9720
3843
1439
10686
5569
4854
677
3953
11401
11492
6435
15665
4505
13289
11524
5551
15337
11999
9176
4744
6508
14617
14013
4705
2136
983
14361
8257
6198
14530
5685
6294
11709
9326
3676
844
5158
880
15977
10616
9447
10595
10415
12327
15703
3666
12913
6630
5213
11978
6900
15173
11430
5502
5481
4379
16066
305
14876
5714
10890
3372
217
11731
4827
13907
15614
6075
3763
7075
10977
10597
10793
16337
5560
15697
5496
11497
8359
6417
11393
11588
4944
5980
9159
15821
11727
2395
696
16330
15784
9615
8064
11960
3279
13602
11262
6817
15702
1438
8877
6506
1164
5044
4739
3706
6984
13996
13987
710
6285
3667
5444
1209
206
11619
6716
3487
5774
1066
1394
11491
10173
12693
1522
5850
1443
4648
8264
10798
8615
7169
2409
4228
11710
2590
15152
5713
15547
1391
14270
11799
15900
8729
8428
15459
887
4584
13006
16018
15807
6818
1767
10504
2773
3850
2012
13198
3749
8263
14527
15967
2106
15736
15927
14256
537
6154
11231
680
4251
12050
4943
5297
625
1252
5596
11889
5609
5478
12142
3669
4699
14452
5568
9265
709
12784
11728
1343
2920
1484
6985
15573
6347
1345
8262
5033
14986
4378
5572
6323
10525
15901
2233
4191
15246
974
14014
8363
4614
15428
15795
3679
422
6293
5306
603
5318
3569
4894
15264
5869
9706
4766
314
4525
1577
10434
5397
4432
6905
15350
11434
6968
5841
512
5650
11302
15512
3670
3767
407
12248
6168
1262
303
5070
3826
482
6129
5369
1487
3862
3039
5522
13187
5466
1223
1212
5893
1165
10990
5941
2830
486
312
799
4706
754
3388
1216
435
14708
5128
1468
12885
4688
3888
15472
12235
13017
14086
66
1034
1531
12793
3488
11521
982
1263
8886
8269
16157
1348
701
9338
6124
5037
1473
495
1579
1576
7620
221
9059
6045
2045
13904
5441
6195
15637
6468
6046
11586
536
6605
981
11998
1344
4797
1163
14618
8876
7438
4779
1741
3983
3929
13457
5712
15705
13998
3756
2304
1575
6810
6475
6382
5341
6348
5802
3957
9870
14811
11527
388
16041
11070
387
4471
8456
10526
7167
4989
6471
1760
8432
10413
15291
892
3578
2303
3739
9705
9629
10506
1302
2318
4640
207
5102
5038
11496
12017
11247
11965
13815
5895
1676
3764
304
768
6140
6344
4434
8907
801
4707
4958
615
5803
1306
4883
4942
708
11621
3673
14987
15790
3661
3797
4685
15796
6333
10808
1063
3494
620
11842
11810
12418
216
6006
16355
4828
11632
15718
398
7258
11454
6462
2213
2681
5124
67
606
15444
15704
4291
10899
1257
5960
402
4194
6327
5662
5659
3830
2394
16067
6244
15717
9795
16084
2576
2486
891
886
13741
492
15693
6783
15813
1534
4616
2236
6311
215
1125
5776
11620
8702
12388
903
14714
10234
159
12234
10972
1858
9149
6385
1768
8435
6167
11157
1669
3587
5342
5353
16147
15602
4235
10707
4469
12792
6316
3978
4200
3665
3482
494
845
11156
4202
4804
11519
10883
2682
213
8360
15849
5343
3861
9247
3856
8525
6308
11906
4713
13098
15809
13014
12884
8268
5431
11726
15850
10507
4384
4799
15155
1172
513
12691
15079
118
3476
9521
11711
15421
11641
6559
5896
5442
6307
5593
16312
9066
1253
11525
13377
14785
4011
1772
4888
14229
14526
11961
13016
5138
6289
5241
15794
8266
8271
13107
5750
11782
11428
10799
3009
4832
15519
13814
11162
405
1013
1949
7350
311
16235
11248
12250
3296
11639
1585
4599
12427
4290
2496
8976
626
12104
16220
5579
3281
6711
4858
331
2121
515
1073
7349
3300
3838
4463
396
3738
11801
8968
7529
6871
1080
10869
1561
2948
3115
8361
11874
4893
1119
13274
890
4553
14345
1086
15537
15460
14880
10617
1486
6469
8728
1248
3768
15917
5398
4196
6239
6326
4644
11637
5406
4961
5759
16083
3678
1293
9523
2864
4371
1852
5432
5972
3479
3369
12794
11926
11338
5259
15898
1305
493
13201
8344
5845
3033
4871
4254
13832
5150
4615
12962
4341
11870
13467
1162
6562
11459
6217
3930
15654
1488
3959
13995
14539
8337
941
1304
6313
14267
12426
15758
3839
11435
4641
16060
11494
4918
6438
13186
14623
2667
4288
15719
5412
1078
8455
6071
5500
16329
1075
1123
11342
987
6335
11402
1485
4919
5739
5140
4985
1074
127
9341
16057
3215
3478
5046
5214
1742
295
2857
6039
13013
3770
4642
14720
8450
9240
397
3499
6420
1070
5683
664
15636
559
13474
12070
4852
6345
5462
2765
15720
25
403
11528
5277
1667
12331
1660
1859
1675
14538
11429
4709
3853
126
14059
4829
4965
4862
2298
6384
12018
6604
2028
15069
1211
4464
5014
5935
15058
5034
6811
12367
4070
8343
3984
1079
3576
4595
15387
1668
13108
586
1936
5842
1482
8256
11752
6123
219
16173
15063
3557
706
23
1071
4018
9979
1942
5405
5078
9614
26
3677
316
2040
2587
12194
9178
13105
5251
4802
9887
4953
4286
6050
3672
14629
13291
1042
3736
5352
10325
1839
13629
13057
15458
3034
809
5958
4986
13287
767
12478
220
2828
10717
1759
3389
5956
12926
8449
3477
3680
15352
4765
12477
6216
6282
11529
6695
5061
4560
13632
2591
7076
228
14076
2041
11339
13925
9704
12016
1564
15536
6690
1173
5460
10160
15607
6142
1131
13451
4367
40
5079
14703
11485
6463
4735
14719
11905
2494
984
9888
1568
581
8446
4504
3007
6243
6473
4552
13103
11520
1651
11161
4949
10960
5563
3588
1652
1301
5669
3123
6620
15068
4801
12231
853
14139
14436
15610
11687
1161
1650
11980
4651
8259
10800
10891
16174
1039
5587
2495
8885
2679
2585
1202
443
5578
12600
10354
2212
1157
14966
6877
3391
8168
13053
2388
6601
1397
1584
5252
4563
1121
15262
2856
13380
3124
4197
11341
13600
1472
6278
2771
1261
16144
3759
1656
11495
6162
6159
6544
11688
15083
8261
12795
1953
7439
978
3278
15886
6256
5161
13144
9797
6903
10435
13019
713
15728
2588
9067
3586
11069
11071
6166
5760
10980
6096
9432
1933
13473
678
1562
2772
4892
14015
14967
12249
5041
11663
2678
3495
5375
6329
4645
852
13200
6279
4867
11158
2680
12796
4618
1396
971
5489
1069
3589
14784
10973
2586
8358
5711
6253
13326
5523
3658
1169
6470
3396
12335
6226
6378
12140
1950
13288
11365
12568
587
860
1939
1120
225
16333
5615
5642
15951
1677
4947
802
1835
588
13382
3860
10688
6814
6315
12780
424
131
3387
13630
15546
1210
5350
5706
306
2942
3585
14978
5525
12779
1222
5058
5284
332
1249
12883
13379
1035
9249
1599
10689
12138
488
2114
15729
15355
497
6332
15785
6415
714
2403
5146
514
11979
10779
1653
15826
4382
8265
1771
2297
11051
5434
4977
9248
14712
3035
2863
2674
14448
3295
4988
6245
15331
3411
14810
150
5043
15811
6312
992
16266
1038
15808
13005
1843
6780
1474
628
12324
718
3116
4020
5751
4007
10618
4736
11531
2197
2285
11550
15792
14889
6529
11596
128
11064
1590
46
6130
16234
6561
10708
13723
3496
13784
4895
10081
8817
1670
6510
1578
2031
771
15759
156
2766
1924
11493
11458
5307
1158
6419
1081
1955
11591
11779
697
6125
13104
12925
10344
1842
12329
11487
6692
4741
14628
12325
15353
16358
12107
6710
4984
3582
3947
16175
2404
15698
694
2044
3314
12108
4962
12389
11640
11800
2286
11321
5216
8547
14875
716
13109
10981
4292
11252
2198
15553
1214
5734
11340
11490
6097
1863
5497
2042
943
15789
5934
3217
12871
4381
11141
5577
1339
132
11633
124
5936
11160
6371
8270
11573
9264
1862
857
2015
5499
951
16153
5745
14898
13601
2851
2224
12019
9524
4617
15727
3299
6906
1030
3769
762
11171
11634
3408
15638
3305
5219
12015
9339
5798
9158
1761
11443
14888
13235
6135
1029
2132
3825
6336
10263
15966
2754
4472
5278
2029
3484
6044
1749
769
11530
3125
10961
980
13742
3306
1932
13603
1384
10989
10416
1340
6472
8357
13968
1133
6542
15548
11484
8451
5408
13746
11080
5752
5983
1031
12387
10870
1170
1680
1744
14621
4945
14988
5599
9796
8348
15240
130
2947
13290
5309
9613
5440
2852
14085
15880
14176
3294
15057
5045
11367
6224
4105
15148
14977
5042
1840
1398
3574
4199
6032
9900
2764
8996
8454
11636
10053
14537
8362
14624
4461
3214
4289
14165
9430
11778
6036
10807
13197
4917
12886
2769
11249
2033
1440
11962
2499
2770
4732
1168
1224
4380
392
15993
300
5503
8631
5310
5215
13417
6290
16244
15018
5186
11622
14992
1342
5947
13994
8816
7079
2934
9810
2481
15994
10527
993
4826
4098
13833
15810
16043
224
804
15149
12049
1746
8452
10709
895
12425
4376
14532
12333
10598
15549
2670
3659
3565
9522
5333
5580
5648
803
1925
12229
13383
9538
5524
6543
10070
2387
6328
1938
14089
15263
1560
11597
5170
757
766
8637
8727
6257
6383
5260
2943
5193
1659
10871
4654
3648
1251
11159
6436
4106
848
3737
8603
2760
14105
13052
13831
5261
8636
13656
14799
4019
16311
8537
8063
4731
3827
6527
5613
2761
4050
1171
715
4856
6134
15354
15950
11930
2477
11583
3656
12870
5036
15686
11890
6541
1495
3308
2405
16056
9174
8436
6689
5865
8977
11352
2223
5733
1160
2949
13097
6330
11436
2393
5125
5228
5317
15968
12047
8347
13655
12797
2228
12479
14141
12549
6709
4708
13475
10982
5396
3208
16053
901
2752
4108
2843
1751
5654
3131
5055
3126
13286
4523
4201
3207
4462
10144
209
2313
4825
5305
13508
3857
6225
5621
8997
5589
4474
5844
13633
423
6236
5801
1743
12322
14806
12106
4503
12415
9355
2030
15825
12423
3381
896
15731
5427
16132
11437
10082
13376
3382
12523
2312
12144
10436
15903
2753
5098
5351
1431
10801
16133
11753
16129
3771
4413
8694
11260
11347
4822
3483
125
2762
9250
3385
2120
6722
2858
15514
5127
2206
2034
3386
2661
5433
15446
1681
1213
1666
5169
3040
5588
3747
137
15493
15065
1580
5916
14138
20
1848
5218
8174
8453
759
2580
12690
15701
676
7348
12791
12297
1307
2750
6072
1166
13110
3675
13748
5643
2484
2579
10975
1494
406
12091
1475
12928
2108
11891
5136
5407
3201
6043
1940
15445
5867
3407
24
1532
1655
8630
1750
10983
15153
12704
5153
5074
11712
11439
11869
14715
2196
14357
1533
4890
6131
1314
2107
1926
2955
3927
2221
4981
11502
1943
16042
3032
3475
11440
2860
4010
1084
2842
15420
12424
2660
5314
12569
11507
2207
3570
6221
990
2663
2119
11251
11981
11344
6812
3575
2135
2210
15020
1077
1769
14348
4107
12961
12975
6635
2855
12428
12340
16062
6631
947
2577
13693
307
11954
1130
16265
5304
13813
5349
15692
13106
14048
4948
389
10974
12480
15787
2317
4983
2675
989
12570
1260
1948
1404
6197
16145
14975
11685
315
6254
6074
13183
11959
13747
2853
12689
6786
16038
9707
11456
5155
2408
5336
15082
15962
1395
2017
13015
12929
4293
16314
4734
2572
5707
11438
6721
11351
12597
5790
1258
8725
6726
14078
3122
13384
4323
3291
2314
893
10780
948
5487
765
11250
15292
10806
11366
8905
679
6233
8539
854
2296
2668
8906
2389
16236
3204
15600
3472
578
6816
12228
5064
2497
14901
13565
755
3474
6422
5258
5076
14142
3829
3114
12334
5004
11718
711
214
3397
12481
16143
223
6196
12251
938
5152
15793
13093
3485
11982
3205
13560
15550
13381
985
13184
14077
5673
15080
1499
13563
16325
4071
16126
15509
4972
14713
12298
8354
6287
2944
9809
12161
11713
11532
4198
15584
15601
15640
15969
1861
13293
4109
15332
12044
11052
1860
1028
112
11411
3647
2133
8355
8722
13540
11065
2662
11581
11635
10898
2850
8541
3746
11068
14259
12046
2111
11254
10893
8634
13960
717
11072
13651
3209
849
10626
4465
6238
483
8172
2498
4435
12688
15875
6346
16223
2315
6381
3766
2406
5071
8160
15112
937
11729
485
13049
1857
11546
10892
5851
13959
4781
1654
15172
1234
13559
6723
5826
9798
13834
3045
5077
2211
2862
11955
3213
9990
2122
4737
8543
1315
580
2568
1349
14434
9431
11593
11343
4776
6145
13012
2768
2671
1834
1624
6242
13285
12522
9342
12927
12615
487
11066
122
11672
8448
4800
12326
12332
16310
3113
4141
1587
11595
11671
3567
3216
13196
14232
12417
6380
8794
608
5129
2659
5246
15639
8066
11803
6618
6513
2022
5530
5616
2592
13004
8708
14531
1159
3038
12342
14447
15552
11261
1129
4823
6147
6255
14616
13985
12877
5699
15644
5552
12613
9980
1351
1559
13469
4526
11933
11079
12139
1403
14512
2023
13182
1952
2208
6237
807
6187
5134
2946
3762
8542
12887
12656
977
808
5404
16335
10253
2407
12790
10071
12706
11689
8246
13051
671
14702
4857
4798
14106
10976
2749
13869
115
15777
6035
806
11067
12508
699
13185
2226
1313
4383
2020
12741
13812
13513
12117
5982
2861
11802
1678
2204
3041
3406
11589
10781
5223
13657
6040
5461
12524
11345
2024
5614
673
9889
11585
6133
2299
3025
14989
13650
22
12662
4777
6034
5168
16221
15171
1489
12506
12705
4551
5224
12071
12320
575
577
14533
2571
13470
13095
1126
13837
12598
11776
13471
5491
1496
5889
1167
2489
11232
3473
13022
13143
5167
117
12339
10716
4973
12932
12701
3307
1864
12053
10437
11686
11863
1122
394
7353
12746
1766
3399
11170
11545
856
1563
13020
861
2039
6325
11506
12571
1770
12974
1951
14104
770
8526
15062
15876
2581
5679
13564
5495
13273
11163
4980
14230
14807
12507
14694
940
674
3024
5315
6008
8795
1853
13654
3129
8353
31
113
11253
3317
3318
2478
12299
15061
14974
3828
5644
12137
5955
12109
939
4868
12739
10535
8356
8544
12599
6633
8546
2940
16052
2589
14140
2205
14421
15730
5231
5395
1341
3491
3046
12614
4436
12612
13539
4110
3668
5232
2844
4686
12702
5227
15511
11489
6062
5072
6286
13649
11533
3383
1745
4253
2677
12960
11670
12969
4527
4104
9446
13202
3655
986
8718
583
5225
5892
11412
12617
3112
14622
14321
4646
12048
12296
11935
16238
212
6379
3497
5981
5401
2953
3564
12924
6222
3011
10710
6511
3130
5526
8814
1623
4870
12136
12341
988
3202
5137
123
5414
2222
944
1762
5705
5553
11780
3765
5316
3109
2569
2027
12114
5308
5370
6165
15902
8545
15778
2763
12430
13388
15971
3309
2488
13838
5133
12640
2941
4913
11255
5126
12390
5825
5764
9616
4889
627
5854
2390
5217
574
5735
12747
15597
3889
9433
16237
3980
3222
14440
10625
3493
12703
12416
15691
11053
11676
3210
3302
5498
6126
5592
3403
1405
11259
1927
10802
1588
3211
14084
3577
4016
12659
16315
1747
393
758
2767
3200
15412
6280
12045
12321
12429
1841
13903
6033
2933
15824
13961
15594
3393
12431
9340
3026
764
6421
5753
12135
5075
5843
13472
3400
2578
13691
2305
9263
3834
3394
12657
16217
13149
13092
13957
12616
9872
5581
13653
5280
899
11442
15687
3398
11781
2302
11322
2672
13692
5959
5508
13652
13868
12386
10162
3031
15735
12751
2479
2046
2289
13562
2683
2124
665
12319
3392
3404
11580
12521
12432
2751
6528
16219
2673
897
4344
13778
12072
12707
585
14047
10962
12336
1944
12878
12230
13783
3301
8720
5671
9508
14266
6141
1259
12112
13059
11579
3925
5062
14534
2043
8611
39
13694
3498
11349
12651
3311
11598
2759
12208
15734
3312
5891
12567
8170
894
13721
13297
898
5769
12976
15510
5620
2774
12654
11760
10444
13294
4891
12520
8723
6223
3292
12744
1946
2669
11762
11716
12197
16128
2384
5590
5582
2123
15494
5868
13722
16131
11073
12700
3022
12922
1250
952
12742
5773
3373
2758
12695
756
499
16040
13468
205
1850
13874
1076
3012
3831
11777
11936
5586
13111
16326
2573
2125
9719
2664
12740
6241
3581
12227
6152
121
5597
6694
11953
12105
3490
11691
1350
11937
3102
4914
12207
2854
6188
3402
302
1498
12196
2201
3583
5220
8445
12655
3401
11717
13096
12785
3010
10984
12115
11715
4963
12660
8627
13566
12882
5132
14050
1043
3319
13094
3020
12958
2558
13023
2575
5591
5166
3037
760
9083
945
712
15696
13567
13387
14809
862
11774
3486
3492
2840
14052
5674
2295
761
3212
3304
2919
2932
2032
5864
3023
12661
16146
12433
2199
5417
8260
15551
9251
3119
3566
16313
11624
4162
10715
5039
3111
10872
994
2410
4189
12921
11348
3293
6619
12881
5710
11258
5946
15595
3395
1931
15760
5890
2582
11143
763
5050
5486
5399
12290
11669
2487
14480
12687
13875
12162
3584
12977
10528
10619
8346
13296
10963
13001
15502
6372
14260
4872
6163
1679
5598
5011
6288
14965
8632
6512
5800
12830
11932
5696
3042
8721
13687
3646
1068
12658
5035
1312
30
317
13050
11346
13240
14228
1855
2306
584
15732
11575
6598
667
4101
12318
11600
12581
13740
1674
12043
1854
3674
2016
5135
12888
12027
11938
11503
12527
11684
5971
13958
8444
1221
2935
16055
9599
10326
11587
14924
5337
12923
12291
2954
11441
5529
15423
13295
14231
6132
5853
6603
2134
11714
8352
13385
5189
11683
3837
5490
11054
11864
12611
2137
1671
14991
2951
12041
119
2214
3924
1758
1134
1220
3471
11674
12798
11664
13021
5416
5095
11848
5245
6148
10345
12202
11549
5257
1930
12750
11486
6507
11680
114
12708
2037
5154
14258
11892
5163
3464
1493
11167
5948
3044
14693
12203
11509
12572
15598
12525
2294
5162
12933
13895
11592
4966
11574
8995
4192
13561
10897
11582
14233
11074
3133
484
8628
8812
1837
3021
12204
14049
13450
13777
5313
1311
902
14625
5672
13194
5253
4555
12476
675
3928
14976
2921
44
2115
13422
855
12879
15418
5226
5063
2950
13292
12195
38
3221
3671
2025
2570
11457
1566
10235
9160
8536
11584
12652
12526
2476
2131
14412
2841
3657
3303
11577
11868
2666
5073
11761
2038
11843
11594
12201
8155
5943
3137
12836
15675
13866
12619
13836
5880
16233
12269
4014
11893
16324
12876
12663
2116
2859
12289
3316
12968
16319
3117
3220
8726
2215
15081
3744
12293
14239
16356
14356
3228
35
5698
900
6632
13091
11677
1849
5595
10171
12359
4414
3748
11811
669
9718
2945
10353
12573
12563
13234
11326
6324
14143
5504
14525
946
21
5917
12699
3043
11256
2220
2676
14175
6146
11350
15688
12458
6416
8429
14718
1947
13058
13870
14798
14603
5608
3132
13872
5789
14660
12252
12696
12028
3743
12565
5243
8617
15415
5761
3036
2490
13195
3298
2396
15868
16357
15402
4374
5040
11681
8813
12434
12338
12111
5765
13002
12831
6235
12868
5426
10987
14442
1764
4687
6042
16134
12205
13042
12743
15605
12959
846
3652
2936
5763
1225
13000
5605
13631
10620
11075
11417
14351
2402
11164
14569
3649
15241
6041
5165
11169
11759
5944
5439
4643
12414
11772
3315
15585
8157
12665
12206
5323
12618
5371
2849
12837
12931
1037
5400
5762
1406
15056
15327
16328
11257
3224
12030
1856
10346
5054
2845
6602
2109
12295
11847
11804
13956
1765
3118
4778
13877
14330
11165
3580
1442
10529
12664
11623
13965
14320
11866
10988
12749
15199
14051
3227
2937
2475
9068
15779
14323
12422
1441
13896
2035
12585
12494
11508
13325
5256
11504
5515
5852
5583
2491
16035
12337
8626
3489
2583
2865
11851
5049
2117
11754
15419
11766
590
11841
12564
12020
15596
12267
11076
11505
15150
13628
12198
5686
2931
14479
3563
5691
11956
847
11865
3561
15943
2290
6693
14707
10417
11665
5961
8719
1044
13476
6061
13141
10438
12404
666
15294
3653
2309
13140
12024
15113
10262
10534
11078
2113
5147
14441
14899
14659
5870
3290
1763
211
8810
2385
11934
1941
11931
13150
14716
11904
1402
32
6190
12483
2311
13151
4869
12436
8351
2316
1672
9628
12116
8815
13180
11951
13386
12482
13389
2300
12391
11145
1135
8535
8724
11850
12694
12835
12842
15874
12292
12358
5855
5322
11416
1401
6725
1127
2469
12528
11666
6815
14786
5709
3310
8527
1082
3192
12697
13241
12709
13597
11675
13841
2397
5677
3218
11775
10080
4982
2480
12880
5492
5130
3833
3225
12200
5413
3121
2391
11846
11857
12603
12967
14234
15059
14148
13779
5056
2129
34
9690
5670
14627
11983
5528
5347
12653
10347
8904
13993
12786
2470
2392
11682
10172
5255
10624
2126
14056
5799
15641
1934
5619
15873
12268
16142
13558
1773
3313
12343
3226
15599
3556
14900
11077
12972
12999
15783
11763
9525
13112
12073
3470
16224
4017
12710
12294
1748
2130
4556
13604
5517
12344
13781
5690
14510
13839
12566
2112
12495
12518
670
9899
11773
12770
5348
15782
10690
12970
5187
9808
5311
13142
5856
11950
2584
11166
9627
12562
15676
12472
12867
13743
3127
5952
3100
12382
2225
13231
2026
12113
2301
12930
16308
11768
13061
6073
10805
9354
8717
8635
14435
5857
14349
14016
12574
11771
5777
3110
11678
16316
3836
2202
2036
10439
301
4594
12745
12174
11767
12800
11668
3028
1226
5766
5141
8716
12029
3193
12084
14874
5787
14478
11844
3203
2567
2930
13606
1589
8520
12698
3283
12023
12894
2288
4015
16037
3405
1581
13873
579
14783
14446
8629
3380
12491
11638
2839
5618
1310
12748
14075
5516
12330
14329
135
11323
12026
15413
991
5708
8349
14990
15416
13688
5678
12134
5222
12270
12274
11858
2471
1836
12271
12286
13152
15776
8807
12596
14770
2376
11168
16139
1945
2019
15965
15060
408
12610
8437
12176
14679
10896
16138
13745
14352
13477
13605
12775
8341
11894
3654
2649
5005
12649
12253
13003
10894
4596
4824
13514
12275
12778
13966
2482
12712
3134
14511
3374
12410
13962
13298
2566
4959
12586
2291
12604
1657
12892
2118
11325
14324
8350
15781
15690
5507
5438
13334
13902
14238
12543
10621
5878
2400
2952
11852
5144
12413
11233
3030
8633
12021
15239
2386
953
5164
2319
11327
36
11755
2379
14706
13024
12022
12399
11845
5254
13090
14137
9708
11952
2748
12266
2468
12475
12132
12042
13515
3027
13697
12971
2292
12178
13538
11872
12686
12821
5244
13867
12183
12380
14691
15064
13596
13425
5877
12978
12889
11862
16048
14319
13043
13062
12490
14536
15961
13424
1928
12361
6634
11939
16054
15949
2398
5402
2473
13928
12541
11867
2307
15872
5945
14602
2021
1497
1838
12789
4373
1583
14695
12360
3502
1673
10443
15411
6007
5221
12500
16130
12519
6281
13120
10254
15780
11418
13505
9799
1408
15592
13964
2658
668
12226
12891
11679
14692
12383
2128
12832
13233
12799
11690
6150
12179
15330
5437
12284
5234
1217
11578
14688
12085
5096
14147
11871
15878
12861
1492
12803
12590
9175
3199
5617
12317
13871
15957
1128
13494
2216
2382
11805
14601
4738
12730
8799
13331
14057
13423
3555
15506
12265
1308
9537
11849
13212
15859
11809
14054
5767
12983
11576
12025
13211
5344
12843
5788
6240
14053
210
13203
12473
12381
12497
2378
3223
2956
12119
12199
12979
14322
12516
2127
9991
11673
12118
12952
13658
13207
13569
2203
12409
13607
12517
9086
11234
13232
5768
3384
14411
6164
8441
14502
12223
11547
12435
3128
3740
5697
12802
5131
37
14144
9434
5682
8538
13493
4013
3120
5514
13089
13332
12421
12776
3029
2493
13402
5771
11942
12385
13963
5786
13686
13516
10530
3922
1400
8443
13113
5675
12285
6151
12834
6099
2217
13690
6331
13181
1929
5858
14963
15590
13865
3562
13414
12133
12648
12681
6098
12493
15328
12912
13243
13361
6144
5859
12392
12408
8534
12474
5949
15685
12452
2574
6054
14261
5435
12584
3219
9989
3289
6052
12272
13782
4920
5326
3136
13302
12407
15414
12364
15952
3926
12650
13842
11949
11859
15964
12833
13060
15733
12557
11940
2565
12499
12559
12314
5335
13412
14410
8247
863
14797
16327
3379
11770
3560
2938
13698
11984
15499
10711
12175
11235
12300
5332
12838
15963
27
8715
16323
3465
2308
5942
5970
5680
12788
14420
5527
14061
5689
11941
11860
13426
11548
5509
14680
11944
15860
14687
12375
1219
13751
16228
12752
14887
5279
16222
13480
13568
13073
13416
8438
8447
772
12957
16231
12400
6189
4960
16036
9983
2501
15681
8897
12345
12505
12801
5781
8806
10256
12224
2399
14964
13333
11769
3919
13503
10533
12110
2200
1399
4916
13599
2492
5968
13299
5436
12841
15312
12934
16039
15689
14615
13208
2656
14782
12316
12558
8809
2483
5493
12121
2929
2110
681
2846
13583
16051
5423
2209
15642
12544
3375
1316
3835
11757
11764
13744
12973
14600
14265
12405
13048
2287
2654
16227
13205
12951
2381
2474
13074
12984
11853
12437
5600
13242
13323
8338
2018
6056
12376
5692
5584
15871
13413
13209
12496
13780
5345
11324
13066
2218
14509
11667
12869
10508
12083
1490
11144
5950
10803
2377
5951
5688
11957
12406
12379
13598
8703
13507
11861
13660
11415
13131
12575
15775
12346
13133
15401
14769
12953
13752
14153
12402
226
15500
5145
12560
11856
12384
2757
13927
11756
13072
12621
16225
5149
1582
12212
12981
5863
12366
13312
5770
12485
3101
13787
11413
14604
13390
2657
5969
13119
16322
15505
8159
12675
12489
3108
12680
14717
13788
12455
10986
15504
13178
5585
13659
3466
11236
12685
12589
11055
14388
9981
1407
1036
12378
2755
13067
14661
12754
11854
12711
10255
16320
15589
12540
14771
33
14443
12753
16321
13360
3284
3288
3135
12254
6143
15417
12866
10714
6234
13789
15403
13955
3651
14513
2741
9963
15329
15236
13479
12583
13068
13392
14808
10532
12787
4733
13750
5681
14507
16140
12561
14589
12468
12587
5879
15508
12542
13591
2928
13403
4915
16049
12036
4647
13153
12605
12210
12545
12301
15866
12315
15643
13344
12398
5954
14046
14535
3467
14973
12074
9890
12122
15322
13063
16232
14872
13584
3469
13504
14626
14326
576
1309
10985
12449
12469
14596
14873
15201
120
8900
12177
2740
8898
5325
14150
12684
13244
13065
14055
12865
2564
14678
2848
13322
14414
3745
12222
12451
13570
2467
12777
6059
12504
12862
13253
9617
12606
12771
3019
5418
14170
13321
5312
13041
10074
14164
13478
13159
1491
15684
12288
13064
14235
12120
15489
6060
12484
12620
13696
13210
2380
13971
29
14588
13254
13336
3742
14146
9717
13501
14597
13897
9172
5415
14169
14571
11993
3047
5676
9536
14681
12211
13674
11510
13749
12956
13776
14244
11758
5346
10073
13990
12608
16218
9982
8625
11765
12666
13163
2939
12470
12357
10442
3923
14772
10054
12213
14288
13213
1218
14062
2847
13069
12411
6053
12609
6057
13786
15945
12471
12131
16229
13335
5334
5494
13835
5506
15481
14325
12438
10712
5007
12123
5052
2560
13267
12890
12576
15856
13245
9898
8533
13930
5695
13047
13595
14690
8156
10352
14498
12713
14503
12163
13179
12676
12363
11958
9085
12582
5780
12467
8808
12377
16318
10440
3103
12840
10623
13132
3282
3559
2653
2562
16309
14662
8442
14704
12529
10895
13130
12086
12040
8811
13592
13497
12546
15498
13415
13122
13246
15147
5607
5053
14043
12982
15858
14886
13517
11992
16137
15507
14419
13121
5604
15324
13695
15295
13230
10531
15014
11414
12595
13303
12401
14328
2219
12355
8714
13075
13807
8990
12403
5235
13506
5860
14237
13970
10804
10599
14134
11599
10622
2559
15410
13843
12498
13689
12032
13878
15870
10165
13500
13300
5601
5606
16127
3320
13338
12839
15055
12985
12347
5962
10964
13661
12577
5876
12530
13864
16047
13222
10348
15311
13954
14781
2563
8528
12031
15867
5963
15238
3194
13313
16135
13301
14331
3191
10163
8899
10873
14418
5779
14768
12362
15861
12264
12209
14968
15319
14413
3287
10441
13498
11994
12273
13204
12287
14497
12893
8903
5403
12772
6724
15958
5424
12580
12594
12774
3741
6149
2650
14136
2310
5188
13345
14877
14350
13221
12412
14243
14407
8065
13337
12033
10072
5772
8612
3832
13309
14598
13154
13356
13608
10164
8440
12037
15677
12547
14197
14778
12356
12090
12950
14868
13031
13324
13071
5953
11328
12632
14151
11948
14060
3468
12679
12844
15774
13114
10261
1317
9892
12677
13427
5143
13492
14416
8439
15398
14861
14378
13164
12182
15297
13046
13028
12591
13572
15326
16141
12034
15674
15490
2665
12678
9891
12313
13571
2383
5966
13247
12492
14389
11996
5420
14287
13929
10145
13662
11142
13206
13926
16230
13162
13664
13032
2561
5513
13775
14377
14962
5861
13931
10075
13681
12634
12531
16046
14152
12450
14415
14506
12488
15237
13950
9526
13673
14587
9626
14355
12863
13268
12180
15054
10079
15583
3018
8896
12911
13880
9709
11601
14445
2831
13969
15200
2472
3650
15580
11855
10351
12910
14135
13879
11985
12173
8251
14132
10257
5238
14145
13161
11947
8624
10166
12766
12457
12671
14225
5693
14042
14613
11783
14020
5872
11419
13773
15768
14869
10349
14079
12454
14590
15869
14689
12181
3198
12755
12722
15389
5510
13675
12303
9069
15407
13811
13027
14444
13160
14570
12622
13665
14406
11903
13127
14568
11997
9445
13537
13573
5967
13481
12607
16317
2837
14044
13407
15501
13304
13764
12637
12487
12394
13251
13223
13581
14196
13158
12636
5233
14241
13391
14792
13482
13518
9343
13219
13252
14676
13123
13933
13765
12935
5425
14316
14195
13428
12723
14227
12512
13685
12955
15325
15955
13155
12998
11943
12456
13076
2401
14870
15145
12858
13683
13311
14174
2744
13308
13436
9801
15053
13346
12857
5324
15215
15680
12397
13165
9435
5327
12453
12980
15593
12393
12503
13806
12039
12948
13753
13177
12588
12845
13808
13255
5097
14107
9716
12638
13030
2747
14224
13671
12127
9173
13272
14080
3558
14860
12814
15146
13129
15852
13682
14041
5240
12672
8994
14058
12683
12667
5602
10713
14951
12631
13217
12729
13763
13037
13527
14083
12548
13320
14040
11995
14705
12486
12082
13863
15581
13157
12635
12446
9262
13585
15497
14045
13437
15586
13491
11946
12128
13070
12539
12225
12038
12532
12947
13449
14131
13270
12501
12515
8618
12804
3285
15399
14751
13485
13934
12670
5511
13401
2746
14236
13220
2293
12864
13088
8989
12302
13953
13435
9800
12089
9710
2834
15959
13430
10260
13409
13134
13118
12124
9984
14586
12214
6055
13029
13038
13684
12466
9620
14779
14675
12035
13502
13582
13139
15582
13429
12674
13314
13575
13952
11945
14286
15214
12673
13040
13226
12255
12944
15683
1500
11806
8620
15588
9252
14508
14780
12629
10350
12578
5782
14658
6058
15306
16226
13805
2756
11895
12130
14327
12263
12639
14677
14221
15206
15956
3016
13587
13756
12937
5875
15492
14857
16044
13840
13772
13394
9084
12628
14223
14263
12820
5874
13844
12312
13720
14499
3106
8529
13214
12721
12448
13357
15851
5862
12310
13411
5784
15408
9781
16136
13393
5783
13588
5148
5419
15574
12768
12081
14752
14017
13519
13116
13039
12769
3196
12538
12309
16050
13128
13166
10170
12502
13610
3229
8901
13755
13317
8805
12938
12860
14796
12593
12164
13586
12714
13406
12725
12727
12579
14871
8623
14927
9082
13218
14767
13852
13224
12623
12354
13609
9353
2924
15108
8532
13269
13266
12441
13988
13117
13676
13400
15855
12767
12126
14612
14684
10782
14594
15305
13992
11808
15052
12087
13716
12805
5871
12856
13574
12172
13156
13256
12219
13594
13672
5057
15296
11237
14948
14501
15144
13589
13754
14315
13271
14264
12088
14081
13663
13033
12668
12811
14133
13774
5006
12513
13590
14019
12514
13785
14592
13135
15953
13593
2651
12218
13342
2838
8704
14018
1682
13087
14222
5422
9802
8800
15944
12537
13945
14317
13398
12765
3377
13339
14130
12941
15320
9161
13520
12221
12720
3017
15213
15299
9807
13666
15495
13250
13576
9711
11901
14961
9534
13762
12440
14949
13395
15766
13499
15235
13310
14505
12256
3378
13176
15321
12997
15503
13677
13249
13115
13229
14417
14833
14599
2655
14314
14766
15948
12728
12439
13496
12942
13410
12447
14422
12719
15015
14353
15111
9528
13932
2743
13483
13901
12633
9529
13315
15946
12395
13991
13862
13846
13343
13248
9438
11991
11807
13347
1409
13949
9715
12949
12724
5873
13316
14585
12592
14593
13855
14312
13876
14686
9070
12847
14523
9344
12630
15679
15234
2832
5236
15308
14313
12125
13861
14859
14074
13341
12846
9712
14379
13035
12726
14595
10258
3376
3286
12848
12954
11902
15323
13433
12353
12854
13036
8530
3107
14289
14021
14885
13136
5785
8902
5694
13044
13766
15857
12445
16045
13355
5051
14354
12304
13404
14775
9619
12855
12758
12815
8521
9624
13025
5965
8531
5142
8250
14504
13679
13858
28
12939
12940
12895
13951
13680
12669
12764
15318
9618
13484
13225
11900
13887
8978
15310
12946
12813
13026
14408
13045
13900
15960
1591
14172
14262
2833
12627
12859
5603
9535
12819
14405
15668
5964
13845
13984
10691
12761
9893
15122
10169
14201
13528
14035
13305
15307
13944
13935
13524
14842
13126
13847
8619
13340
9988
14866
3138
13216
14154
15591
10259
15129
12943
12075
13526
14496
14387
13853
13405
5331
10078
8993
14591
12756
14149
13704
13859
10327
13408
13448
13431
14423
8801
12810
13678
12773
13715
12906
12308
14855
14858
12762
13319
15143
14791
13306
14318
15205
12129
13034
14683
13899
12262
15051
11692
13434
15124
8248
14242
14862
14254
13167
12902
8613
12365
14109
9444
14063
13215
9533
13989
12849
13257
13521
15484
13495
14853
14171
15671
13432
15682
14173
9532
13771
12763
2652
9527
14198
12536
13611
12682
14672
14795
13719
8622
12217
9897
8890
13399
14572
9437
13175
15496
14297
13396
12945
13810
14953
12533
9530
14469
12171
14685
9621
15130
8706
1045
12348
14335
15865
14036
13523
14500
14200
12852
3197
13438
1318
12936
13577
12850
5329
12757
12812
14334
14082
2926
14220
9436
15765
8713
13854
12816
12851
12311
2927
13700
14776
13848
14034
14291
15038
13699
12305
13487
14960
9442
13795
13486
12215
15233
8796
14950
13886
14856
9806
12986
13307
13758
14025
15397
13227
15142
14226
14110
13943
1136
5328
12905
13967
13857
954
13125
12909
14126
14202
14493
14245
12396
14344
12624
13767
12220
13490
9162
13124
14959
14753
14765
10600
13898
8339
9346
14671
13701
15404
9441
15667
14240
13768
13790
14399
13948
12760
14402
15853
14495
13856
14409
15672
12759
15040
9443
14764
12853
14481
8887
14581
8798
12443
14111
12908
12818
12442
14763
13667
15771
13718
14773
13942
14777
13614
15032
15678
13613
14867
13972
13809
13759
3104
8430
9803
13796
9714
15317
14863
15021
14584
9253
13615
2925
14114
13578
13760
11146
15309
15862
12534
15304
13936
9623
13668
14386
13881
14494
8979
14205
14482
9894
12817
2922
14311
13617
12718
15050
15218
14382
12350
14068
12903
12626
14026
14403
15047
14490
13757
15298
15767
15954
11896
12809
12165
13358
11990
15041
13522
13894
14491
9896
13228
15049
14064
13849
14470
12349
9622
14762
9985
11899
12996
10167
12896
14113
13627
13579
13265
13138
9625
13761
12904
13619
2742
14022
12907
13612
15048
13669
12351
9805
14129
15763
13580
14774
12307
12216
14204
12535
8988
12257
14972
13850
13703
13525
13717
13977
14125
14246
14108
12995
14865
9713
14573
13489
14952
9081
15764
13705
14946
13792
9350
15232
14332
10076
14923
15864
14957
9171
15123
8709
13791
14754
13976
13770
9347
14116
12076
14023
14112
2923
3013
14290
14380
13077
15482
13946
14385
14024
9345
14039
8991
13885
9987
14155
5330
13318
14682
15587
15231
12306
15031
14864
3195
14033
14295
11986
3105
8621
5239
14398
14119
15863
15409
13860
13446
14750
13529
13447
15770
14404
13794
13769
5421
12715
9080
14947
14333
15673
2745
15854
5512
13626
14199
14308
14296
13397
14958
15141
2835
5237
15396
8892
13947
15405
14673
15316
9439
14127
14580
13974
14663
15131
15114
15140
9804
13937
14069
13670
13978
14945
3015
15220
13258
9169
14674
15134
14292
14582
14218
15773
15769
14391
12080
2836
14038
9531
12444
14884
12901
14210
8891
15039
14115
14956
13883
8804
9079
14065
10168
15137
13851
11989
13616
13618
14217
10236
15488
15216
15046
14670
15483
12260
15044
12261
12625
9895
14854
13086
9351
14309
13488
15128
15772
15138
14209
14028
13137
14124
8710
14336
14029
13439
14206
15300
12806
14843
14954
14293
15391
14156
14027
14933
14476
14216
9170
15576
12258
14310
15406
15120
14940
14123
14514
9348
14384
9255
15314
15219
1227
13973
11898
9986
13797
9254
9071
15669
15016
14477
13354
15037
9352
14424
14761
13888
14294
10077
3014
14121
12716
8888
14844
13174
13348
15230
15390
14118
13940
14211
8987
13882
12994
12993
14219
15045
15762
11897
13793
15127
14468
13938
14203
8431
14489
14120
13979
14583
13706
15034
14939
8992
14032
14400
15036
15030
14578
13939
8893
15133
15211
10418
8797
13702
12166
13359
12352
15139
14841
8895
14030
15392
9078
15132
9440
14668
15042
9163
14067
15135
15207
13445
14214
15487
8522
9256
14247
15395
14577
14128
15125
13708
15221
12717
15217
14207
15947
9261
14487
14938
14971
15204
14567
15579
13078
13707
8712
14307
8705
14955
15022
14845
13084
13168
12900
15110
14483
14669
14488
12897
14401
15202
15761
15315
14667
14159
14381
9349
14117
14031
15670
13085
14492
14037
15029
13941
14383
9260
8614
15136
14515
13804
14215
13975
14426
13714
14749
14848
12170
14301
12987
8983
14756
15109
8802
14208
9073
9259
14942
13798
15033
14160
9164
14794
15578
14425
14122
14070
12259
8894
15228
12079
15303
15225
14066
14879
15043
12808
14840
14665
12807
14566
14759
12992
13536
14937
14850
15229
14485
8711
14392
14574
14849
14758
13083
14934
13799
11988
14847
14576
14579
14213
15212
13884
14302
14935
14396
14250
14298
15400
13443
14390
14471
14664
15226
14475
8982
14882
9257
8985
13709
14304
14757
15227
8986
14793
14397
15119
14560
12167
9165
12169
14158
14337
13713
15222
14427
14073
15313
15203
14300
12077
14755
11987
15224
15126
14575
14395
14605
13173
13623
14433
15223
14666
14852
14656
14394
14306
14484
14846
13890
15026
15121
14341
14212
13532
15577
15115
14338
8980
14305
14249
8984
14944
15486
12078
13535
13264
13534
13889
13442
8889
14969
13352
14936
14657
15027
9077
9074
14606
14559
14565
9258
13440
14393
15394
15028
13620
13349
14157
13259
12988
15575
9072
14486
15035
14941
14472
13533
13624
8803
14561
13169
15208
14299
14161
12899
14760
12168
13891
13351
13353
14474
8981
14970
13982
13441
9168
14303
14943
15017
12991
10509
13981
14248
13800
15302
14473
13531
14932
14651
14652
13530
15491
14607
9075
14517
14832
14253
13980
13444
13260
13262
14428
12898
13625
9166
14516
13892
9076
13893
14655
13079
14251
14339
15116
14340
14928
13263
13261
13710
14163
14883
14650
13082
13350
14748
14430
13172
14072
13622
15025
14564
14790
14071
14851
13801
14878
14562
13983
12990
14342
9167
15301
14429
14696
13081
13803
14431
12989
15485
13170
15393
13621
14608
13802
15118
13080
13171
14697
14931
14518
14930
14519
15024
15209
13711
14162
14839
14522
14432
14743
13712
15117
14747
14521
14654
14698
14563
14520
14252
14609
15023
15210
14744
14653
14746
14343
14929
14838
14834
14699
14610
14742
14701
14835
14837
14611
14741
14745
14788
14787
14700
14789
14836
