5352
9067
8270
9505
785
2006
6730
831
1254
527
8829
7917
3957
833
8872
3237
8253
7097
1080
7190
6285
9647
5937
8209
2074
190
606
4274
4580
3422
8768
9640
6785
7966
9966
1452
2470
2170
8916
4037
659
5162
1197
3460
6985
5779
9167
5170
3625
7048
145
777
3699
7832
6688
9472
3777
3717
5390
6516
6930
6073
5988
3270
1854
8343
9038
2060
6149
1084
1663
8874
9230
8864
2490
2479
8799
7671
7851
4722
978
9760
5764
3854
87
2887
7994
8793
6875
7512
7445
9414
6689
51
8240
9918
3304
6774
4540
7900
5931
2243
3438
7940
7323
6390
471
5622
7596
9989
2502
6540
5905
8722
5775
1946
1440
230
7591
8099
7172
9267
4905
6766
7911
75
5620
8158
6659
2288
17
5663
2206
676
2955
6721
1930
5466
6346
3433
7132
6096
3765
8637
1874
3750
422
8026
1123
782
9636
1352
8056
370
6988
4181
2672
6049
5747
8987
373
323
4687
1698
8194
9027
7211
2244
1446
356
942
644
2850
32
9797
5610
3371
8620
2284
9105
2064
8201
147
6884
2952
4234
1295
4148
6450
9073
4619
2784
4930
3087
4908
7891
394
3881
6706
2692
695
7971
2118
2980
4103
5963
1160
4256
3106
747
3766
3334
5551
6698
8148
5494
7158
981
9637
2671
793
2868
175
1882
8681
6664
2358
2487
8428
393
2737
2926
1561
9302
1306
604
2488
5898
8406
6470
1186
7673
3132
5806
5380
899
4739
2256
6382
9086
7576
612
9493
8254
2637
9517
8185
2964
7381
1317
4475
9799
2728
371
2393
8395
6244
2753
2260
7163
2910
81
6753
8748
7121
6246
1320
5409
8752
314
9007
1964
6765
466
5377
5935
3477
2422
3852
9010
7328
3162
5180
1088
4481
28
3813
4745
1539
3900
4149
8317
8166
5284
7135
1801
5288
7768
9962
2696
3510
3300
2606
4172
2679
1325
6828
5485
3069
558
5143
5156
4738
24
7682
3436
2453
712
9136
4317
8436
5921
3970
3449
3209
4887
3751
5737
2836
7506
6318
6066
1750
1083
8409
3001
9544
4152
6064
2259
9620
1544
9046
9834
9087
5022
4845
2379
7776
5858
1834
4812
3439
9627
8592
6993
4097
9870
8715
2510
1240
9726
2080
7100
873
4284
149
3938
1223
270
6652
3979
4617
5420
1371
5352
