7135
1801
5288
7768
3519
5626
6717
8074
6326
9256
5874
4690
3976
3016
3316
6890
7176
3039
8647
7952
3147
6356
6571
7066
6310
2339
5973
3219
2845
7519
3495
3946
95
7509
6858
5490
5992
4864
3882
100
1494
944
7555
3478
9997
669
4863
899
4739
2256
6382
9086
7576
612
9493
8254
2637
9517
8185
2964
7381
1317
4475
9799
2728
371
2393
8395
6244
2753
2260
7163
2910
81
6753
8748
7121
6246
1320
5409
8752
314
9007
1964
6765
466
5377
5935
3477
2422
3852
9010
7328
3162
5180
1088
4481
28
3813
4745
1539
3900
4149
8317
8166
5284
7135
