6563 3733 9209
7037 2917 7070
2661 3450 9838
9277 8377 3313
5184 3733 9209
7484 1429 8245
9027 7211 2244
5854 6001 7197
6813 2409 6509
3721 8400 6955
2484 8039 4974
2591 4664 6221
6820 3721 6955
6444 8525 8570
34 7156 1171
2612 1488 7045
9828 2951 1445
6001 7197 7517
7211 2244 1446
1705 4232 1599
9928 1595 6442
5272 7883 5441
7156 7008 1171
5667 4799 809
7221 5747 6049
2072 2816 40
300 2506 1397
97 8377 3313
9448 5527 5109
7964 9606 8362
6579 8290 5417
3721 9969 8400
9758 6058 2383
8361 3886 7571
2992 9249 740
5292 3559 4566
9773 1874 8637
9027 2244 1446
2409 9529 6509
9955 2383 740
6844 1164 2927
2661 1366 9838
6570 9484 1894
5005 2796 3250
2987 7008 1171
3796 8029 8400
9773 3765 4508
9773 8637 4508
3212 9608 5953
34 7008 1171
941 7862 3796
2769 3271 7585
6145 2525 159
8972 9161 3030
8029 8400 6955
9893 2048 3738
2289 9674 6348
1120 472 9320
9045 7008 1171
2525 4563 159
1548 9345 2796
5184 8956 9209
8121 7037 2917
9606 5469 8362
4908 3037 3087
9758 9955 2383
2987 8773 1171
8121 2747 7037
9027 356 1446
17 5663 2206
17 2288 2206
4160 8121 2917
1913 97 3313
2870 5929 356
4203 9252 7469
2484 5602 4974
1548 5005 2796
1120 1061 9320
2014 5185 8903
4743 9955 740
7464 518 5602
2605 9928 1595
1120 1061 2927
1705 1599 6742
3482 1386 6587
7862 3796 8400
7862 9969 8400
8201 8453 147
1429 2098 8245
3890 9252 7469
7237 82 5047
2098 7037 7070
10 1907 7613
2676 214 9134
6851 34 1171
3058 4234 2952
3160 4111 7006
653 4166 4289
300 2506 2780
4836 1061 2927
8290 2548 5417
8987 7221 5747
3618 3720 5340
4090 2064 9105
6787 5957 1920
7484 3127 8245
1120 472 2927
3127 8245 8915
7498 8467 8377
7560 7642 78
1617 9448 5109
9636 782 8045
3415 9953 6460
7237 8050 5047
9353 2769 3271
5381 7901 9846
3037 5957 4730
3415 5382 6460
4491 2477 9510
176 4992 4401
6452 9608 8956
4408 9045 7008
4203 7279 9252
472 1164 2927
5336 4408 9045
6363 176 4401
131 9731 9674
6939 248 1352
5292 4566 6742
9463 7279 9252
7154 576 9829
3812 2824 3624
8525 2661 1366
6563 5953 9209
34 9045 1171
3618 2091 5340
2098 2747 7037
9273 3414 8918
7964 9606 5469
9614 5667 809
3886 8703 7571
6639 6145 2525
2612 1488 655
5163 6425 782
8245 8915 294
4160 294 2917
6425 782 8045
7659 2952 6884
5863 9763 1295
518 356 1446
7022 8599 5649
3428 827 8919
5175 8223 251
2289 131 9674
8467 97 8377
1072 3271 7585
2881 1913 97
8972 9456 4370
8626 3058 2952
2014 4655 8903
9608 5953 9209
6232 5338 6301
3023 8741 5498
7883 5441 9693
9914 2881 1913
7028 5831 8735
6813 9529 6509
2672 5747 6049
1072 7585 9181
7061 4094 4282
301 3755 6769
1695 1985 4060
8851 9763 1295
7221 2672 6049
6570 6301 1894
7693 6425 8045
2786 8942 7500
3299 1270 9102
8194 9027 7211
3942 4524 1843
9608 8956 9209
8626 2952 6884
6851 7156 1171
3065 9828 1445
8599 5649 2091
5957 1920 4730
8056 9636 1352
5628 5163 6425
9731 9674 6348
9893 6700 3738
5728 6320 4219
6363 535 4401
1123 5163 782
9914 1913 3313
3757 9758 6058
8525 8570 2661
9914 9277 3313
5665 6231 8842
2072 5683 40
5638 5527 5109
9731 6348 3137
8773 4160 294
2672 3915 4563
301 9035 6769
472 1164 9320
4782 4491 2477
4408 34 7008
3131 9967 1655
4287 3482 6587
3065 1445 9102
5628 2769 7585
9484 40 1894
5649 2091 5340
4639 9914 2881
6346 5466 4508
2870 9027 356
4203 3890 7469
8942 4843 7500
7442 5400 6221
7057 7560 7642
6851 7642 9045
2046 781 962
3299 1445 9102
8227 7022 8599
3037 4730 4992
3037 3087 4992
8508 9353 3271
4782 4491 9510
294 2917 7070
6851 34 9045
8508 1072 3271
3203 9071 1696
6444 4280 8525
7118 4639 2048
8090 5153 99
6577 9636 8045
2672 4563 159
325 4002 1971
2447 8601 4280
4330 1705 4232
4339 8665 9307
7079 8475 7484
3087 176 4992
3131 9181 1655
6577 7693 423
7001 6502 5560
9105 8039 4974
4090 9105 8039
3352 9819 8278
17 6659 2288
4665 5323 6820
7001 6502 1957
5628 5163 2769
7598 535 4401
2447 8601 5683
8741 5498 1998
4782 6700 3738
8262 2216 44
1431 6563 5953
1608 1143 3394
4339 5711 8665
5381 7901 9572
6726 4356 2005
4992 7785 4401
4782 9510 2383
4095 5469 8056
7901 9572 535
9353 5163 2769
9846 6363 535
5539 5711 8665
7769 9456 4370
278 2779 1617
2025 6452 9608
6346 3433 4508
8599 6579 2091
5634 3394 9678
841 2484 8039
6058 4782 2383
4421 2987 7008
9777 248 8362
6577 7693 8045
3549 4590 4410
9696 3058 4234
7901 9846 535
9530 9249 740
7257 5824 9305
5329 4665 5323
3720 941 7862
3783 4652 9886
9077 5382 6460
4421 7156 7008
6570 5338 6301
5678 4524 6096
1530 2548 5417
3933 7752 4782
4014 1595 6442
1608 3394 9678
5101 9928 6442
1286 985 8071
2054 2672 159
2974 9914 9277
4730 4992 7785
1295 4234 2952
7487 6639 3299
6851 8467 97
5683 40 1894
6195 781 9458
63 2447 4280
2072 2816 3796
7659 8626 6884
6232 6301 1894
3549 3452 4410
7642 78 9045
2068 4181 370
8475 7484 3127
1431 5417 6563
4824 1998 2005
985 8071 2974
5466 8637 4508
7752 4782 6700
8953 9696 3058
768 1732 4824
7197 7517 1441
7612 4384 8330
9257 1542 2014
5715 2779 1270
7531 8987 373
2054 2672 5747
2829 4316 4598
5101 6442 4665
4623 6353 1985
4181 7221 2672
3950 5638 5527
5329 5323 6820
7079 7484 1429
6570 6232 5338
841 4090 8039
7619 1278 2108
7464 518 1446
4014 6442 4665
1062 6384 6460
1930 5466 8637
5634 1205 3394
8173 9166 9856
7315 2987 8773
325 255 4002
1123 9636 782
4421 34 7156
4875 9235 6273
4280 8525 1366
5429 8653 7895
5051 9797 2484
8570 2661 3450
7595 3212 5953
3283 8989 9077
9206 9071 1696
8056 3541 8362
4743 2992 740
5923 9773 1874
8251 2506 1397
3083 300 2780
2068 4181 2672
5929 518 356
9797 2484 5602
6096 3765 4508
3332 9850 9693
6208 2025 9608
1681 3482 7531
1907 6746 7613
2098 8245 294
9920 1278 2108
9907 8227 7022
5516 6226 4185
5469 8056 8362
8972 3030 601
4841 0 9514
7315 7743 8121
9273 8132 3414
5964 3651 7498
3969 6813 9529
4095 370 8056
9775 8194 7211
1000 3380 5503
6003 7964 8362
4095 370 5469
5181 3796 8029
6078 5097 7067
2046 781 9458
2048 4782 3738
1205 9829 446
6726 4824 2005
3951 8570 2206
2068 2672 3915
7315 4160 8121
1431 1530 5417
5181 2378 8029
4120 1902 2378
768 6726 4824
2098 294 7070
294 7156 1171
6363 3087 176
5811 8626 3058
7315 4421 2987
9886 1366 9838
5964 7498 8377
547 6634 9835
2046 9458 962
6384 9953 6460
1554 784 7260
2054 6145 159
9971 6346 5466
3482 1386 7531
8773 294 1171
5051 2850 9320
19 6480 3701
8702 1493 6273
9530 2477 9510
1123 9636 1352
7081 4664 6221
8153 1474 2106
5175 8223 3933
3933 9530 4782
9530 4782 2477
7464 7211 1446
6003 9777 8362
9311 1123 1352
7236 7057 7560
9095 4843 5131
3651 2164 7498
8484 2686 1542
9530 2383 740
4070 827 5959
9092 4296 7470
4359 7785 4401
7595 5628 3212
9257 5185 8903
2816 40 3796
5964 9277 8377
9191 3243 705
4662 6746 7613
2779 1617 9448
9257 2014 5185
4287 9690 6587
4364 3428 8919
6573 3549 3452
8570 3450 9838
8486 9092 7470
3974 4070 5959
7113 2068 3915
8559 2409 9529
3131 1072 9181
2447 5683 1894
5634 1205 9678
5051 1061 9320
248 1352 8362
9850 7883 9693
6001 7517 1441
7315 8773 4160
4330 8484 1542
8851 9763 7785
4316 7598 535
8915 294 7156
2992 9530 9249
5101 4665 6820
9763 4730 7785
301 883 9035
3562 7226 1697
2682 2064 9105
1766 9273 8132
8056 3541 1352
9530 9510 2383
8989 9077 5382
2527 737 3605
8601 4280 1366
8223 3933 7752
7057 4639 2881
4316 4598 535
7659 841 8626
3541 1352 8362
8508 1874 8637
9105 5602 4974
278 2779 1270
719 3131 1072
2262 8987 373
8919 9953 6460
9311 6939 1352
1700 5329 6820
4836 5051 1061
2547 4120 1902
9780 3942 4524
5398 7890 2548
8919 3415 9953
1766 9572 9273
9257 2686 1542
4399 6879 395
7442 2591 6221
63 6444 4280
4639 2048 4782
2054 8987 5747
3433 6096 4508
4014 5329 4665
7487 2951 1445
4524 6096 3765
7595 1431 5953
5759 3969 9529
6378 642 9638
2850 32 518
5667 6348 3137
3931 642 9638
9487 601 4566
5051 32 9797
422 1123 5163
8508 9353 1874
7752 9893 6700
5181 2378 40
8851 1295 2952
5398 9967 7890
5051 2850 32
4704 9221 3745
717 5292 6742
7659 841 147
63 6659 2288
9892 3083 2780
5181 40 3796
2262 8987 7221
1665 3684 3607
6502 7895 1957
9321 8181 4014
3838 1637 1795
2262 1386 373
1578 7142 1281
4652 9886 7890
1488 7045 2693
2779 9448 5527
6425 3212 9608
5831 6570 6232
4903 8318 8985
2164 8475 3127
9780 1696 4524
9938 4100 9579
32 518 9797
6027 8132 3414
8599 6579 5417
7693 423 9608
7944 2072 5683
8071 2974 7225
7520 8702 1493
5628 6425 3212
5863 1295 4234
7995 3146 1538
7944 8601 5683
2634 93 6727
8153 2106 7743
5175 1286 251
8599 5417 6563
2173 4723 4162
8953 5811 3058
6230 1386 6587
3676 7593 3351
6444 8570 2206
7575 7941 4272
7236 7560 78
7487 3299 1445
518 9797 5602
4330 8484 2686
5336 78 9045
2546 6577 423
9893 7118 2048
1886 4719 8570
3170 2218 3092
4094 4282 9969
9206 5678 1696
2682 8201 2064
7464 9105 5602
7753 9235 6273
1726 5272 5441
2881 6851 97
9878 8208 6577
7057 6851 7642
3605 5142 5495
4227 1506 3302
7693 6452 9608
7793 7022 5649
4951 9492 7764
556 9206 5678
6035 5005 3250
1417 93 4205
1700 6820 6955
9351 5964 3651
3676 4937 3351
9819 8278 7571
1316 9850 7883
1527 6208 9608
5281 7558 152
3951 1930 5466
7498 6851 8467
1526 3352 9819
5969 6515 9537
6353 8181 1985
7693 6425 6452
5268 9480 914
4655 1616 8903
7061 7793 4094
6230 2262 1386
686 256 6130
7339 6060 547
5682 370 8056
7793 4094 5340
1796 8223 7752
4093 131 9731
251 5336 6808
6425 6452 9608
2682 9775 9105
9824 8851 2952
8989 3415 5382
3352 8278 7571
1062 8919 6460
2639 395 8065
9161 3030 3332
5715 2591 4664
9777 6939 248
5354 3838 1637
7659 8453 147
8157 8942 4843
6399 8486 2968
1386 7531 373
94 3974 4070
7079 2164 8475
5486 5184 3733
7315 2106 7743
4004 3969 6813
8157 4843 5131
7081 5400 6221
2231 6656 6659
8469 4843 7500
4370 1599 6742
7793 5649 5340
3131 9967 9838
1205 446 9678
8599 6563 3733
9329 7053 7272
2140 6732 9294
8227 8599 3733
9077 9953 6460
8153 7743 8121
6320 8157 5131
5667 9731 3137
4309 7914 1795
4978 1062 6384
4287 9690 3482
5678 1696 4524
717 1705 6742
8218 9463 7279
4719 1930 3131
7645 4821 6284
1886 3951 8570
5652 7001 1957
1506 7737 3302
2218 6399 2968
7057 2881 6851
5486 8227 3733
3950 7442 5400
1700 3623 8029
25 5854 7197
4515 9221 3745
841 5051 2484
7595 5628 7585
4719 3131 9838
4377 7081 5929
2288 6444 2206
3129 7257 5824
4296 8251 7470
5675 2605 9928
424 432 7549
4359 7598 4401
63 2288 6444
2546 423 9608
8865 8667 2159
9824 4359 8851
1527 2546 9608
4658 9824 4359
1474 7315 2106
7769 4370 1599
4950 6027 3414
3065 1270 9102
2709 9492 7764
1886 4719 1930
3783 4652 7890
8394 446 9678
10 6350 1907
7081 6145 4664
720 8201 8453
4399 2639 395
827 5959 8919
9763 1920 4730
4004 2581 3623
5755 3129 7257
883 9035 2992
3757 6058 9914
883 5175 1286
3340 4193 9940
9878 1527 2546
2918 9488 3066
1533 9345 2796
5675 5101 9928
9487 3559 4566
9920 4219 2108
7146 8153 8121
8972 9161 9456
9321 4014 5329
222 678 4967
4094 3720 5340
9311 6939 1123
1700 8029 6955
6399 8486 7470
8513 576 8394
7118 7057 4639
8181 1985 4060
1681 1698 7531
5486 9907 8227
853 8953 5811
9092 2506 2780
2140 2245 5656
3200 1726 5272
7619 4219 2108
8371 2692 6706
7028 5831 6232
1796 7752 9893
3783 7890 2548
1316 9487 601
5755 7257 9305
1316 601 9850
6378 3931 642
7078 7197 1441
561 4946 9118
6939 422 1123
7595 1431 1530
9494 4875 9235
8513 7154 576
7236 6491 78
4421 8467 34
5007 781 962
3783 9886 1366
9829 8394 446
841 4090 2064
1393 167 8124
3950 7442 5527
7595 7585 9181
3030 601 9850
7595 9181 1655
1852 7452 5228
7619 488 5131
7595 1530 2548
7236 7118 7057
5715 3299 1270
1533 2796 3250
2173 6366 4162
8559 6813 2409
653 9480 2989
4359 8851 7785
9494 4875 1143
7146 8121 2747
3030 3332 9850
7225 8467 34
9190 8513 8653
576 9829 8394
5398 7595 9967
2586 2303 5150
4719 8570 9838
1796 7236 6491
2528 5281 7558
7532 3973 2289
3973 2289 131
2068 370 5469
5398 7595 2548
251 5336 4408
7113 6520 2068
1205 9829 3394
7791 715 5696
6851 8915 7156
4377 7081 5400
1169 2918 9488
7595 9967 1655
8124 1526 3352
3783 8290 2548
7532 2289 6348
1220 6656 6659
4978 598 6384
538 3676 7593
7753 8742 1493
9775 7464 7211
2164 3127 6851
6895 9787 3661
719 1930 3131
7001 5560 7078
3933 2992 9530
7793 9907 7022
737 3605 5495
9353 5163 1874
6230 5682 2262
2867 141 9953
4535 9273 8918
5341 986 5495
5476 3623 8029
2164 7498 6851
8972 4370 601
3127 6851 8915
5606 2867 3523
8090 9260 99
853 5811 8626
3076 3942 1843
3021 4359 7598
2867 3523 9953
4364 1062 8919
9878 2546 6577
6683 5560 7078
6879 9377 395
5715 2779 5527
5486 5184 8956
9502 222 678
7243 6893 2528
4120 2378 40
2634 93 4205
7904 1429 2098
5998 5165 1552
4606 7711 2613
8371 9118 2692
9892 9092 2780
1772 3881 6706
4377 644 2850
9787 3661 1675
853 841 8626
9351 3651 7079
1432 1067 9907
6579 8290 2091
742 6555 9321
1978 2829 4316
1488 8962 655
7753 1493 6273
5878 4662 7613
5923 422 1874
6683 6502 5560
8208 5682 6577
7079 4799 809
3160 7923 7006
6577 8056 9636
1852 4034 9327
2262 4181 7221
3696 8751 7600
695 9118 2692
3651 7079 2164
653 4166 2989
4524 9773 3765
6555 4004 2581
1459 9260 99
7532 5667 6348
6787 9763 1920
6555 2581 3623
422 5163 1874
5487 4203 7279
3200 5272 7883
9377 395 8065
9856 5341 986
4311 5393 7529
6491 5336 6808
1488 2693 8962
7442 2591 5527
2951 8703 7571
4370 4566 6742
4408 7225 34
9174 4800 4705
8326 3447 1654
4806 9023 8750
9410 7078 1441
8302 7756 6959
5682 4181 370
3838 5358 1795
9690 6587 2025
4377 5929 518
9423 94 3974
1683 8469 7500
5755 4806 9023
9092 4296 8251
3973 4093 300
2587 4535 5441
4014 1595 4060
2357 2524 4535
6226 4185 3806
2231 17 6659
3459 4606 7711
1886 3951 1930
3332 9693 8918
4535 5441 9693
2524 5381 9846
1665 6314 2315
6787 5863 9763
1796 8223 6491
9035 6769 2992
841 8201 147
7532 7904 5667
1067 7793 9907
6346 3433 6096
3973 4093 131
5682 2262 4181
1013 1665 3684
2129 1978 2829
3523 9077 9953
6472 960 5759
9748 7126 4496
9775 7464 9105
5759 8559 9529
6787 3037 5957
8665 8750 9307
4535 9693 8918
6512 9190 8513
5475 450 9537
3881 394 6706
7236 9893 7118
4377 2850 518
5429 6502 7895
4639 6058 9914
841 8201 2064
8741 1998 2005
9092 8251 2506
2357 2524 4908
9869 6171 5801
8508 1072 8637
6683 25 7078
926 4028 4430
4951 2709 9492
6512 8164 4421
6491 5336 78
7904 2098 2747
5933 1218 8992
1578 1281 3601
7756 8865 6959
4639 6058 4782
1957 7146 8153
6696 9849 4162
5476 2378 8029
767 2786 7500
9819 2951 7571
8223 251 6491
278 3065 1270
5878 10 7613
7081 2054 6145
9823 7049 3676
5715 2591 5527
5743 8989 3415
9604 2152 7950
3203 9780 1696
3227 2515 6699
6512 7315 4421
2075 5003 6314
3720 7862 9969
1552 3523 9077
2607 2824 3624
5682 6577 8056
2133 2007 897
9170 7226 1697
1686 6573 3452
2524 5381 9572
3190 9542 2929
8750 1683 8469
4908 6363 3087
3170 2218 2968
5755 3129 4806
3757 9758 9955
2524 9846 6363
4309 5358 1795
6584 8791 9366
8181 4014 4060
2195 4848 7698
9890 3661 1213
9967 9886 7890
4946 8371 9118
4094 3720 9969
678 6521 3200
6171 5801 8318
1695 1595 4060
3083 3973 300
644 2850 5400
6879 6820 3721
8595 261 6733
853 841 5051
4950 9161 9456
1646 3241 1143
1393 8124 1526
3160 4111 7529
278 1810 7029
9351 9614 5964
2547 1902 8559
4120 9484 40
207 5741 6035
8653 7895 1474
278 3588 7029
719 1930 8637
4342 5787 598
9967 9886 9838
6320 488 5131
6060 547 9835
4093 5667 9731
9828 2951 8703
7487 6639 2525
6902 1040 9976
3860 727 9904
5486 6452 8956
5755 9023 9305
719 1072 8637
1045 5743 3415
7904 7146 2747
7282 3680 3768
8194 2870 9027
1641 5260 3203
6555 1700 3623
5016 853 4836
4377 644 5400
9619 7126 2693
5486 2025 6452
1286 251 4408
955 1943 1199
5787 3600 8225
9734 5121 6080
9463 3890 9252
5476 8559 6813
1893 7627 1999
3447 9957 1654
1772 2692 6706
1013 3684 3607
6418 6428 3945
9878 8208 6230
7079 4799 1429
3628 3240 7914
4723 9849 4162
2075 6314 2315
6320 7619 4219
1796 7236 9893
7923 7006 3929
2104 4203 3890
4721 2569 8992
4426 7101 3986
2231 2228 17
5797 1417 4205
5606 141 9953
9651 6336 8469
6555 4004 3969
4105 1728 217
2610 2090 4031
7049 3676 4937
4370 601 4566
7781 8410 3380
3741 8742 1493
5413 2939 3388
4841 0 9305
941 2072 3796
3618 8290 2091
1962 1382 296
5797 522 4205
5675 1766 8132
5759 242 8559
271 6569 3977
9971 3951 5466
9190 8653 1474
5268 1583 914
3661 1213 1675
2218 3092 3757
4841 567 9514
1772 3881 394
3029 6142 7422
3451 4356 2005
7568 1728 217
5686 6732 5656
9257 9456 2686
7830 1379 8822
5741 6035 3391
5539 8665 8750
4519 3977 9458
2165 5740 7524
463 93 6727
7612 8330 6515
5165 1552 3523
3065 3588 7029
6320 7619 488
6418 1988 3945
7379 1992 5495
5539 8750 1683
7542 5686 5656
1720 2196 1279
4166 3986 2989
5715 6145 4664
7769 9456 2686
5606 2867 141
9690 5486 2025
5675 6027 8132
9166 9856 986
771 6343 8596
567 9023 9305
8535 3467 615
9696 5863 4234
6035 3391 3250
5606 9847 3523
6346 5678 6096
1646 2228 6150
6215 4978 598
4330 2686 4232
240 5222 5996
6879 3721 9969
2749 7379 1992
853 4836 5051
5959 8919 3415
9651 8750 8469
2686 4232 1599
2228 17 5663
8164 7225 8467
3452 4410 8529
2929 3451 5286
25 7078 7197
4600 8041 8999
7895 8153 1474
1097 8006 9539
6106 4875 1143
598 9847 3600
9856 1757 5341
3065 1810 7029
5606 598 9847
1745 4515 3745
6472 5759 3969
6684 9122 9313
3240 1637 1795
4950 9161 3414
4901 2587 4535
8543 8218 7279
5857 6789 2929
3691 4884 8052
251 6491 6808
4193 9940 7764
6171 8318 8985
2341 6844 2927
9614 7079 809
5857 9542 2929
567 0 9514
3065 9828 8703
5667 4799 1429
6512 1474 7315
9787 1675 3745
7379 737 5495
9351 9614 7079
8469 9095 4843
1695 9257 8903
1646 3241 6150
274 1459 3282
278 3065 3588
7904 5667 1429
8291 3129 5824
2524 4908 6363
3783 8601 1366
5933 4721 8992
4531 5728 4219
2807 5831 8735
9777 5923 6939
3783 7944 8601
1698 8194 2870
1837 9869 5801
900 5429 6502
1583 914 5824
4251 7061 3021
3240 7914 1795
2527 3605 5142
2165 7524 3338
2140 6732 5656
2462 4376 7774
7769 2686 1599
271 7936 6569
2547 242 8559
3799 4606 2613
8208 6230 5682
2605 1695 1595
5016 853 8953
2850 1164 9320
4028 4430 962
3783 3618 3720
6512 9190 1474
6879 5101 6820
9321 1700 5329
3241 1608 1143
2447 6232 1894
1698 7531 2870
4154 5878 10
7895 1957 8153
1414 6167 8607
6002 5310 9863
5652 7001 9410
1554 6959 784
4251 3021 4359
6538 3459 8709
7487 2525 4563
3151 7888 5825
1264 8999 7876
3515 1747 9724
4765 6220 2905
1526 9819 2951
5715 6639 3299
1220 7753 9235
6799 5969 6515
4399 5675 5101
3757 2974 9914
7781 3380 5503
3977 6195 9458
517 1757 5341
4399 6879 5101
4950 2605 6027
8513 8653 8394
900 6683 6502
6399 8251 7470
5715 6639 6145
695 1772 2692
4903 6171 8985
7290 1263 1469
960 5759 242
214 9134 3243
1288 2499 9835
3388 207 6035
5787 598 3600
4276 1720 1279
7944 941 2072
9651 9023 8750
2341 4836 2927
6336 9095 5131
5913 4903 6171
7232 5825 9254
1641 5260 9972
5675 2605 6027
4251 4658 4359
7531 2870 8987
1432 9197 2628
1681 1698 8194
7933 6336 5131
6313 6488 3550
2228 6150 5663
3735 3515 1747
2300 2749 9933
9863 8050 5047
883 5175 2992
3508 860 3571
5923 6939 422
567 0 9305
7502 5668 7044
3332 3414 8918
9609 4662 6746
4531 9920 4219
5175 3933 2992
8653 1517 8394
4004 3623 6813
1286 8071 4408
2129 2829 4598
3995 1837 9869
6538 3459 7711
4901 2357 4535
63 2447 6232
693 8180 1311
4251 7061 7793
8071 4408 7225
1169 2918 3066
8472 9250 7206
2375 9869 6171
6520 7964 5469
1220 7753 7028
6968 9170 1697
5523 2691 8197
6411 3405 3430
9134 3243 705
1988 3945 9366
2129 1766 9572
8027 4154 10
9878 1527 6208
5010 3241 1517
7001 9410 7078
2203 5801 8318
9037 1108 705
4950 9257 9456
8164 4421 8467
3628 7914 7012
5606 6384 9953
6512 8513 7154
544 2102 1993
520 6696 6366
3092 3757 9955
5010 8653 1517
1432 1067 7793
1681 9775 8194
7532 7904 7146
6520 2068 5469
4600 1264 8999
2475 1726 2587
3451 5286 4356
4311 7529 3931
1726 2587 5441
6336 8469 9095
6584 3945 9366
3160 7923 7529
7081 2054 5929
3735 1747 7593
2764 8173 9856
620 5825 9254
3241 1517 8394
4946 222 4967
5663 3951 2206
8291 914 5824
1414 6167 4740
6555 9321 1700
9823 538 3676
2766 917 6918
7628 2610 4031
1681 9690 3482
5476 3623 6813
5476 1902 2378
9824 7659 2952
4311 3931 9638
9161 3332 3414
1641 9972 6556
4093 300 5667
1132 9268 5354
6001 9410 1441
5010 5429 8653
8027 10 6350
212 8704 4047
2007 897 5853
3783 3618 8290
9796 8695 7814
404 8709 742
2300 2749 1992
2195 4848 2483
4435 615 4171
9553 7597 9691
1934 8557 4426
6538 7711 2613
6696 6366 4162
6428 6584 3945
6306 2123 9746
2054 2870 5929
6208 6587 2025
3810 7558 152
5165 9847 3523
4311 5393 9638
3065 1810 8703
7487 3915 4563
6130 3674 5032
5606 598 6384
2231 2228 9494
5996 9496 6961
9377 1978 8065
5787 3670 8225
240 5471 9502
6088 1934 8557
7433 6968 9170
3283 1552 9077
1992 5341 5495
300 1397 5667
727 9904 8962
6994 5838 7558
1100 8221 7219
6230 6208 6587
2524 4535 9572
7219 7049 4937
742 9321 8181
1220 6656 9235
4535 9572 9273
6584 8791 8271
701 8027 6350
2631 7781 8410
2196 1279 8271
3950 8587 5400
5476 1902 8559
2935 4724 556
2414 8302 7756
3783 3720 941
1943 7117 1199
3170 8902 8266
7002 4117 82
5838 3810 7558
2569 3562 1697
1220 63 6659
7435 2245 5656
2140 2245 9294
7154 1286 985
1213 1675 3745
5488 980 7575
2628 9690 5486
7936 6569 3531
9878 6230 6208
2129 4598 535
7383 1311 9196
8865 6959 2159
9196 3023 8741
3490 4166 4289
9053 1891 9130
1747 267 9724
3306 2462 4376
2034 5696 3624
1992 5341 7206
742 6353 8181
1526 7487 2951
960 2547 242
8898 7002 4117
1393 167 6520
9836 9501 8052
1631 4436 9250
4028 5007 962
2129 9572 535
8237 3650 2349
2228 9494 1143
7154 985 2974
9891 6515 9537
3241 1608 9678
7101 2062 3986
6194 1631 6215
544 6086 2102
1432 5486 9907
4867 6002 5310
8082 267 9724
3241 8394 9678
5413 2939 4520
1393 1526 7487
5354 3838 5358
3741 8742 8735
1432 2628 5486
5796 6973 7731
4811 4590 4410
3860 727 8962
1432 4658 7793
4483 5413 4520
7753 8742 7028
6183 3129 4806
2054 2870 8987
3092 4743 9955
6399 5964 9277
784 7260 3974
6106 4875 6273
6512 8164 7225
5923 4524 9773
2195 4889 2483
2231 6656 9494
4496 9491 2693
544 6086 1993
5798 6130 3674
7791 7187 5696
1646 2228 1143
3812 2034 3624
2396 301 3755
4806 8750 9307
4105 1779 1728
6556 25 5854
9949 8953 9696
8683 6707 3338
8742 7028 8735
5596 2635 2203
9142 6231 8842
2279 5333 655
8543 5487 7279
4950 1695 9257
4374 2709 7764
701 6350 1907
6472 960 2547
7923 3009 3929
1732 4824 1998
7923 5393 7529
4946 4967 8371
3170 8902 2968
404 742 6555
1665 3607 6314
6973 9746 7731
8173 9166 5142
6699 1506 7737
1740 2993 4740
1218 8992 1697
9998 6383 6030
4950 2605 1695
5252 1346 7336
9891 4384 8330
615 5838 3810
69 3156 7435
6106 1143 3394
5800 892 6949
2569 3562 7226
2341 5016 4836
4901 2475 2587
7612 6799 6515
620 9254 9294
8251 9614 5667
2786 8157 8942
8251 1397 5667
4374 9940 7764
7888 7232 5825
4955 3254 8122
2569 8992 1697
6521 3200 7883
4704 1213 3745
6106 8702 6273
4436 9250 7206
7891 4908 3037
1740 6167 8607
6298 1811 3571
9957 1654 1611
1740 6167 4740
5471 9502 678
36 9487 3559
8050 7737 3302
7597 9691 4705
5671 6949 7336
4800 9691 4705
6183 8291 3129
2353 1837 5801
5498 1732 1998
5857 3190 9542
1857 7962 6525
1583 5824 9305
7002 82 5047
7344 9805 5349
6879 4282 9969
9933 9890 3661
9712 7720 5393
8361 3352 7571
5121 3550 6080
94 6366 4070
3021 4316 7598
4557 6799 3114
1432 4658 9824
9480 2989 914
7933 7619 5131
8108 5797 522
6656 9494 9235
5142 986 5495
6258 7134 6117
6893 2528 5281
9501 8052 9781
4955 2 3254
4251 4658 7793
4117 7072 82
8802 9891 4384
2129 1978 8065
4708 3254 8122
1747 7593 3351
9574 8695 2483
6879 7061 4282
207 4171 5741
7809 7645 4821
2935 4724 900
5229 5252 2626
7383 8180 1311
2935 6556 25
7126 4496 2693
2626 5003 7336
715 5696 3624
5798 3674 5032
7891 2357 4908
2218 3757 2974
4879 6480 3701
2807 3741 8735
7243 2528 2364
3783 7944 941
6054 8237 5097
36 1316 9487
261 5596 6733
1393 7113 6520
2082 3120 6217
6054 5097 7067
5229 2626 5003
4399 5675 1766
7239 9842 2499
5996 6961 1999
8251 9614 5964
2218 2974 9277
9593 1000 5503
2218 6399 9277
567 9651 9023
5857 1311 6789
1922 2764 8173
9539 5260 3203
2935 1641 6556
9904 8962 54
9782 5010 3241
8683 7524 3338
5165 9847 3600
9891 8330 6515
5998 2834 5165
9132 9920 1278
5800 1346 7336
1533 3391 3250
2396 7520 1493
4704 1213 9221
5544 9132 4531
7058 8218 5711
8695 2483 3218
1632 4765 6220
9593 7781 5503
921 3804 8412
9377 1978 4316
6220 3650 2905
5252 2626 7336
7612 6799 3114
4342 5787 3670
274 3282 2112
5800 4733 1346
5158 7575 7941
7605 4631 6787
5389 3170 3092
3804 9491 54
1641 3203 9071
7181 1934 4426
4276 1720 2196
9836 4884 8052
2586 5879 3905
4174 9174 4800
2794 7134 6117
686 5798 6130
8695 7814 3218
1786 2929 5286
511 5389 3341
9491 2693 8962
5475 450 3601
8822 567 9651
1583 4841 9305
9423 784 3974
6239 9601 9781
8822 567 1798
767 1683 7500
3156 7435 2245
678 4967 3200
1695 1616 8903
9258 6003 7964
9782 3241 6150
3459 404 8709
5762 6421 9553
517 2764 1757
6538 4623 6353
9132 5150 1278
722 9904 54
4204 8902 8266
1017 5909 7331
5888 7960 3490
1045 5959 3415
9712 6378 9638
955 1943 4355
3725 8974 8448
9890 2366 3670
5798 1433 5032
8173 2527 5142
4889 9574 2483
8448 2691 8197
9268 5354 5358
9258 588 167
2935 6683 25
2935 900 6683
8606 2062 2989
3490 653 4289
7260 1045 5743
9197 2682 9775
3995 650 9869
6183 4806 9307
4435 615 152
1220 7028 6232
2528 6994 7558
7830 8822 1798
2396 7520 8702
4600 4802 1264
1631 8472 9250
1786 6056 5286
9971 6346 5678
127 4028 5007
6399 8251 5964
7845 5308 9938
450 1281 3601
5652 7532 3973
3905 7619 1278
2133 7339 6060
9074 4084 3061
7154 2974 7225
9258 167 6520
2075 1665 2315
8052 9601 9781
7239 2499 9835
8587 2850 1164
9998 6030 9488
4841 567 1798
883 7154 1286
5333 8962 655
9197 2628 1681
6078 7774 7067
9971 5663 3951
4519 9458 962
6569 3531 3977
768 5487 1732
1393 7113 3915
1169 5488 9132
2414 7756 8865
850 9706 725
7529 3931 3066
1393 7487 3915
1654 1611 695
9712 5393 9638
4630 9936 7402
8398 4878 5950
9957 1611 695
5800 6949 7336
8108 8309 9609
8720 1276 7888
8709 742 6353
8535 615 5838
9166 5142 986
4399 2639 1766
4879 6480 520
5879 5150 1278
3218 3812 2824
8683 5740 7524
8384 3061 7044
3860 5333 8962
4320 9111 6622
4174 4800 9691
240 5222 5471
8448 8477 8197
6521 1316 7883
556 9971 5678
4946 9502 222
2173 6366 4070
7006 3929 1533
8241 3428 827
5879 3905 1278
9787 1745 3745
2749 9933 3661
605 7786 5664
7891 1772 394
5488 7575 4272
5652 3083 3973
3804 8412 9491
3549 4590 7045
3737 2749 7379
9971 6150 5663
4112 2034 5696
1695 1985 1616
1213 6139 9221
9941 2151 8672
7151 2939 4520
8723 5741 3391
9132 4531 9920
8587 2850 5400
693 2267 8180
3452 6195 8529
7830 5805 1798
7255 3151 7888
8543 4339 5711
6106 301 8702
127 926 4028
2807 5831 6570
5848 6684 9313
2267 8180 470
8902 8486 2968
2586 5879 5150
7502 7663 7044
2062 3986 2989
2764 9856 1757
5475 5969 9537
2933 7746 7993
4765 7224 2905
7058 1139 5711
7962 7542 5686
2493 9746 7731
4342 2366 3670
2935 556 9206
8810 6411 5738
2837 9268 5358
7309 1553 4733
7239 6634 9835
5909 6354 9134
1292 3929 316
9129 2279 5333
7309 1553 7396
4631 6787 5863
7963 6944 6048
4565 9053 1891
6994 7920 2364
8241 5505 827
1852 9327 5228
2396 301 8702
4483 6194 1631
3388 6035 5005
5652 7532 1957
4967 3200 1726
3341 2396 4743
9197 1681 9775
900 5010 5429
4623 1985 1616
2300 9933 2366
7791 5933 7187
4275 19 3701
1220 63 6232
5596 6733 2203
5003 6314 7336
8543 8218 5711
7532 1957 7146
9782 4724 6150
2821 1578 7142
2175 7290 1263
6383 6030 9488
7502 7663 5668
9957 695 9118
4415 7344 7392
2935 1641 9071
615 3810 152
1656 1533 9345
2935 9206 9071
5389 3341 4743
6338 5498 1732
4436 2300 1992
5268 653 9480
4483 1631 4520
4276 7603 1279
2173 4070 827
3067 4461 165
517 5341 7206
1656 4111 7006
5158 980 7575
6961 1103 2834
4967 8371 6706
9037 9191 705
6313 6488 9129
9491 8962 54
2904 3832 588
8064 2133 2007
6775 9712 6378
9890 3670 8225
8720 7255 7888
7309 2096 7396
2303 9132 5150
6298 256 1811
6961 6139 9221
883 7154 9829
1647 4867 667
7232 9254 9294
4105 9475 217
8606 8291 2989
5516 6226 5920
1432 9824 7659
2999 9460 9521
6512 7154 7225
4811 4410 8529
7715 8842 5857
8802 1132 4384
2639 1766 8065
3227 6699 1506
4841 5805 1798
5671 6314 7336
2267 5665 470
2102 8040 1993
6961 1103 6139
5800 4733 892
4338 4723 9849
6538 8709 6353
3452 6195 781
2283 8218 9463
267 4937 3351
9933 9890 2366
2628 1681 9690
7716 9129 2279
2837 4309 5358
1013 2075 1665
8606 6183 8291
4590 7045 2693
2528 6994 2364
722 3860 9904
6054 7774 7067
7716 2279 655
5281 7151 152
7331 2676 9134
404 6555 3969
461 4027 9174
9142 3561 1993
6961 4515 9221
4522 2462 7774
7142 1281 7126
8810 4007 5738
4724 556 9971
2353 2203 5801
2133 897 6060
5349 4721 2569
6112 9533 7230
4631 9696 5863
7465 4415 7392
9258 6520 7964
4811 3531 8529
1656 7006 1533
9619 1281 7126
6354 9134 705
6056 5286 4356
8108 9609 5797
9936 7282 3768
9941 8672 5920
301 883 9829
5544 6378 3931
2416 1891 9130
4436 2300 4342
3755 6769 2992
3188 1532 5732
9197 2682 8201
6879 7061 3021
3691 8052 9601
6959 9423 784
432 7549 8092
2175 8932 7290
7243 6893 2364
1139 5539 5711
3977 6195 8529
5950 5671 6314
5389 3092 4743
8291 2989 914
4084 8092 6423
7344 7392 5349
1258 8551 6030
6215 4342 598
424 6142 7422
3531 3977 8529
1132 7612 4384
8237 3650 5097
3707 850 725
4084 3061 7044
9279 7255 3151
5471 678 6521
8999 7876 6699
7402 6622 2752
8822 9651 6336
8807 7465 4415
1258 6383 9488
2129 1766 8065
1395 6048 9154
6130 5032 650
9748 7142 7126
7455 2635 2203
615 4171 5741
1432 7659 8453
7199 3188 1532
4920 4867 667
2904 3026 3832
42 36 3559
8898 7002 296
4436 1992 7206
1135 1893 7627
6686 1263 1469
1432 720 8453
1747 267 3351
5738 9521 7396
1936 3459 404
5488 4272 9132
4007 5738 7396
2303 4272 9132
3680 4245 4153
7891 4901 2357
6789 8741 2929
6573 3549 7045
5933 7187 1218
5539 767 1683
1258 6383 6030
6994 7920 5838
2267 5665 8842
256 2375 6130
8606 6183 2062
4811 7936 3531
1740 2993 1971
6106 301 3394
5505 2173 4723
5681 2200 1532
1292 6614 316
6380 4522 7774
60 9842 2499
4034 9327 3114
9706 725 2752
7627 5998 2834
6002 9863 8050
9496 6961 4515
2300 4342 2366
7879 9191 3243
42 5292 3559
6239 7920 1505
1631 4436 6215
2732 4884 2328
7963 1395 6048
1686 3452 781
9782 4724 900
8274 7433 9170
301 9829 3394
3029 8961 7422
588 167 8124
1218 6968 1697
6961 1999 2834
7791 715 8596
6775 5728 6320
2936 722 8274
3930 877 7537
9579 8180 470
7266 3515 9724
5984 8543 5487
9258 3832 588
1664 7244 1451
8898 1382 296
7627 1999 2834
3735 538 7593
6239 9781 1505
6239 7920 2364
7134 767 2786
4330 1542 2014
3609 2 2349
8411 5158 7941
9998 1169 9488
2353 6733 2203
7239 9842 6634
2151 8672 2
9777 5923 4524
3950 8587 1164
7950 2245 9294
42 5471 36
8241 5505 4723
5505 2173 827
9197 720 8201
6775 6258 7134
2607 715 3624
2353 6733 1837
8309 9609 6746
9782 900 5010
1686 5007 781
1218 7433 6968
9805 5349 4721
5668 4084 7044
1139 5539 767
1432 9197 720
1311 9196 6789
917 6918 1950
9094 2175 7980
2736 325 255
7891 6787 3037
5848 9122 9313
9094 2175 2112
7452 5228 1745
8241 4338 4723
6705 6030 9849
3726 291 3799
3930 6623 1008
3227 4227 1506
2375 650 9869
391 7821 6306
7923 3009 5393
8108 8309 522
9938 9579 8932
5475 5969 3601
3737 7379 737
6338 7101 2062
6480 520 6366
1045 3974 5959
955 8186 4355
7151 2939 3388
1118 2837 9268
1132 7612 3114
8723 6614 3391
2396 4743 2992
9377 3021 4316
1933 1548 9345
1292 3009 3929
1943 7117 8027
2283 9463 3890
4724 9971 6150
1936 3459 4606
8765 2802 3799
9475 4627 217
1307 6086 2102
4376 6054 7774
3561 8040 1993
8551 4338 9849
5984 8543 4339
2 8237 2349
7943 4778 1382
2794 6117 620
7876 463 6727
7053 7272 4565
6086 7715 5857
2396 3755 2992
2515 7876 6699
9111 725 2752
8812 1246 7272
4358 5252 1346
9539 3203 9780
3696 8751 9091
8041 8999 6699
2082 9796 8695
5516 7663 4185
9941 8515 5920
930 7809 7645
3860 5333 7226
6879 9377 3021
7943 1962 1382
955 8186 1199
6088 6597 8557
394 2475 1726
6545 8082 267
36 6521 1316
2999 7980 2112
3388 1548 5005
7716 2612 655
6775 9712 6258
6117 3151 5825
1169 5544 9132
9094 7980 2112
8398 5950 5671
391 6306 2123
5909 7331 9134
4802 1264 8309
2175 7980 1263
3791 9053 9130
1146 4364 3428
3680 3768 4153
4951 5848 7764
7199 2200 1532
1857 7962 7542
693 2267 1311
264 7232 9294
6472 404 3969
9604 2283 2152
2569 5333 7226
1169 5488 980
8309 2634 6727
6313 7716 9129
5984 6338 1732
2493 5796 7731
722 9170 7226
7230 6525 264
771 715 8596
771 7783 2607
5702 5853 7993
5308 9938 8932
3467 615 8723
8305 1950 7463
432 8092 6423
7504 3508 860
2999 3282 2112
8741 3451 2005
9196 6789 8741
7309 2096 4733
19 6480 2159
9734 8477 6080
7995 4007 3146
391 2123 9746
7117 8027 4154
722 3804 54
1631 8472 4520
2722 60 9842
7260 1045 3974
7051 6686 1263
6313 7716 3550
6788 1838 4603
4488 7821 6306
8961 127 5007
2896 5933 4721
8741 2929 3451
7051 419 1263
7663 5451 7044
9949 4631 9696
4920 4027 667
7151 3388 207
722 8274 9170
432 4084 6423
8477 3550 6080
3707 1779 1728
7791 5933 8596
6404 3799 4606
264 7888 7232
3340 4193 6684
7980 419 1263
1103 1213 6139
7455 6661 2203
9279 7720 3151
2596 6428 6739
615 8723 5741
1436 6380 4522
7879 9037 9191
3696 7600 2174
3146 1538 4031
6003 9777 4524
1379 7933 6336
1525 9813 7265
1008 69 3156
9981 2821 1578
6630 3950 1164
8720 1292 7255
1647 4027 667
9091 1040 9976
240 4946 9502
6078 4309 7914
4105 9475 1779
60 8682 2499
8974 8448 2691
4951 5848 2709
7716 5121 3550
1002 5702 5853
2999 9460 7980
4100 9579 8180
7051 7980 419
1097 9780 3942
7151 207 152
9812 5720 165
8961 7422 9021
2165 8040 3338
424 7422 7549
8122 5032 650
6488 8477 3550
9836 4884 2328
1873 7219 7049
1097 3076 3942
7891 394 2475
4358 7051 3561
6030 6696 9849
240 5996 1999
930 7603 1279
4112 7814 2034
5950 8410 3380
1292 7255 3009
8583 7224 7012
1961 8807 7465
5686 6732 9294
4811 4590 2693
256 1811 2375
627 877 6087
7605 7891 6787
4778 7075 3607
264 1276 7888
1746 4364 1062
2896 5933 8596
6886 8535 3467
930 7603 7645
5888 6088 6597
7290 1469 470
9949 7605 4631
4967 394 6706
2722 9580 60
450 9619 1281
8672 2 3254
216 4229 730
7962 6525 5686
4374 9976 2709
6002 8050 3302
8309 2634 4205
4920 461 4027
8844 44 463
7814 3218 3812
3340 9976 9940
154 2896 4721
4374 9976 9940
1379 8822 6336
4519 4430 962
9521 2096 7396
8802 1132 9268
9142 1993 8842
8309 522 4205
7814 3812 2034
4204 8486 9092
391 6358 487
4436 6215 4342
2596 6739 1952
4358 3561 5252
7002 9863 5047
5984 5487 1732
9533 7230 264
1097 9539 9780
1435 1436 4522
7181 1934 7383
6404 291 3799
8427 8583 3737
1246 7272 4565
8036 3768 4153
6117 620 5825
4435 152 4171
718 3995 1837
1292 8723 6614
9805 9129 5333
1852 7452 3546
6404 3726 291
3561 5229 5252
8595 261 3806
8551 6705 6030
7891 4901 2475
1436 1118 9268
19 8667 2159
6597 4166 3986
9111 6622 2752
1867 2837 4309
897 5853 6060
1654 695 1772
7879 214 3243
9890 1213 8225
4204 8902 8486
8583 3628 7012
1436 1118 2837
768 5487 4203
6796 1746 6194
7627 5998 1552
9080 6489 8424
9836 2328 1433
8842 5857 1311
274 5308 2112
7720 3009 5393
9712 6258 7720
6886 7920 1505
9748 7142 4496
9142 3561 6231
4627 8006 9539
9891 450 9537
5544 3931 3066
1039 4325 921
6886 4367 1505
5471 36 6521
5222 5996 9496
5228 9787 1745
953 4320 6622
3306 4376 4430
6686 1469 470
6086 7715 8842
8898 4778 1382
8355 8090 5153
9844 627 6087
6343 2896 8596
6354 1108 705
7537 5797 1417
2781 1554 7260
9327 3240 1637
4007 1553 7396
6707 3338 5229
2766 7960 6918
2999 3282 9521
274 1459 5308
1893 240 1999
6480 94 6366
6902 542 5848
9813 7265 5018
7663 5668 9021
4630 637 7282
722 3860 7226
2732 4955 2328
3420 7297 2493
4630 9936 7282
5349 2569 5333
2375 6130 650
6078 7914 7012
9941 2151 8515
207 152 4171
6354 4117 7072
8839 2794 2152
9578 6189 2084
6895 2749 3661
1811 5913 6171
1786 3190 2929
7663 4185 3806
1146 8241 3428
6215 4978 1062
4955 2328 1433
8305 2234 7463
4811 9619 2693
1811 2375 6171
6354 1108 7072
5544 4531 6378
9460 9521 2096
8812 9329 7272
9949 5016 8953
8839 2152 7058
7605 7891 1772
4830 5169 5854
6411 5738 3430
5888 6597 3490
6603 1745 4515
8912 4632 7199
1647 4867 6002
9604 2283 7950
8898 5124 4117
6086 1993 8842
9812 5720 4889
6893 6239 9601
7265 4275 5018
7075 3380 3607
6258 6117 7720
2283 7058 8218
718 6226 3806
9805 5349 5333
6002 4227 3302
6112 2825 9533
7181 7383 9196
8551 6705 9849
1100 5523 8221
3561 5665 6231
1264 8309 7876
8595 9591 6733
4632 7199 3188
6597 3490 4166
8718 8515 926
6545 267 4937
5984 4339 9307
6775 4531 5728
2807 6570 9484
6902 9976 5848
8557 4426 3986
3306 4519 4430
718 6226 5920
6428 6739 6584
1740 4002 1971
7977 1395 9154
4325 921 8412
8398 2631 4878
1169 5544 3066
2722 3707 850
7112 4275 3701
1436 1867 2837
3156 7950 2245
913 9781 1505
2234 5153 99
9247 9212 4050
605 2507 5104
4848 2483 3218
3905 7933 7619
7181 9196 3023
6003 4524 1843
3707 1779 725
2631 5950 8410
6707 2075 5003
6545 1100 7219
4204 9892 9092
9327 5354 1637
2515 7876 463
6796 4483 6194
216 730 892
6545 7219 4937
5435 184 9037
7950 620 9294
1414 2993 4740
6699 8050 7737
6707 5229 5003
7537 9609 5797
5435 9037 1108
8682 7463 5153
4245 4841 5805
1962 7002 296
4367 913 1505
1146 1933 1548
8309 7876 6727
6056 6726 4356
5308 2175 8932
8844 1417 93
1413 3340 9976
2234 7463 5153
5984 6183 9307
4522 3306 2462
5493 8751 7600
2794 2152 620
8718 127 926
4461 5720 165
184 7879 9037
6117 7720 3151
8844 463 93
7036 7786 9053
2807 4120 9484
6893 6239 2364
7879 5596 2635
3725 8448 8477
9212 5687 4050
5762 9553 9691
2416 1891 3726
9813 4275 5018
264 5686 9294
5848 6684 7764
8041 6699 8050
3995 8122 650
7545 1811 3571
2141 4920 461
8595 9591 3806
1288 6060 9835
9460 2096 4733
7002 5310 9863
4275 19 8667
2631 4878 5950
718 8672 5920
4967 394 1726
4083 7237 8050
4193 6684 7764
8427 6895 9787
5124 6354 4117
3227 6002 4227
7545 860 3571
9247 9212 3546
4955 3609 2
7422 7549 9021
8765 3799 2613
2104 768 4203
5888 7960 6918
7960 5914 3490
60 8682 7463
771 2607 715
5668 9021 8092
271 9891 450
3076 6003 1843
4830 5260 9972
7549 9021 8092
6219 2904 588
2151 2 8237
8411 9677 5158
2152 7950 620
6112 7230 6525
2471 2341 5016
9080 8424 5732
7716 2612 7045
8384 5451 7044
6219 588 8124
3791 9053 6404
6597 8557 3986
5914 3490 653
6525 264 5686
6902 4153 542
8718 8961 127
7134 2786 8157
4112 6944 5696
69 7435 5878
1258 8551 4338
9579 7290 470
2090 3146 4031
6893 517 2764
1647 4027 9174
1017 9593 1000
1100 5523 2691
6902 8036 4153
7075 1000 3380
8898 5124 7075
7058 1139 767
6614 1533 3391
8889 2785 6418
3067 4461 5720
8427 3737 6895
2834 5165 3600
9579 8932 7290
3696 4603 2174
1002 165 5702
1852 3546 4034
9578 2437 2084
4778 1013 3607
9504 6056 6726
4174 1647 9174
3905 1379 7933
6893 9601 2764
4415 7344 9805
701 1907 6746
4557 8424 6799
5665 6686 470
1933 1258 4338
3791 6404 3726
5555 2141 461
7879 2676 214
2666 4140 5285
3120 6217 9892
2267 8842 1311
2104 768 6726
2766 7960 5914
9836 5798 1433
1936 6472 404
5308 2175 2112
1961 8807 9437
8424 6799 5969
718 9591 3806
6480 9423 94
1656 1933 9345
6614 3929 316
1933 8241 4338
5668 4084 8092
261 5451 3806
9088 3447 9957
5984 6338 2062
4390 9111 725
1279 6584 8271
9279 7720 7255
5817 9122 5805
4830 9972 6556
3791 2416 9130
3737 6895 2749
6380 1867 7774
1746 1146 4364
9976 5848 2709
718 9591 6733
3120 4204 9892
7181 4426 3023
3467 1292 8723
9154 8274 1952
9287 7187 1218
7720 7255 3009
6775 4531 6378
5922 8912 4632
4708 8672 3254
730 892 6949
1746 6194 6215
718 6733 1837
4830 7568 217
8186 9836 9501
8535 7920 5838
6903 4358 7051
6338 7101 5498
2873 9924 4355
9154 8274 7433
3420 2493 5796
1873 7331 7049
9981 4325 2821
686 4355 256
4426 3023 5498
8040 3338 5229
7224 6078 5097
1922 8173 2527
2429 5882 1288
1414 2993 1971
6707 1013 2075
7504 7545 860
6714 3924 8221
2933 5853 7993
9734 5121 6573
9844 877 6087
8397 6207 6383
4426 7101 5498
8427 3628 3240
2471 2341 6844
4582 8982 8327
637 5914 5268
4955 8122 5032
4174 1647 2216
2873 971 9924
8424 1532 5732
9998 1169 980
1647 3227 6002
4830 6556 5854
4765 8583 7224
6421 9553 7597
4174 2216 44
6614 3929 1533
7112 4879 3701
5882 1288 6060
6886 4367 3258
6112 7117 1199
7452 3546 1745
7977 2596 1952
9844 8844 1417
8662 7941 4272
6219 8124 3352
1746 6215 1062
1146 1933 8241
4627 1097 8006
1258 9488 3066
4830 5169 7568
5268 1583 4841
2515 44 463
1554 8302 6959
4708 718 8672
3610 5666 5222
3029 1686 5007
154 9805 4721
1436 6380 1867
1553 4733 892
5914 5268 653
9984 1307 7597
6098 2507 5104
4355 6298 3571
391 6358 7821
3791 2416 3726
8839 7058 767
8802 271 9891
8662 2303 4272
5909 5124 6354
4708 3995 8122
8817 1135 1893
6623 1008 3156
2082 255 4002
6903 7051 7980
6893 517 5281
5493 7600 2174
2130 5435 1108
8889 2736 325
5817 6684 9122
9080 6489 8704
1117 6098 5104
1867 6078 4309
3029 8961 5007
7224 3650 2905
8898 4778 7075
6550 2631 7781
6886 3467 3258
6489 8704 4047
7663 5451 3806
9533 8720 1276
6886 8535 7920
8802 4519 3977
1962 7002 5310
8305 6918 1950
5621 8384 7879
6086 5857 3190
5681 4557 1532
1943 701 8027
7977 9154 1952
154 9805 5349
4367 913 9781
4955 1433 5032
2283 2152 7058
5523 432 4084
1867 6078 7774
8054 8662 8411
7861 2586 2303
5621 7879 5596
8427 8583 3628
2151 6054 8237
4830 4627 217
4390 2863 9111
9981 1039 4325
8262 2515 44
6788 1838 8327
9924 8186 4355
7545 1811 5913
9042 6306 9746
7943 4778 5740
4708 718 3995
6383 6030 6696
9327 1132 3114
9734 1686 6573
7995 1538 4031
637 7282 5268
7224 6078 7012
5984 6183 2062
953 4140 6622
3561 8040 5229
4083 8041 8050
7861 8662 2303
1039 921 4821
1632 1922 4765
6630 6844 1164
5666 5222 9496
8305 7845 9938
7134 6320 8157
9327 1132 5354
759 6404 1936
6550 3735 538
6775 7134 6320
6343 154 2896
9287 9154 7187
730 5671 6949
6796 1746 4483
1647 3227 2515
645 7036 9053
3930 1008 7537
9812 4889 9574
6404 1936 4606
4488 6358 7821
1414 325 1971
6603 9496 4515
3306 8802 4519
6112 7117 6525
6412 9074 3061
1413 3340 6684
7224 3650 5097
4355 6298 256
645 9053 6404
5738 3430 9521
8262 2216 2515
5493 8751 9091
6207 4879 520
1146 5413 3388
8802 271 3977
9949 7605 1772
8515 926 4430
6779 1711 9358
4100 7383 8180
2781 3283 8989
1632 1922 2764
3924 9074 4084
1436 8802 9268
8515 4376 4430
3610 5222 5471
265 7625 8844
8682 1288 2499
8662 8411 7941
971 9836 5798
730 8398 5671
2781 7260 5743
1413 5817 6684
6538 4623 1616
6421 1786 3190
4802 8309 6746
6661 2203 8318
4848 3218 2824
2834 3600 8225
4867 1962 5310
7568 9842 6634
2794 7134 767
7568 1728 9842
9949 8326 1654
8844 4174 44
4632 3188 5732
3380 3607 6314
9154 1218 7433
2610 2090 2607
2722 9580 917
4325 2821 7142
9327 5228 3240
3691 2732 4884
2130 7237 82
9936 8036 3768
9460 4733 1346
6189 2084 5687
7995 4007 1553
6480 6959 2159
9212 6603 3546
9533 264 1276
9981 6284 1578
8817 561 9118
4557 8424 1532
1711 428 9358
2130 5435 7237
5950 3380 6314
5516 7663 5920
5909 5124 7075
6098 9304 2507
7297 6358 9437
4275 8865 8667
9042 6973 9746
5283 6472 2547
8172 7112 1923
971 8186 9836
9287 9154 1218
1135 7627 1552
2781 5743 8989
5817 7830 5805
1435 1436 8802
6903 9460 7980
6550 9823 538
1103 2834 8225
2234 1459 99
6623 2104 3890
1146 3388 1548
4811 7936 9619
5817 7830 1379
7568 547 6634
1746 4483 5413
5720 2195 4889
1435 4522 8802
2130 1108 7072
9088 8817 9957
2825 4367 3258
9812 2933 165
6788 8327 4603
7435 5878 5656
8294 627 877
1039 4821 6284
8186 9501 9781
2382 3546 4034
8384 7879 3061
4325 8412 9491
4229 730 7628
8583 3737 737
1656 1258 4111
1307 6086 7597
9475 4627 1097
6550 9593 7781
8198 6217 9892
7977 2596 1395
2082 9796 4002
346 1664 1451
9844 877 7537
2610 7783 2607
7051 5665 6686
4557 4034 3114
271 450 9619
3725 6488 8477
1922 4765 2527
7716 6573 7045
7297 6358 487
4330 2014 4655
3691 1632 9601
1135 3283 1552
3467 8720 1292
4140 5285 8036
7628 7995 4031
8817 9957 9118
1656 1933 1258
8198 8064 2007
7617 6411 3405
6903 4358 9460
1103 1213 8225
4358 9460 1346
2130 7072 82
7716 5121 6573
9358 6219 953
7465 154 7392
9984 7597 4705
4325 4496 9491
7504 3508 701
5621 8384 5596
2084 5666 9212
2223 2936 722
7698 2090 3146
4630 850 9706
1647 2216 2515
6480 6959 9423
2933 2007 5853
9042 5796 6973
9844 7537 1417
6219 8361 3352
271 7936 9619
759 645 6404
7663 8515 5920
6902 1040 8036
971 686 5798
8294 9844 627
9577 717 1705
6764 1097 3076
6944 7187 5696
4897 8847 9121
3500 2933 2007
2666 428 4140
2082 9574 8695
1008 7537 69
8812 6914 9121
8397 9998 6383
1873 8221 7219
6048 9154 7187
4083 4600 8041
6412 7879 3061
1746 1146 5413
4112 6944 8607
3405 3430 9521
9580 917 1950
1934 4100 7383
8806 5493 9285
4630 7402 2752
4630 637 5914
9358 3886 8703
7678 8355 8090
1680 7266 4488
1950 60 7463
7051 3561 5665
2825 9533 3258
2437 2084 42
2732 4955 3609
4140 7402 6622
8718 8961 9021
5435 4083 7237
212 4047 7645
8889 2785 325
1680 3735 3515
7266 8082 9724
8583 2527 737
8424 5969 3601
4565 1891 3726
6421 6086 3190
2151 4376 6054
8198 9812 2933
8054 3399 8445
2863 4320 9111
4047 6284 1578
5523 432 8197
6944 1414 8607
2283 3156 7950
509 7266 8082
3930 6623 2104
165 5702 7993
7698 2090 2607
3924 9074 2676
9578 9577 2437
2084 9212 5687
154 7392 5349
3399 8982 8327
165 7746 7993
4627 9539 5260
921 4821 3804
634 5374 1923
6100 8807 4415
9580 1950 60
4565 2802 3799
8839 2794 767
8172 7112 4275
2437 42 5292
1893 561 4946
7845 2234 5308
5374 7112 8397
3208 4716 7754
6412 7879 2676
4582 7861 8662
9358 1810 8703
6219 2904 3026
5882 1002 5853
9949 1654 1772
9577 4330 1705
4630 9706 2752
2437 717 5292
8873 3405 9521
8450 5922 9329
6603 3546 1745
8873 1459 9260
9247 5681 2200
4047 7645 6284
4565 3726 3799
9285 1040 8036
216 4229 7995
4632 212 8704
9981 1039 6284
6661 4903 8318
4245 4153 542
4918 1711 428
6714 1873 8221
4897 8812 9121
2429 7678 8355
4522 3306 8802
1893 240 4946
8765 6538 2613
2785 1414 325
3508 4355 3571
6538 4655 1616
6944 6048 7187
1258 4111 7529
8305 7845 2234
7282 3680 5268
1961 7465 154
6112 2825 1199
3258 8720 9346
3467 8720 9346
5848 9122 5805
5882 5853 6060
9247 2200 4050
2200 5687 4050
69 5878 4662
4848 2607 2824
6412 9074 2676
424 432 8197
2082 6217 9574
7963 6944 1414
2933 165 7746
5283 2547 4120
7455 184 7879
1258 7529 3066
2151 8515 4376
2223 2936 8274
6661 5913 4903
8889 2785 7963
3026 9258 3832
8198 6217 9574
3467 3258 9346
4848 7698 2607
7297 2493 487
2471 9949 5016
7455 7879 2635
8198 3500 2007
8873 1459 3282
971 9924 8186
3610 42 5471
391 2493 9746
3924 5523 8221
4245 5268 4841
8718 7663 8515
4140 9936 7402
771 2610 7783
3725 9805 9129
69 9609 4662
3610 5666 42
2766 4630 5914
634 5374 5158
8817 1893 561
9504 2104 6726
2414 4275 8865
3029 6142 8477
8384 261 5596
8384 261 5451
9285 9091 1040
3725 6488 9129
7537 69 9609
4830 4627 5260
6714 1873 3924
7504 4600 4802
4229 7628 7995
2873 686 4355
6207 520 6696
1680 9042 6306
3691 2732 1632
517 5281 7206
8873 3282 9521
2863 5049 3026
3725 4415 9805
4245 542 5848
346 3399 8327
9088 2471 3447
1680 4488 6306
5882 1002 165
2722 3707 1728
9088 2414 8302
8198 3500 2933
4325 7142 4496
1632 9601 2764
5374 7112 1923
8806 2666 7244
1857 7542 5656
4765 8583 2527
3029 9734 1686
6088 1934 4100
8873 8090 9260
4897 6098 9304
634 9813 1923
5283 2807 4120
9088 2471 2414
1017 5909 1000
3924 7331 2676
1680 7266 3515
6219 953 4320
2722 1728 9842
2234 1459 5308
8683 4778 6707
8683 4778 5740
8054 8982 8445
1943 4355 701
9358 8361 3886
3680 4245 5268
216 1553 892
3399 8982 8445
1017 9593 7331
7861 2586 3905
2697 759 645
9080 8704 5732
2429 8873 7678
5555 2165 5740
6207 6383 6696
2596 1395 6428
4778 6707 1013
4582 8662 8982
5922 6914 9121
2785 7963 1414
8172 9813 1923
6489 4047 1578
8172 9813 4275
391 2493 487
2736 2082 255
4632 8704 5732
1961 7297 9437
6142 8477 8197
1680 6550 2631
8718 7663 9021
4245 5848 5805
6421 6086 7597
3924 5523 4084
1525 634 9813
1680 9042 2631
5283 1936 6472
3508 4355 701
8873 7678 8090
1680 6550 3735
7117 6525 4154
5555 461 9174
4112 1740 8607
424 6142 8197
2471 8326 3447
6421 1786 6056
9247 5681 4557
8198 9812 9574
8355 8682 5153
9796 1740 7814
7943 4867 1962
4390 2863 5049
5909 7075 1000
265 9844 8844
6189 2200 5687
9533 3258 8720
2141 4920 7943
9796 1740 4002
8812 6914 9329
5169 7339 547
9042 8398 2631
8472 7151 4520
4918 6779 1711
346 1838 4603
4716 7754 7961
7080 8411 9677
4897 8847 4276
6545 1100 2691
6088 9938 4100
9358 6219 8361
7754 645 7036
2873 971 686
5666 9212 6603
3029 9734 8477
9247 2382 3546
2223 722 3804
9593 9823 7049
346 1838 8327
8812 1246 4565
6437 605 5104
5493 9285 9091
4918 346 3399
2141 7943 5740
5169 7568 547
6623 2283 3890
7617 8873 3405
1135 2781 3283
9042 730 8398
6100 8807 9437
5666 6603 9496
7112 8397 6207
4716 1117 6437
9577 2437 717
4112 1740 7814
2732 3609 2349
1961 6343 154
6100 3725 8974
3696 8327 4603
9593 7331 7049
2084 5666 42
4488 6358 9437
7963 1395 6428
6739 8274 1952
7112 6207 4879
5555 2141 5740
7809 4821 3804
5922 6914 9329
8424 1578 3601
8054 8662 8982
2666 1664 7244
4582 1413 5817
4140 9936 8036
6489 8424 1578
4920 7943 4867
2223 930 7809
216 7995 1553
5283 2807 3741
7080 8054 8411
9088 8817 1554
265 7625 9844
212 7603 7645
2223 8274 6584
8817 2781 1554
2396 3741 1493
5652 6001 9410
4716 6437 7961
2732 1632 6220
8427 3240 9787
8844 4174 9691
5228 3240 9787
5888 8305 6918
1857 6525 5878
6623 2283 3156
9247 2382 4034
7455 184 6661
5374 5158 980
7754 7961 7036
8817 1135 2781
1873 3924 7331
7265 3950 5638
7504 4083 4600
6100 3725 4415
7504 7545 4083
6525 4154 5878
3420 7628 2610
2471 9949 8326
9088 1554 8302
7754 2697 645
1117 6437 5104
8889 6418 7963
6100 509 8082
7223 2471 2414
6739 8274 6584
7265 6630 3950
3420 771 6343
5922 8912 7199
7080 1525 634
2697 759 1936
6779 7080 8054
5762 8844 9691
9358 278 1810
6418 7963 6428
3067 7617 6411
6764 9258 6003
3420 7297 6343
4918 8054 3399
8847 212 4276
6642 3208 7754
3420 7628 5796
1277 8294 9844
5281 8472 7206
6764 5049 3026
6437 7961 605
3067 8810 6411
7266 4488 9437
6550 9593 9823
7545 6661 5913
5281 8472 7151
4582 9091 9976
1857 5878 5656
9285 5285 8036
4582 7861 5817
8547 4565 2802
6100 6545 8082
428 953 4140
6764 3076 6003
428 9358 953
7961 7036 7786
2223 1279 6584
9984 9174 4705
7265 5638 5109
3696 8327 9091
3667 1988 9366
4007 7698 3146
6100 509 9437
4582 8327 9091
5374 8397 9998
4582 1413 9976
1961 7297 6343
8806 2666 9285
7617 2429 5882
212 4276 7603
7545 5435 4083
4716 1117 4897
8765 6538 4655
7504 4802 6746
8186 4367 9781
2722 917 850
555 2697 5283
2732 6220 3650
1117 4897 6098
2732 3650 2349
7504 701 6746
7080 9677 5158
8812 605 5664
555 7754 2697
8847 4632 212
2223 930 1279
5435 184 6661
5169 2133 7339
9042 730 5796
2223 7809 3804
7617 2429 8873
7625 5762 8844
2471 6630 6844
2863 6219 3026
4918 346 1664
8198 9892 3083
2825 8186 1199
7961 605 7786
3067 8810 5720
730 7628 5796
2825 8186 4367
2429 8355 1288
9247 4557 4034
555 5283 3741
3420 771 2610
8355 8682 1288
5922 8847 9121
1277 8294 877
2195 4007 7698
8791 8271 9366
7223 2471 6630
9304 605 2507
6764 3026 9258
509 7266 9437
5555 9984 9174
7080 634 5158
8765 4330 4655
5374 9998 980
5555 9984 1307
7265 1617 5109
2082 3120 4204
7861 3905 1379
5555 2165 8040
2666 9285 5285
2766 917 850
6764 4390 5049
2863 6219 4320
4918 2666 428
4897 9304 605
8812 4565 9053
5762 6421 6056
5888 8305 6088
7223 7265 6630
8547 7053 4565
346 4603 2174
3667 8271 9366
2766 4630 850
7861 5817 1379
6764 9475 1097
5555 2102 8040
5555 1307 2102
8305 6088 9938
2697 5283 1936
7223 2414 4275
8547 9329 7053
5922 8847 4632
4897 8812 605
2356 7625 5762
8806 5493 2174
4918 6779 8054
346 7244 1451
7545 5435 6661
8812 7786 5664
8198 8064 3083
3067 5882 165
3067 7617 5882
7223 7265 4275
1277 3930 877
4390 1779 725
2356 1277 9844
2356 7625 9844
6545 8974 2691
5762 9504 6056
3667 2196 8271
8806 7244 2174
4918 2666 1664
8812 7786 9053
6189 7199 2200
8810 2195 4007
2736 5389 3170
8810 5720 2195
6100 6545 8974
1525 7265 1617
9504 3930 2104
6642 555 7754
1277 9504 3930
8064 5652 3083
9578 8450 6189
2356 1277 5762
6642 8889 2785
6642 2785 6418
2736 2082 4204
6642 8889 2736
2736 3170 8266
1277 5762 9504
9578 8450 9329
1525 278 1617
346 7244 2174
9577 8765 2802
9577 8765 4330
8547 9577 2802
555 2396 3741
2736 4204 8266
4716 1117 2196
9578 9577 9329
5169 2133 5854
4716 4897 4276
2736 511 5389
4716 4276 2196
3667 4716 1117
8450 5922 6189
555 3341 2396
555 511 3341
6642 555 511
7080 1525 278
6779 9358 278
2133 5854 6001
8547 9577 9329
6642 2736 511
6779 7080 278
5922 6189 7199
6642 3208 6418
3208 6418 1988
6764 9475 1779
3667 1117 2196
8064 2133 6001
8064 5652 6001
6764 4390 1779
3208 3667 4716
3208 3667 1988
