8780
683
3647
8731
9723
4306
9922
9739
6091
2287
3301
7404
8763
739
1581
6672
9588
8073
4961
168
738
9169
5103
3125
1323
7566
7270
211
7565
7881
3411
9453
6916
4829
6200
9343
2452
9436
905
7453
6269
5387
8328
5077
2558
9671
4329
3180
4990
8175
5690
3966
7771
2986
7231
3159
6644
1994
4819
6666
1706
3263
8076
9274
1204
5846
6179
3140
364
9098
4135
2425
9618
1470
6355
5569
4728
9513
4561
5948
828
689
3122
9408
4
8800
3425
7725
571
1898
2604
9709
8582
9330
773
4859
8474
5242
1635
3794
4429
4928
5273
6262
416
6118
8058
3496
5989
2738
5000
1864
410
4537
7202
1209
6199
4571
4692
577
5173
5714
510
6581
7169
9323
9786
5549
66
5332
8737
5600
4392
829
8848
4567
4427
162
2127
6155
7884
2590
9804
9858
7091
68
3152
9903
1497
1468
3658
3370
8719
260
5976
5421
5986
5623
6697
7450
6836
3567
5301
7070
7485
4576
2369
6582
2917
7510
5868
9209
9478
6646
2408
9663
1613
2876
1365
228
5088
3695
6862
1515
770
4210
9888
268
6736
8379
1430
845
1183
8234
7305
7032
8425
1847
8101
5834
3727
3137
4472
7988
8392
6845
6393
3502
6129
2386
2842
7418
4614
1437
9293
4092
1446
2002
6371
8991
9703
8323
8589
5912
7457
920
6830
5046
235
7403
7037
5953
4398
5884
6055
9655
5729
1215
2878
8811
6043
4115
7304
3089
4870
594
3158
1896
6670
8921
4505
4866
5648
3153
7563
5625
1244
2491
5274
8824
2713
1655
6531
9340
4114
5343
9450
7740
4977
1010
3481
8753
6461
3733
3602
6563
7466
7099
9499
2716
3366
611
6372
102
7417
2973
6534
6348
8956
1163
4732
3889
7802
8396
1058
1610
3313
4547
6864
4575
4742
8755
2831
7637
1137
9370
3748
4155
6716
1753
1917
4074
6669
8497
3677
1035
9081
5026
8377
7869
9194
5184
2683
3389
858
8226
5325
5236
9921
97
1605
8913
3143
1171
4541
5111
179
2747
5612
5275
7965
9171
9814
7635
6457
356
5220
349
6288
1688
2457
2745
5904
9104
2640
2882
7046
1821
849
7314
5903
4921
5943
7394
215
3862
7692
7008
7283
8882
3894
8130
7973
9277
9181
4683
6079
9045
882
5244
6050
9674
8059
7209
4291
1478
9608
8422
9770
2013
1956
9409
3163
1396
7897
758
1825
4906
4798
6955
4712
1612
7289
2787
7848
7451
2296
8815
5742
1771
654
2023
78
8400
8930
5417
2687
8642
6738
8235
1714
9666
9540
6535
305
5734
5257
2323
6967
4647
7156
8988
7499
6876
1141
3085
9227
8725
2406
8746
2774
2482
8407
5769
3051
477
1392
6297
5680
7352
7214
2660
7064
34
7268
5981
4793
3407
6257
4974
147
2535
6853
9151
9877
7642
621
5434
7090
7935
4810
9699
2461
515
4927
3104
749
8121
740
7585
6077
9034
5496
3790
37
2395
9909
5314
6997
9135
2678
5361
6615
1569
3205
675
6424
6165
3294
2423
565
819
298
4502
4640
3743
2307
2092
2232
294
1319
3271
9788
6819
2383
5264
1752
3212
9316
6107
8467
9686
1038
8098
4304
2120
9603
2244
6772
5305
104
4016
277
4508
5454
2627
5083
3314
6884
4696
2107
159
4003
5060
6049
2670
548
2614
3871
6305
4860
8739
807
115
2548
3749
4150
6888
6632
8915
3358
8245
6111
1530
8039
1894
4756
9759
9657
6851
7643
1839
911
5480
4223
8668
4160
2820
6138
673
2895
6850
8637
5587
2791
1913
6135
2909
987
1385
4305
6881
5975
3782
8029
6332
6975
8634
5109
6259
5463
3517
3013
8553
2201
8773
8598
1874
7275
3193
2098
3182
3765
9052
2952
6397
6897
2862
7278
476
9526
5295
7890
5602
6452
202
7211
9872
7837
848
9027
929
1441
9969
5748
4973
3649
4121
3796
4549
8470
842
382
6301
5581
8021
8923
5747
6547
2987
4299
4552
8045
1085
4308
7713
5090
3060
7824
8966
8481
875
9740
9510
5204
868
8048
1026
3596
7005
6894
3127
1431
1974
5235
1016
5512
4910
8510
6964
9731
4883
7909
7932
6485
3972
782
809
158
5270
5660
4375
6137
1429
6443
8879
3603
9056
3738
2469
569
399
105
131
5855
2560
3831
4838
8952
3770
4234
7225
7484
5450
2609
6498
2477
3560
865
9411
7896
3440
4563
8869
2720
89
4976
999
2407
4856
2368
5230
5125
4401
830
1329
2809
5527
3058
3054
7744
9044
5850
4799
2438
3144
3817
4323
3996
3196
3446
2885
1822
2559
3721
71
4010
13
8626
7415
6771
5338
9773
7898
5071
641
5750
5818
4914
9155
2669
3915
2119
5829
9373
4106
3169
7785
7838
4444
5176
8362
4596
3121
6176
9105
489
2443
2927
5428
8691
5478
2064
6700
2977
6223
1066
6848
4832
8453
6824
4989
8816
7498
4491
9717
1568
2769
2154
7560
4992
8138
869
1006
5383
3787
8918
9519
838
5713
7363
8307
2652
3256
9838
1564
5640
1725
407
7434
2672
2484
8211
9448
62
2478
9470
7221
9320
2580
8315
2056
2331
236
4782
6751
6095
550
1629
4283
7743
7288
7194
4785
5114
3019
1366
1173
9119
7259
2381
2347
6820
7846
9797
4087
933
9837
6053
1592
9955
5633
2942
3723
7471
9272
3750
5835
7862
2048
6469
5384
6809
3450
1061
176
8025
8200
6370
317
4393
7839
373
5751
5209
9452
4730
4090
6425
9005
1500
1042
1074
7327
3414
2921
3598
977
9807
3404
1174
4324
1184
411
5163
2881
7454
5802
6859
6004
3464
4611
40
8801
3166
6793
5786
6133
3809
3993
3161
4088
5323
9391
5407
7165
7472
342
2206
9914
1285
2661
4548
8987
6212
4432
8475
3275
6268
1920
3034
4852
6742
4052
4731
6058
1359
7362
8570
4685
7341
9249
3524
2525
7517
3087
8525
8986
8728
3412
3308
5340
9175
8813
5639
7193
2164
9743
2621
9014
5628
4555
7572
2091
4212
9758
4554
1352
535
200
3621
469
7540
403
5113
7413
9395
6977
9434
6147
8290
9779
8805
9636
3774
5961
7034
518
5649
8102
2816
2625
2879
5957
1030
8903
4786
449
3718
5543
4477
7103
9459
9932
794
7291
4082
4822
6473
6896
6579
4069
7727
8143
5233
9108
7541
4032
6415
3036
2776
3541
18
2346
1166
4314
3535
8195
1480
1164
2513
8652
4389
7699
1318
4956
2974
1157
7399
9530
2689
492
5907
1123
530
6032
7248
7606
1749
4503
1987
1236
32
7780
7910
6363
4770
507
9401
171
5683
7924
8230
4771
4226
5519
7269
8201
5192
9886
472
9126
2460
9188
5667
2344
9558
4108
8056
2072
9710
4672
1078
3157
3779
9960
2793
2289
3382
6937
6995
6509
8550
4408
8599
5776
817
7828
7079
4665
8759
2156
248
5531
7043
2712
5118
5772
1843
1627
9419
9353
7029
6019
7984
3665
6256
4803
4510
156
98
8461
4599
1662
8311
1363
942
6546
2309
1862
5422
4280
2000
6162
1502
1682
2413
423
2284
2992
2378
6560
7210
4107
8132
5315
234
6825
8126
1803
4995
3255
9660
4930
9548
2714
2106
8538
6844
6517
1521
7464
9157
2305
5469
205
4006
9484
1072
2320
9529
1687
7693
8019
6408
5655
5076
2877
4639
6444
9009
7748
3396
3578
1617
7025
4660
5465
3648
9950
1295
6134
1064
1787
6221
6096
2409
7571
6790
6345
7662
8727
8562
3281
8508
5400
9143
8732
2387
6232
9263
1599
3154
4915
9705
5100
876
422
5929
3155
1793
9693
3913
8062
9528
888
941
4766
4101
8067
8687
9229
9273
9215
8365
5860
5225
6316
3632
3870
6673
3175
7022
3336
4657
2773
2421
4265
4566
2646
197
9967
7007
1229
1678
3037
7735
6570
9139
3761
8920
4524
1269
7763
153
3373
5694
2150
4664
9659
4598
2706
8977
2591
9312
824
4478
989
9682
5511
9549
8390
2288
6808
2594
5925
1012
5570
8423
8060
6364
6018
3789
1120
1444
3355
491
8530
1022
7595
5466
5266
8774
253
4775
2350
1927
1904
3371
8620
9902
1903
3622
1584
564
8542
950
8901
5038
4624
9058
3991
2850
5336
355
6687
370
5070
2308
7196
8549
8579
9563
3230
3321
4645
3063
9374
3720
7148
7057
1805
2055
657
2978
7766
1032
5185
9763
6127
9490
3344
8631
8278
9100
3618
8127
5441
9729
7118
2771
3131
4578
5811
4421
8055
1353
46
716
8013
5589
5240
8601
2584
2844
7480
9464
4434
4780
8951
430
3375
7277
457
6602
5370
1827
8841
8292
4232
7789
9816
8927
7267
1888
5521
6831
1755
7918
3260
7271
5464
6591
4463
6659
3229
5025
7883
5329
9893
3547
5744
5823
4148
2941
4942
6442
9220
6357
4687
579
6341
5861
8009
6704
5610
3343
7665
323
9076
2249
804
9403
3654
7490
9973
7831
1217
3643
1438
6541
1616
7611
5457
2598
130
1015
9678
6813
3651
4369
1479
4181
6329
9850
501
8648
2718
9102
9427
2870
4671
6108
3981
4048
4118
3521
2960
7752
3958
9017
4999
8689
7844
805
7787
5051
6460
9978
924
2739
8083
1982
7011
4326
4233
9953
1758
2592
366
1930
5941
7651
5873
7551
2699
2937
1405
8227
8970
4180
8140
8696
6333
6628
1860
3752
6506
1782
6577
7303
7598
6834
790
6286
644
3027
4655
1802
9826
3802
601
3332
8189
8375
3662
681
8014
6647
4057
4060
1377
5099
8534
2852
9204
4255
8814
6962
3225
4909
8071
1851
39
5053
478
6852
4836
6101
670
2142
4988
4931
4758
5580
2784
7495
5379
3619
7621
8963
1189
1580
5534
5964
7500
9833
8456
4637
4619
9205
3410
1102
1482
6236
4012
7704
1696
4370
7531
1162
4351
4984
3951
2777
9821
2401
5927
2780
381
1194
2373
6450
1889
2326
8880
3577
4349
6478
1668
5599
3433
303
4347
2273
4143
2955
9803
339
1712
58
3376
5735
7929
9854
2025
5526
8374
6145
1596
229
4341
2539
2571
4202
4618
7468
5167
8002
6119
1110
8645
1041
9744
7372
8035
9683
2577
7120
1595
8004
5410
4767
4264
8890
3559
9700
6637
9487
6668
2068
5566
5272
6307
41
4021
313
2014
841
1049
7296
6544
703
4899
7315
5102
7456
3030
9749
1937
5041
6491
1542
4095
2982
6455
9572
1620
2554
9846
9614
3486
3588
5678
2916
9195
9598
7319
9569
5780
4125
9172
6273
8194
6346
2447
6587
4719
8851
4595
5620
9022
2686
6280
3999
3124
9275
7132
3933
343
3499
2302
6954
6606
6911
107
7659
9073
3350
5089
723
5392
9952
3859
1270
5553
6253
7901
9405
9120
9255
9898
8202
3339
6141
357
5782
9253
8417
5253
1386
1333
3220
3015
9337
857
9071
446
6648
5067
5131
7955
9714
9333
1698
9606
4966
1791
1250
1942
7440
8861
3326
2930
5132
413
227
2183
5962
1645
6289
3944
7222
9231
5044
9384
2054
4014
6513
9910
7068
1705
5597
9557
3134
3623
5181
2741
6227
975
6770
886
2641
4191
1799
7639
3539
5381
1700
3846
7261
4908
1618
5362
2043
2051
916
259
7866
9456
4353
9161
3757
8516
6692
1397
5011
76
8972
5382
2795
2506
1985
6441
2573
8858
8945
2743
7582
6756
6728
7039
3551
8541
9148
5663
1245
9864
2564
1859
4282
8352
4094
9495
2812
6725
6989
2681
7088
6677
6948
9351
6939
5753
4243
6208
7189
405
6218
63
3274
3415
1886
7964
7197
6154
9928
4714
7414
300
8818
1836
7710
6384
6410
7944
9617
3475
3969
1858
9317
1273
3215
787
9137
8919
5670
251
1425
9497
7769
7310
2832
1774
1493
8026
1445
3829
8905
17
7953
9407
2778
4359
8703
6122
7803
5923
2134
8706
3954
1062
5638
5439
5101
9257
9355
3803
9454
6780
4843
7205
6988
6910
4652
6063
6625
4609
8084
1524
6330
7921
2087
3299
8922
7681
4093
3845
5473
5066
4743
5727
676
7380
9286
935
4846
9168
9311
745
3698
4269
420
1474
2951
6639
7412
2546
8968
7700
9363
1483
8223
9422
9828
6027
5391
4321
3747
7078
5890
8948
7938
9583
2779
3394
2668
2701
3331
9992
1412
7858
9128
9332
2601
5093
7398
6530
9595
377
4579
8559
6617
7081
9410
6912
719
9769
4086
8153
9983
7146
1051
9206
9810
1316
1148
7280
988
8735
3673
7742
4278
2022
9336
9180
5831
524
3494
304
2975
5752
9777
2617
3195
6721
9819
4464
5144
9141
6099
4847
4691
1153
3043
7618
8942
9341
5560
1155
3352
4535
2595
5430
4693
2556
3886
3942
3869
9245
5576
4316
3443
5844
559
6413
2581
5863
5669
4416
1976
2052
9365
6464
3473
3102
8973
2155
3138
9039
2948
9912
852
5292
7629
7204
2835
9780
8333
1679
282
1052
6769
5171
5013
3290
9761
6690
2806
2262
3937
3740
7514
4783
163
985
1684
5833
4061
4360
8361
2132
7539
6123
4807
1555
8965
3207
679
1810
6264
1143
9421
9979
8380
8149
7469
6715
2108
521
3847
5789
5682
6501
7887
6827
7656
1710
1902
6631
970
4085
3480
2703
5585
3769
7777
9907
3659
254
1648
1840
3367
3482
8702
9775
878
6300
7442
3242
9733
6389
6278
3033
8587
1844
1242
4593
7220
3818
4678
8724
6230
5034
1098
7236
6905
4459
8747
4715
4382
8181
8959
8862
4146
8484
1625
1286
1321
1855
431
9252
3700
1337
6787
3046
8876
7916
2891
3065
140
9077
7391
3950
1673
2018
7660
8386
4412
1381
278
6001
5175
2829
1516
9400
4363
7816
2950
3652
9461
9824
9607
8157
8348
3198
756
4219
8388
1527
2269
8394
4000
4986
6467
1222
7583
1608
1912
5486
4550
7470
5518
1633
2292
5299
8251
596
9696
9106
8212
79
8784
9016
9095
7496
8267
65
136
2682
8457
9078
9235
6293
8065
9830
9722
1347
8835
3523
6047
2172
3968
7634
7793
8225
8577
9233
3927
4518
2005
8758
3634
798
1657
3141
456
9829
8926
8158
3021
4330
7279
1695
9116
964
7127
6465
1957
1794
1205
1781
4581
1
6711
576
1298
3778
8469
141
6929
2111
6187
8367
8600
4098
2827
3830
3746
6943
8558
6070
7487
7346
1918
1265
9160
9085
9925
7623
2237
2400
6324
3167
1341
7254
8109
395
9430
310
4004
7895
5562
7332
1717
720
923
4651
5634
4120
3793
2645
7116
302
3729
6022
3408
9554
5774
7833
3342
8591
3811
380
5854
5307
9669
8675
972
5355
4332
6502
1156
4680
9690
8247
685
7191
3998
8953
1773
7001
4907
4788
2605
639
1449
9676
4333
9616
8565
7292
3600
7922
8868
2932
5098
9140
5476
3835
578
9473
3642
3947
1589
9338
717
5398
8699
1940
8081
1510
3250
1601
8881
9599
6605
5189
8337
8502
3092
5322
4875
1796
4422
5967
3637
5991
351
9207
9689
3890
5545
7154
4377
1707
4296
1297
4203
9494
724
7004
488
7741
9176
132
2489
3186
1766
9035
5227
6375
8783
4380
5495
5149
1278
3755
5865
5168
7687
1423
6594
5908
1486
636
1508
5715
8786
7619
2796
6445
2695
6951
4471
9271
2907
3973
5849
7747
2503
7300
3670
8447
2516
4835
1792
4391
2524
5179
2276
9662
3783
8133
1517
5005
6953
9322
242
1399
7369
6520
7447
4184
5759
9862
7610
7592
780
2030
587
883
7904
9847
2097
1526
4881
2357
2813
8193
598
4744
8034
3361
2572
4343
2417
2639
5190
1296
8115
7501
9463
1998
5319
8733
3203
3638
525
3259
5918
9934
3462
684
7526
8771
2380
9019
9307
9124
2270
8621
3851
1267
2179
1402
1626
8653
2869
3932
3257
6719
986
1978
1582
7061
624
1091
2144
7672
25
6556
9099
7028
7527
7622
8069
4857
551
3073
853
8554
9092
142
9917
4763
9894
5924
8124
6017
3745
814
2411
2286
2734
9305
3118
5645
660
9321
6353
1941
4824
8742
6003
5096
1853
1422
7579
7674
1681
1225
9270
4978
4534
5287
785
631
309
3076
3919
2587
6656
9594
3489
2968
7113
6320
8387
8513
496
3172
3005
6150
3148
9638
3083
9972
5009
7736
7959
8649
7998
8836
1138
4950
1795
402
2272
9282
1683
6835
45
1856
4356
7405
8105
7518
8486
8750
8347
5375
2197
126
6801
9750
2981
5004
8825
9971
6729
8208
2786
3542
2629
2077
3192
7206
6399
8985
6416
1726
7856
8994
7677
5959
1121
7532
6907
3611
1481
6523
6702
5675
6243
3391
9943
500
655
3767
4623
9839
2867
9190
3111
6492
2650
9975
1808
5269
7387
8665
7749
774
1067
3200
5613
8125
3311
7395
6855
2265
6114
1948
2658
5728
1087
5142
9713
3392
6683
8569
9901
1101
642
3241
2954
1716
8989
4925
4046
2129
5711
9672
9505
9377
5429
8164
4313
2228
5932
2231
5286
3911
9262
8022
3269
7753
6879
5341
4424
4339
8958
4871
6512
4001
5010
8270
301
9192
1815
8322
9398
5529
7307
6899
2642
5985
6035
8651
1144
729
7497
4399
3055
9512
4287
3451
3512
8318
4495
705
5344
8376
1014
5743
3079
6337
1637
6453
8605
56
827
7180
3243
3511
9878
3605
2370
3914
5609
9392
9920
467
8850
4658
4141
6008
2006
1104
8360
709
3150
8239
5606
962
5425
2475
1732
167
5875
6496
1646
6080
4162
7102
2221
5741
1798
54
4104
8950
4874
3096
7155
6748
9023
8871
199
1070
9283
1450
7378
786
3428
6580
2929
1059
6706
5217
9288
8258
8320
4242
4747
616
7601
9345
2218
9989
7338
5065
5824
2692
4784
714
5801
7343
8788
9191
4675
1697
3901
6691
2589
4761
8555
1548
737
5150
6431
4686
1393
3110
1220
4171
1675
8756
6555
7400
9134
1996
5749
7695
7520
4246
2384
556
114
5358
4663
378
767
1065
5311
1764
769
2295
9514
1804
3949
5442
5260
5110
7548
2040
3898
4439
6336
6726
9313
5652
2628
3980
1029
8220
1192
1757
4806
9458
3688
8171
9849
3838
318
1308
4070
6493
3066
8962
781
5498
5767
1256
629
2046
8609
2693
9896
6204
4364
0
9571
5539
1208
3931
9747
4386
3741
516
588
316
9856
5035
2147
169
8037
3974
6106
7596
9892
7295
5528
8604
6279
9221
7012
188
7045
7536
866
3435
2189
5787
198
2613
1552
6252
214
5792
75
2472
7511
9309
9067
9542
5016
7143
5216
5036
1670
1638
6727
6267
6281
6287
9371
1268
2366
7152
1614
5487
5378
1025
6139
2688
8741
4996
3302
2547
4642
3552
5656
1488
4138
7529
8529
6291
7711
4379
9197
6789
4205
6872
5262
7697
6195
8218
7626
4440
9561
6171
9118
7256
7125
7613
3107
2067
2145
6366
1213
4849
394
900
9990
6378
4215
1432
9491
189
505
4901
2602
2476
2612
9977
1045
8128
9515
1992
4515
6958
152
6806
8730
5393
5068
5352
3826
2390
5731
3689
3351
7444
4237
2971
3965
9645
4331
1816
4251
5805
4704
5012
7340
7388
9586
3832
4257
207
344
4531
8371
4723
8192
9904
8266
340
3661
9559
8902
5503
5047
742
9294
2742
6521
4903
7130
2458
704
6746
9651
7226
5999
2768
7835
4662
2245
3881
6694
4496
7853
7911
9031
7702
914
6188
3429
7257
4410
6861
4967
7933
5354
6422
5165
8576
9890
2396
4724
831
3589
1557
3713
2864
1907
1088
1772
5303
1533
5881
5793
1300
3129
8524
7336
7178
7140
3280
3736
2118
7274
3023
2514
2364
6595
9122
330
6703
4898
2807
2131
6522
3216
6773
8369
9933
3095
768
3024
3562
3773
4423
7891
2911
7737
2980
6447
7914
5877
3452
8992
3424
1142
6456
811
8050
8405
3624
5517
6730
9166
7170
8487
3059
695
3863
1866
1641
567
7593
312
7602
2946
1081
6732
4682
9101
3170
960
1407
3929
998
93
9348
6588
1357
4490
7379
3333
4309
6614
4841
9859
8066
760
7722
9483
5333
6976
6132
249
3441
5755
7968
9177
1566
2341
7543
4208
8030
2899
8709
38
6708
1622
2749
2212
5653
6350
3190
2140
3977
2173
2184
2989
6486
8723
404
2039
8191
1417
4606
4130
3459
1506
9250
5968
6696
5686
326
9097
2935
2240
7971
697
8001
2389
727
3171
4590
3808
6810
1476
821
5722
2480
3388
7558
4542
2711
678
6754
465
3799
8291
9537
2511
6143
2527
8412
991
2304
6718
7115
1563
5074
1702
2315
36
6409
9132
5622
7446
648
1543
4958
3860
5247
8199
4342
1214
409
5814
2233
10
6515
4311
6559
6161
100
3810
4272
614
6314
2300
1651
4520
6657
353
5280
5050
8281
7006
2783
3009
8455
3716
2569
82
3607
3549
8995
9623
1775
899
6025
4864
3865
8734
7946
3028
3684
8321
932
5003
4937
3380
9869
2367
5505
6913
7164
1334
6224
4479
2939
9771
6946
1823
7542
7350
3427
6270
3983
9782
7954
5843
4608
1972
1665
4493
3231
4111
2834
1400
311
4481
5770
9433
3101
4631
8822
108
650
7937
5558
2075
5509
7151
3341
7237
5582
7718
3531
2137
8809
618
522
5583
2427
2418
4368
5840
1000
9268
8472
3022
2159
7345
3283
2203
1892
1837
2251
2634
8366
8173
8667
5248
9488
7923
7758
362
7200
2963
4228
9170
7420
8078
3882
6629
1103
9290
7941
2394
3442
9082
4929
2124
6968
2583
1583
1966
5838
7987
5281
6434
3657
222
6051
9239
9346
8330
8938
7584
4145
498
2303
5745
9196
7731
6033
5797
8197
3676
1611
94
2167
7260
1850
6388
8543
1013
8580
1311
6163
3923
4443
5389
5007
7757
5857
7227
1116
7067
784
3986
7433
5779
2235
6215
5380
4338
3601
9480
2764
2279
4430
8233
9516
2865
6652
871
6662
7880
2626
520
2994
9423
2837
1911
7086
3705
7764
7072
7750
7335
5032
9152
7506
9702
9863
7126
8522
2616
5809
9393
5791
7776
2918
7581
6959
6374
3160
9997
3478
5717
7588
1958
7003
1299
9254
1458
9511
3199
4722
7990
4289
615
6390
1965
526
4456
1139
2969
292
8671
6840
7075
1505
1127
2012
3303
6312
8296
4261
4144
5426
9149
5998
7192
517
5906
5408
470
4433
291
1379
1281
1071
4188
7614
9612
400
5097
3217
5331
49
5825
3457
984
9648
5278
4166
8180
511
6891
1469
6318
6941
2754
1126
6805
3674
7920
5595
8933
6308
7957
8495
2053
1737
4735
6978
4384
1108
9724
3251
4826
2568
1999
7556
2008
5002
5055
3317
9746
9619
7294
5858
4173
7232
3522
659
4045
4437
7366
6423
6540
3244
5186
6528
5891
2456
4436
9860
1263
7533
28
8015
4435
4926
6066
8325
6472
4551
7142
7575
5214
9366
6044
5806
4227
3008
8242
6438
2799
5197
6538
6505
3401
8943
4669
2886
2062
7290
7982
6500
5203
3905
6030
4235
8842
3422
4164
6303
1529
9502
1744
7044
8312
9927
6961
8785
6557
5170
4028
3565
3626
7873
1604
7229
1577
7830
690
1631
4252
450
9129
2931
3132
5368
9815
9049
653
5696
7351
7031
9716
8573
4117
9251
6169
5896
9037
7888
9748
4946
5006
4789
7774
3014
7850
3645
8768
6994
2824
4492
2676
7147
3563
6166
8364
7599
2034
113
1346
3920
3671
6973
5913
1303
7302
7323
6777
7863
336
6510
912
8661
8505
8855
9772
9258
1842
9069
2379
8452
4271
8426
4673
3273
1351
3620
2760
8520
4790
5878
2033
909
7215
299
9284
7703
1371
5969
3760
7141
5310
6735
5879
5479
6699
1736
7919
7930
7058
504
6609
2585
8097
8546
9781
5949
4519
2349
5693
3784
1124
2123
463
3444
8441
270
8996
3804
386
8827
2070
1971
3812
6804
8012
5237
978
124
4154
6317
8053
1172
1952
2032
1218
980
8087
9232
563
5162
6183
7246
7263
2412
1287
5919
5607
7673
1150
120
3772
1332
6630
4293
7616
3237
3178
2902
3895
7876
2905
3650
6974
2856
2995
851
8137
6971
8145
9649
3247
926
1881
4470
6846
4818
8017
7083
9834
1472
5586
9994
193
8271
3151
2229
8770
1654
6569
4721
6191
1745
4882
2101
3114
348
4526
2148
3557
6554
8236
3506
4163
185
9787
2502
8999
6799
5159
8596
6781
3945
7093
7612
3580
2962
9114
5488
2291
1562
1897
8047
3762
8092
7561
6233
8911
927
5695
3641
338
1578
9565
5371
111
800
669
7715
9684
4944
1168
3550
4814
44
1093
267
6573
9167
2402
52
6078
7936
9380
8480
6237
5115
9835
5001
715
2337
2563
7851
3432
1433
3701
1383
4037
4828
239
5075
7892
7101
9652
6354
5252
6705
8237
1237
918
9492
3383
1112
6722
8791
4620
9429
6342
2363
7098
9957
4697
8685
5413
9883
5544
1650
1460
8586
462
8259
7311
4103
8906
6584
7325
3474
3307
6228
3304
8274
5229
2528
9718
8680
1916
8253
6693
7187
241
4426
8907
9891
1863
1541
5411
8024
2211
554
3877
6826
6576
4129
8273
8916
4198
7555
6618
8932
1544
761
9906
9368
365
4558
2957
3044
464
4797
5563
3348
482
233
7065
8790
6675
7224
6140
2893
5756
112
5018
2290
5992
3570
5933
8410
127
3338
4705
2499
7573
8594
4628
6733
5467
471
1947
6634
3912
7792
4116
7796
1409
194
296
6774
5637
8041
9154
4659
3575
7734
1382
5977
5180
6542
4054
7761
9579
6981
1169
4050
1249
8967
4445
361
4064
2635
3218
1556
1358
4451
6002
2730
2709
6325
8865
8557
620
3056
7605
8477
6767
1410
5754
7082
8404
9783
8122
7708
9982
6949
2010
2967
192
1259
3952
1279
8269
934
9164
2555
4044
8308
9840
99
7041
7512
7111
6130
8864
7255
9795
2163
6045
4002
4863
1867
9951
374
1132
9965
1314
5124
2803
6480
9601
6340
3318
3240
8027
2853
5042
9609
8372
9874
2691
8349
2698
7168
8606
7002
1962
6516
4975
8114
8693
9001
8338
4192
6284
3201
3162
2523
2112
7383
5798
7756
5326
1747
4240
6059
9420
5424
9264
3460
6821
4346
4298
1243
2748
3254
5631
6245
7131
2365
6054
4334
4794
4100
6984
6915
1315
5052
1826
5778
4690
9376
3515
337
573
8519
3909
269
5419
9127
5492
3979
9556
6239
2360
1934
5193
9550
7049
6893
5141
4804
9496
3278
9582
586
6684
5520
5121
4811
832
722
6679
6926
893
5228
5261
9444
9493
2328
5268
1674
9506
3806
6768
6056
7604
4934
1254
3633
1408
7759
8052
7767
2651
9711
3379
2293
1092
1686
8593
9327
7994
1467
3571
5632
6928
6194
3726
3584
6338
7074
9848
8309
8359
7653
8139
2314
9539
218
5475
5848
5657
4187
6439
2586
8531
443
4260
1190
8108
872
5451
6097
2348
5596
1411
1609
5671
8872
3702
7185
6481
3780
3364
3285
6249
2828
4497
1434
261
4749
7097
5372
6925
8849
2342
8241
6446
8254
3070
4951
4817
4418
2
345
547
6608
2041
5202
2750
5437
8914
9199
1005
6712
7478
279
1494
701
9310
2836
2080
815
6060
1292
2746
5514
7482
6529
6040
5471
3639
255
6242
2280
2515
5431
3061
1227
3296
2694
4438
4084
3487
1264
495
5676
2723
7524
7649
6947
1206
2936
3227
1276
9643
9531
8584
546
9734
1037
2497
3900
1734
9691
3628
2529
4745
3094
8875
8263
1197
9937
1973
2570
4800
3995
4404
7426
9918
4376
7720
5996
9503
3883
6889
4706
6739
2375
8297
1330
4792
9715
4049
2920
1759
4923
5958
9940
271
264
1671
527
7063
9315
7615
3785
7907
3130
4568
7925
4689
6686
9765
6895
1984
6685
754
590
7073
1457
5239
2947
7815
1831
3520
2254
3599
5040
3077
7050
7879
3815
846
9046
766
9280
6875
8720
7077
1185
3703
1349
2501
7996
1906
3490
9287
3887
4858
7219
6548
8094
7949
7375
3997
3813
8884
2393
2104
4987
2673
3039
6996
1993
7970
3003
5995
6120
7993
419
3609
3728
3737
3545
6193
3461
3080
1140
7951
9389
3866
6117
8798
4791
9889
3653
2756
4403
9431
632
8981
6231
2996
19
8673
8964
5853
9174
2462
2410
9855
4739
4879
7355
3591
8585
9905
1778
3513
8491
6083
9944
2705
1590
4361
6220
3447
5950
6689
538
2374
9620
4248
5390
9757
9820
7134
5839
1415
1196
8532
6351
8302
9349
4695
7950
9021
2353
3940
9186
7100
9131
1266
8802
5153
4635
9552
2152
6843
4204
5940
9963
7071
119
4405
9028
892
8046
5345
8346
5668
710
9328
6258
8458
5554
2794
8007
1324
5349
9299
133
4740
1786
9823
776
8079
5119
6349
7530
5966
2329
9087
6432
6707
4119
1811
9793
9381
542
5828
9115
3372
8283
1448
1374
2728
4884
3902
5290
4617
8638
6676
7980
5915
3417
7505
9479
4633
1466
561
5740
1134
2160
322
6651
6302
979
2186
6856
6734
3686
2259
5816
9163
9266
2459
2217
2860
6428
8939
2607
2970
4916
8006
6877
983
7723
397
4733
8607
5665
9414
8616
3498
6102
667
2334
2247
2934
6383
1223
5048
2267
6938
6701
992
6205
8512
9789
5403
8679
1692
7655
8229
2431
6488
693
4861
5659
3238
3719
6048
7339
6900
9899
3957
2619
481
2790
1232
1073
6026
9297
8040
3075
4259
1905
4778
7
9712
7435
332
789
7396
7781
6387
3116
9641
4681
425
7671
8490
4153
4816
4982
7549
7791
7801
6124
5664
7716
5920
3261
2603
6240
778
1442
6435
9942
3213
1719
9291
746
166
4315
2180
3711
5993
4842
1395
8583
5705
7243
4270
8075
4592
2445
4509
460
157
8769
9260
1080
2440
2216
4480
1576
8492
284
7407
779
2993
9930
6775
6285
6526
5401
2165
5987
5222
1829
2175
2759
5647
8262
1195
7190
3976
4038
129
4667
6385
10001
3735
6213
1069
2618
589
8551
4381
7477
5187
1226
8038
6750
4040
7644
2479
9278
8672
2448
7860
3561
8571
7865
7458
7647
3928
1499
1845
4055
4765
1201
7668
4562
2071
8329
9394
276
5367
8086
8515
5448
3504
1704
6419
4193
2103
7746
6621
4873
7421
9226
6709
393
6497
3788
3840
8898
1724
220
8033
4602
4175
1291
649
9948
6985
9938
2928
9805
1362
2490
2398
5984
9218
7491
944
4573
2335
7917
2664
9976
7574
4015
4867
4365
8068
3156
3142
7544
4406
8448
4170
352
3252
2096
4894
6641
8979
7422
2810
9870
9292
4507
6660
2552
1727
1203
7051
2102
1284
6167
9521
8313
6815
9525
1427
8590
371
6741
4396
7903
6185
325
1554
2081
1258
803
7361
9754
2105
9622
1848
8089
6327
5020
5137
7463
5954
523
5800
4489
5397
3595
8436
4638
2811
2170
432
2588
2138
3416
5916
7627
7926
8339
7972
947
4185
2752
7814
1740
5590
2465
240
3768
1097
5921
256
4027
4955
4998
3133
2399
6142
5796
4374
7208
5841
7667
2965
700
466
6589
4559
231
3594
84
8111
5701
2202
6041
8819
7822
8204
5874
2721
4821
6306
9093
1735
2637
8984
3640
8280
6524
6930
4485
1288
2095
5905
6682
6671
8799
5414
8451
3377
9397
8636
9367
379
5577
5251
7334
6266
4034
3017
5934
4245
1988
5024
5086
5535
712
1031
3679
9460
4878
7181
1933
9687
3879
1384
2256
3669
2984
7719
1647
6758
2196
9778
3546
666
7528
6986
3717
5212
9842
1520
532
8961
5377
3970
53
6784
3112
4176
6121
6298
2385
4460
1024
6744
3820
4834
6021
4031
913
7452
5443
6765
9726
4019
6724
9501
3893
4197
4307
5716
8682
7212
8660
3090
4855
6525
8326
7569
7663
4594
6196
8221
5123
5308
1558
3078
7967
1852
6296
4011
5730
5709
8368
6186
896
6226
2283
3282
7322
833
7423
4310
6613
6294
7645
9799
9318
2192
3875
2704
3971
9000
5677
106
4498
2653
961
9298
7525
5145
5039
3430
9445
3431
9074
1538
8777
4395
5883
4649
4694
3268
7284
3006
1553
1234
7688
5702
519
1260
1414
6157
4543
4241
3908
4161
4750
484
9873
5601
1464
9760
1503
6597
2775
5636
6064
8090
6153
7864
9766
3012
5313
2264
5808
5337
4483
1713
2518
9545
6622
2541
1179
1191
7564
5662
7597
9991
9836
9591
1057
2483
5092
9213
6963
8695
1790
5804
3184
6092
6866
4218
663
802
3288
429
2135
5935
6616
3948
7762
6251
725
9949
7306
3128
3744
8147
8581
4564
1955
2038
1391
7706
9998
4355
4099
151
3874
2113
5700
183
6086
9138
7445
7176
8683
8618
5725
5154
485
287
5105
8796
6202
5300
7654
3564
1380
9553
6680
937
1656
7203
8501
9130
2294
897
9162
9362
5564
1935
8925
359
1459
3146
60
1118
3491
3340
2896
5781
1891
4071
686
3680
2090
8151
2193
2434
7357
677
274
2114
873
9650
7962
1936
5304
7429
5474
6313
5324
7282
9026
2282
6823
2924
4067
3099
5516
5605
6011
2047
1876
7119
718
9269
5624
4499
6887
2442
672
6818
283
3362
5910
4762
9517
7690
4709
513
5732
5120
2157
5019
860
4862
3795
7402
480
921
8205
7632
31
51
1210
7384
4641
1567
5022
1738
8632
2253
640
5893
8762
5537
5687
1532
5447
2545
1345
6110
7250
8082
3306
5956
3211
2419
8161
9745
1990
1534
1302
376
8358
9634
609
7648
3764
5420
217
42
5513
6016
8883
1310
4132
7137
2530
6476
8355
6414
1703
1750
5842
414
2964
4746
9094
5191
3529
6126
3177
2321
4063
9089
8917
810
3405
2596
6590
7868
8504
5506
1728
6795
4371
2805
4844
2453
8443
8335
4009
3050
1593
2631
4580
8418
2914
1060
3625
9109
7353
208
6065
1951
7974
6603
9966
8028
2536
3032
9581
7331
5213
6271
5971
1780
2011
3353
5909
7309
8830
3955
8440
421
8829
7797
7783
3896
3823
662
6405
5859
8567
2579
3390
1586
9350
5689
5947
5061
6404
5738
9593
8677
4026
1452
455
6412
2798
3100
5490
5641
7666
5889
3323
1109
4020
5578
9219
1307
2470
2758
7773
952
9279
9029
7871
4177
2519
9053
6944
9153
8431
7800
3004
7670
9843
651
7940
8595
9647
8260
9825
4922
7473
6234
3454
9382
2922
9708
3953
2174
8248
958
9600
4221
3098
4522
4214
497
453
7847
1594
3672
2690
6177
5650
3289
4964
4494
8710
7347
5646
1699
8100
7182
5199
2313
3910
9707
8793
7928
8980
5201
2940
5064
4851
2858
6792
9675
3613
5867
1784
7010
6321
5799
8123
461
1986
9822
9096
7684
7576
4727
4701
8473
8434
861
3188
3258
2433
623
638
5116
2263
1721
427
8934
9178
7026
8998
4850
5027
5550
4209
1666
2959
138
6471
8398
4545
8928
8940
3585
1054
4853
3064
5501
5069
3174
4939
7145
1161
7216
3586
562
9796
8163
4065
9800
7927
5895
4207
1720
5104
4953
1890
3731
4385
8910
4174
6072
5584
363
9342
1439
1709
1027
2397
4540
1806
752
5158
5353
9457
750
4217
4539
4626
9939
8341
4486
4018
1878
3187
8156
9784
3020
3228
3467
4275
6265
6085
7843
4344
8949
4513
4317
3016
7698
6459
7230
6081
6380
3526
4112
9111
1922
5685
2238
4787
2654
8535
6433
9610
1443
4935
7027
9974
5241
580
2507
531
3113
1565
3359
8228
9658
9533
6073
3593
6203
418
5571
5757
816
1551
245
9604
1938
8445
87
1950
3497
5062
7121
5951
1928
7177
4322
9587
6222
8745
8433
4487
7392
9440
4149
9706
6549
5822
1289
9359
5094
5369
8152
9489
2441
7114
808
6653
8363
8854
9224
4378
247
7977
4713
1939
2944
6093
5178
8036
9396
6277
8023
6088
9633
5223
9756
4367
3849
8960
1523
5330
8384
7804
5174
4993
652
3834
1373
7089
4358
7819
4047
9876
1040
4080
2234
2638
1048
4913
1216
7652
4476
5346
1230
6198
7251
4869
9246
1621
976
5746
5030
7344
8832
3041
5892
7624
2136
4097
7834
3445
7133
543
6361
5210
3403
4940
499
4603
2781
9923
1238
4512
8714
9535
3978
8975
8578
812
9947
622
2949
7631
9347
5468
2007
1133
4254
3935
5703
6197
4511
2767
3477
4627
2724
7382
7084
7948
8103
69
1980
4648
1963
1743
3223
1949
103
514
8789
7559
5461
7620
2416
9234
2610
840
751
1187
2988
6902
6753
8705
109
396
1376
3484
5347
8424
8427
850
3327
1199
9136
6645
6144
2674
5827
647
5043
8498
3179
5494
3291
8588
5794
8213
2740
7108
4972
8853
4572
7371
8243
9968
30
7502
9482
6057
8575
9230
9935
6178
7508
635
7521
5037
26
1953
9500
2526
9970
7136
6807
1632
1834
9574
4190
4134
1977
7393
1833
8408
8622
8031
4848
4759
8623
2630
246
8764
6014
1779
2359
5267
4889
2324
9993
9880
7239
6561
2814
5533
2403
1628
3456
9881
8633
4980
8629
1539
9331
1893
1783
7978
5928
9033
6282
4525
3941
8602
3692
6601
2214
5980
8483
6331
4091
2003
9061
7794
8421
5523
8748
8646
154
2473
3356
544
5593
928
2821
424
2151
7427
6207
3038
656
5737
7550
21
1340
8016
9259
4279
2191
3938
1017
3508
3854
6131
3026
1832
2904
1175
3381
7329
4284
7489
4484
2021
5245
6999
5615
9202
1186
1146
2887
6607
7790
904
7537
8432
375
5127
8350
3029
8393
4831
9551
7368
3483
2036
3119
3858
5049
3168
9142
5812
7913
6868
8936
9388
6785
4557
8782
8231
2707
186
9007
5298
9439
797
7786
2910
7590
3449
6343
2299
1348
5990
8261
3295
6919
748
2128
7568
1436
1159
1585
597
2241
6886
6558
602
6858
3961
5736
8635
6870
891
5988
6761
4448
3438
3924
74
1964
8627
1219
7228
3964
6395
6743
6386
6421
81
494
3264
1746
9451
1729
3084
2851
6932
5914
7013
7906
5946
7817
8096
2804
9936
8391
9698
4066
2194
1304
2258
3049
1979
3346
9573
6921
8990
7963
1262
1900
2789
8692
3421
2318
7117
4325
2182
9276
1312
7367
8863
2534
7859
9185
2656
5540
5795
3828
2169
680
7233
7042
5282
1659
6598
5279
3458
5963
6970
5608
4589
2133
7160
2358
9764
3707
4666
7406
2557
9632
4262
315
1082
3556
5974
1100
7989
2561
6863
1416
4601
2377
8057
5172
4007
1255
8708
3880
1715
6418
9752
7991
9681
180
6816
5029
3569
5169
5440
7760
2574
1841
3906
4670
2710
5764
3984
221
4802
7845
9621
9390
7983
7729
3604
2226
908
6087
7943
4830
7609
613
8148
5546
637
5508
792
6152
1282
5871
5320
5017
8775
2110
4126
1247
5402
8093
1658
3528
1086
3532
2744
4536
6052
8342
8295
1271
837
3105
2354
9984
1083
4708
8462
7594
6090
7679
6564
1039
1969
8711
1926
9303
2187
149
931
6829
2923
5207
3239
3656
2200
2999
7683
7678
4457
1202
9560
4707
6411
8776
8032
2042
8343
7265
2508
4292
7995
8647
6180
8182
7317
8317
4415
9981
7158
8249
7600
9193
3631
8899
8324
3587
1828
1023
3298
33
2195
5409
4036
3235
2015
688
7186
1943
2340
1875
9212
8428
8804
9243
9728
4754
5082
533
5970
257
4600
7062
4529
9677
5872
1560
2925
8414
6854
721
4577
6578
2719
5708
7788
3286
7882
6562
5489
1814
3777
2204
8120
8560
1677
5045
7992
7431
6211
2099
788
2544
3646
1056
7628
7316
4297
612
3479
7603
3756
5138
2685
4043
3797
6396
122
3135
1661
165
8974
4373
8839
6794
5081
3975
8063
2875
7035
8332
5627
1694
3091
4102
951
128
206
1667
6636
6511
7538
1760
7658
7809
9103
3704
5491
9267
146
3439
5396
8715
966
6075
3164
3031
5455
4295
2933
4238
5458
502
4327
3821
281
3814
6633
949
9200
6175
835
1021
8219
9831
6012
7689
7016
595
7128
8051
2802
3791
5936
5621
4560
5140
9475
7900
9179
7199
2083
1111
8511
2880
2266
2620
4281
6762
8
930
5720
3476
4661
9544
2732
1099
8897
3724
2158
4924
4845
8908
3316
4127
8072
6798
7515
3322
1372
8704
7364
314
9852
4565
9462
35
8641
877
6429
4622
1356
6931
8826
8240
3936
6489
3453
2161
5603
7397
6612
3018
8772
3310
6201
8887
7806
5937
2100
627
6903
2338
1644
5317
4812
86
9661
9656
5316
2797
6235
2855
2715
7840
4220
903
6936
2391
906
7821
5699
4274
2667
6918
9626
2912
605
4258
4892
1428
8468
4684
7960
1919
3249
8010
581
9091
4887
898
2439
4960
7820
143
468
7966
3315
5285
3691
6379
85
6965
3864
293
826
9568
5955
2079
7724
6695
213
2252
8539
3266
4039
1770
8298
6664
3173
3616
2826
8643
7386
9692
5360
8707
4383
8957
6466
4201
5033
3045
5718
8751
4781
3053
5945
2611
4528
795
3368
5611
5785
8528
3265
6759
5982
9146
5238
6519
9644
1370
4017
8650
1338
1107
6619
9841
9237
6575
6969
8403
6545
726
4158
7872
6797
6796
2702
3925
4350
3615
5666
5436
4725
8681
1193
771
8446
5258
8279
2549
4025
2392
1873
5619
7691
9244
5679
6922
7333
8976
4083
8465
2257
8844
9216
8888
7867
8305
4588
9379
6567
6917
9208
4137
9640
6620
3576
9
775
7439
8327
67
3548
8264
8831
9437
8686
5460
4969
9025
2677
1776
5148
4096
2772
144
3426
8997
9832
1463
3683
401
4466
3786
8615
4169
4604
1008
1335
3279
9339
9182
7436
9238
1435
5452
9079
9063
3360
3393
7163
696
6714
266
487
4475
9812
4801
4178
7286
2372
3001
7842
6170
9324
2990
2800
8117
358
9248
3530
7669
6358
5573
1424
5790
3597
1475
8459
7023
8684
7048
6553
7578
8678
4263
862
730
2250
73
2444
7945
2493
6463
9038
5692
1899
6924
9040
2788
3000
3527
9468
2430
5205
1084
4058
2871
4556
8444
7999
1501
8527
3010
8471
836
1496
6417
1077
1233
191
2550
5719
1975
7428
552
7535
4650
7234
6604
177
7636
4823
5604
8397
4159
2361
6182
9201
4230
2808
6315
6993
178
1002
6254
9308
1865
9385
289
5395
2901
6766
9372
4774
1522
9062
2325
5459
7878
6276
574
1326
6250
7017
8416
3363
8729
699
6786
6217
5847
3126
3681
288
4612
5072
6565
7235
7915
3324
2153
2168
5130
6878
1857
7894
9964
6979
2060
4140
3325
5815
3699
6920
4905
1597
8186
5733
4186
7493
820
5283
5206
763
2009
9844
6499
4646
2765
383
6113
9285
4152
7641
181
1240
451
1923
1693
5579
9741
3959
452
2576
982
8886
6477
6623
4407
8983
3844
2243
6952
9915
170
20
3922
9158
1239
9156
8011
9613
2122
1909
9808
1929
9527
1004
668
3678
2894
9466
226
4402
9080
8409
2026
8301
7018
5023
3500
7253
8874
8982
8808
3471
9413
8135
3751
2633
3742
4777
3878
7534
7153
9611
9946
9695
6376
7507
2343
1231
8185
1309
9817
3516
7546
1882
4948
9926
3194
4123
7638
4630
7437
3930
8954
8429
6624
295
6146
1788
3706
6972
8411
3202
8415
1344
9047
8509
2510
6585
6068
2319
7272
8129
341
6246
3763
9801
4591
1623
6149
600
2382
2825
6398
7893
7112
2540
5845
8401
50
2532
8190
5309
5901
2953
6532
2512
7826
974
7241
6957
4938
9121
3501
8178
5433
6890
1559
5739
1549
2717
398
5255
5888
582
1461
6873
1280
8061
258
4320
5542
1546
3709
4654
8209
4462
9941
3714
4022
3582
2537
4949
1959
6468
9865
7297
9356
7129
3209
8752
6791
8574
7419
5297
4527
391
8020
3675
9048
8277
7356
7312
4920
3732
3493
8810
7019
953
731
3885
6752
5073
6360
7465
1838
4247
5444
8077
9504
3455
3841
3097
1462
2729
4394
3469
9241
4446
4105
9008
4244
4276
9449
8310
2121
6304
8846
9225
917
6071
5087
3801
8611
9507
7685
925
6368
5661
2956
993
2451
2474
8064
2521
9615
8314
7030
7547
5931
1869
8955
9790
7123
4005
6394
2998
3660
8166
2840
3610
4827
2274
643
7438
5902
2822
4168
212
9885
8222
203
7981
5198
4570
7238
5629
2311
8566
1089
536
6381
182
6661
2428
8765
9481
3145
6462
8674
8049
5388
3120
6274
8834
5363
2466
7342
2084
9627
5788
708
6094
2487
1115
880
7060
5897
8284
1011
6654
2345
238
2082
6874
9580
4585
9642
6504
8288
4340
8900
6837
2567
5208
1701
5219
2061
9467
5493
3086
5917
2298
4643
8744
5852
7096
1360
7122
1600
9498
3725
3855
854
5817
2236
8592
5427
6219
7328
7522
1246
9589
6865
4700
3579
7461
2198
4122
306
6449
9086
3165
6803
6495
4586
7732
5284
7808
2117
2722
8112
4319
3420
3071
3872
5177
6062
4151
5938
9794
2268
3543
3345
4893
483
4354
9924
1322
5232
9012
2074
3423
8160
6290
319
7562
8506
6494
6811
4073
92
9680
5821
7841
1615
3103
9605
955
3989
9465
2838
4970
6934
6125
6322
9378
2050
1910
2830
7213
4488
118
6832
4200
5882
5423
6566
3655
5155
508
8797
155
9036
7782
5482
2562
4902
5635
9954
1096
7281
682
2498
5359
8718
922
5122
9133
184
8419
2178
6960
8207
839
6
6713
687
7979
4981
3386
3946
1945
4941
7492
5773
5704
936
5028
3276
7682
7159
2414
7870
7055
9083
1128
2176
8713
5160
8820
6367
433
116
5674
3007
2139
1274
5126
855
1598
2582
4533
3397
6136
8150
5435
9813
691
5820
9002
48
6067
7455
8466
7680
9732
3827
8187
8413
946
6391
3330
1507
8370
4256
8807
3987
408
6061
7607
6482
3722
6401
1652
3011
1130
9597
3839
9214
6069
8286
4469
5762
5574
9520
9985
1055
9211
7266
15
5294
83
1573
1540
3048
6474
9755
9228
6448
2297
8909
6678
2976
1160
5783
8662
6369
5894
512
5183
6783
4679
1154
4357
5942
5572
3436
77
2578
7939
7036
5152
173
4718
3687
8289
674
8043
971
9435
6382
9357
5277
9006
9064
3378
2422
8141
3730
608
1997
5900
1068
448
7124
1914
3197
9736
2076
6982
3592
4229
4963
5291
996
1550
5672
2454
1954
5997
6640
8852
7161
5524
5366
101
3068
6454
1676
1660
9961
4041
7931
1105
5965
2517
2624
3418
3365
969
4303
7053
1336
6403
4136
2028
8779
6533
3384
4825
8336
9150
6568
6407
4081
9043
1812
5688
8177
7358
9050
1421
646
8430
8118
7832
1528
3106
1053
23
9352
4199
1200
7586
9189
1114
7874
4877
5107
5194
4411
2471
1574
8395
1741
3206
8485
1044
286
4425
6173
3002
1602
1426
8304
1885
110
6723
6323
3988
4053
5276
1685
5758
3387
7459
1961
5960
6082
2029
3685
8146
5777
90
5642
2260
741
8873
6112
5157
2785
599
6833
5502
6745
9240
645
7467
272
7040
6698
7877
243
1547
6248
8537
981
3715
5136
8464
7360
2449
7795
3554
7905
7855
4109
2736
216
4461
8654
7696
1981
5080
5031
8904
9646
7059
1413
8198
1167
3630
8694
2208
7784
9541
7854
4815
2649
2316
8885
8489
6470
5129
658
2991
7545
5522
6908
3967
3081
3994
1944
6430
9575
7092
1135
384
2727
2766
2926
9107
2979
907
4231
4397
1471
6420
7349
2818
1343
2884
2538
6749
6151
4959
8493
7509
540
8561
4051
5832
4632
5243
6229
2141
9329
3329
9809
8294
2815
1176
4453
8406
7608
895
9090
1350
5085
7172
2985
3123
8276
16
7902
95
5364
2166
3204
1537
6156
3062
8000
6740
8946
2388
4779
368
7889
7733
9042
4607
3921
5830
320
5021
5374
8252
6681
5432
2551
1691
5328
475
2275
1235
3503
1901
8085
2333
4449
6209
5551
2057
3758
3398
8080
1731
8608
8319
6945
1789
9882
9055
5697
3082
9472
8597
1854
1465
5765
884
2615
447
1883
2997
8640
3319
7657
4417
5588
6914
2494
3347
1451
7359
9165
9184
6592
3226
1504
4613
4450
6688
6038
9057
6550
1769
606
7504
2662
593
5143
7024
8303
7714
5250
8402
9364
4286
9628
4734
148
5707
444
9919
3696
7166
6869
4702
1198
6440
3509
9630
4538
9518
541
867
634
5899
9566
3434
2509
458
4751
2109
4840
3399
2019
1149
1152
997
9602
9387
1663
4968
14
5983
209
3400
2983
8833
2045
4337
1932
8781
8523
3293
137
743
7675
6128
6838
7686
7475
57
8420
1221
1181
6885
7805
1846
7827
6814
8889
633
3892
2126
4182
4285
6514
5768
331
1378
3536
628
7385
4345
759
5350
5771
584
7308
6788
6987
8003
2130
9198
8787
735
8168
3873
4431
2801
1800
4738
7886
1075
4971
9538
1106
8331
7066
7481
9383
5091
2488
2849
5161
7567
3868
6335
9956
1401
8628
5139
2888
5008
8478
7443
1293
8503
9785
9721
1877
506
7033
5095
7738
777
3222
8533
4605
6172
4056
706
3139
902
1756
5376
4113
3781
8564
1762
4442
7109
2919
4387
6074
9884
2531
2495
4249
244
7301
8183
8265
2648
1125
1809
5215
9068
4644
7591
8845
1178
9725
3766
6328
6184
5810
7811
1368
9751
1708
6983
3136
2863
4328
2278
764
1607
4277
3876
1224
328
6849
3891
1364
9818
2143
1063
9112
9344
2037
3472
3819
4553
9570
5147
1730
6392
4698
3573
117
7701
8817
9088
8008
3960
3176
6402
4312
80
9018
8843
7195
671
1440
3334
412
3800
1519
5306
7942
9424
329
1339
7751
856
8912
7252
2246
8867
2492
9223
7244
9360
2035
1211
4776
5681
9432
8548
1331
493
8657
3253
2429
1361
6436
135
2317
6909
4517
772
6037
3867
439
8356
3270
1925
8463
7171
9051
1931
8676
1664
8167
9654
2792
8438
2004
9861
4653
9256
7875
5784
6009
9302
617
2833
7299
8722
9590
3534
9159
9358
818
7354
6543
7503
4318
6800
9768
3581
1420
2726
8794
5339
7589
3907
1830
9247
967
1241
2841
1094
428
5504
8630
96
1170
9995
938
8216
3939
8113
1454
4474
3519
6339
8521
8316
9404
3734
8941
9059
4755
3635
6326
3664
8766
4239
7829
6010
9980
5497
7630
2757
2854
2817
3888
1525
1294
2463
9547
568
5978
9265
3833
6310
5351
6400
6518
9827
3712
1388
1742
4428
4748
2405
435
8383
2437
6571
9110
2504
844
4820
5880
7650
7661
3739
3697
1536
4741
1320
4147
4932
503
1090
7318
354
9304
7085
2078
2242
2872
7094
5188
7110
3850
1177
6483
755
201
2892
9802
9020
2708
7976
9428
1561
5394
9577
27
8054
9508
7861
190
1453
7664
7961
3234
2659
6536
4615
963
9123
6611
3852
6956
665
1514
5296
5651
1748
2171
5063
9704
7247
7052
9776
8449
9070
2322
3963
2093
2906
5293
3402
5059
1606
2312
7373
5106
4768
2644
1498
8154
4868
5289
9261
8144
4059
1317
9996
3485
6098
8812
2239
509
885
8556
1113
479
8107
5254
3775
2725
9845
5499
2943
9524
9631
8172
9203
591
9041
4773
1076
7381
5015
2575
4532
8018
24
2663
3025
791
6923
8099
9147
2636
881
8196
6503
5263
6842
1672
8344
5592
6238
6089
4895
3629
2223
9701
3798
3406
6665
5760
2542
4569
125
6527
9361
9425
7258
919
5530
7717
863
1028
3419
9476
8717
8514
3514
3466
9673
4128
4943
8244
5994
1477
4390
9183
6181
1009
1587
2426
6437
661
9625
5813
3636
6537
2839
5614
4582
3992
1122
9999
3369
8526
9875
5568
5594
733
9688
5112
5885
7401
7390
7765
2966
4157
4516
7479
4668
9415
4506
1689
5182
3982
6764
3052
957
796
630
8381
4936
7745
3708
4962
2215
5445
1406
9210
823
5552
8754
2938
6583
9931
7157
1861
6189
6024
8373
5456
4452
8293
9929
8454
9442
5548
2643
6475
2496
7460
6244
9735
7707
5348
1354
3374
5766
5156
734
5866
2255
9806
8698
1723
1754
438
6600
8496
2900
5231
8206
995
390
6904
572
4616
5555
1634
7640
1946
2339
6991
9584
1545
55
6867
5438
9145
5851
4957
5510
9576
2958
2553
8700
1908
887
4954
1680
4165
204
2446
3614
7167
994
7262
3537
3088
8042
7389
9697
3413
2915
4216
5234
9667
7313
2861
7779
1036
1145
187
9719
8439
4574
9665
5195
145
5146
4250
8821
4414
4473
2059
3219
9015
7617
8287
2913
583
2190
8847
8828
6731
4482
252
6020
8663
7107
3668
2222
8005
1983
1711
6247
5386
9386
1033
6776
7285
6880
196
7242
7411
7376
4917
4919
1797
2281
7488
7818
2632
7430
441
747
9412
7162
3057
915
5763
4991
9811
250
8792
1251
4156
4211
9532
874
6655
9295
4348
3214
8142
6292
4854
9326
2908
2737
5078
123
4546
7293
3553
7080
4501
5819
6847
5312
7513
7519
5706
566
2146
4273
7798
8666
1079
1690
9187
4674
9289
5886
9737
1570
3149
1739
6160
702
9065
6857
545
7799
5117
5922
4757
3843
6572
2761
7014
3918
3848
389
3040
7772
2873
6490
8893
954
1007
3191
9471
834
5134
8688
8155
3837
7694
9060
4267
8282
2565
6206
2177
7020
6105
5196
6992
2666
1043
6779
7483
3067
8354
8891
3262
2362
1375
5887
4636
3181
4886
2436
7997
9222
1960
9010
6344
1619
8479
7849
7554
8255
610
7264
3666
1018
9727
2843
5259
1387
7625
4521
4813
3627
1305
9522
4236
1819
8971
4979
2227
175
4530
7462
7370
4736
9866
8740
265
346
4290
473
8870
9664
6000
2225
8268
5302
5415
843
8877
1491
3897
88
5973
9443
3385
5271
948
6084
5525
6100
9753
6023
8767
8806
2455
8450
9325
1252
1669
801
1818
2188
2230
3277
603
3805
3354
7240
9032
4918
8435
6210
1801
6901
4897
2845
4584
7449
3904
9879
8488
2657
8749
3437
6458
8170
5898
2185
7135
1785
5803
4413
9958
5654
2823
8184
490
59
9296
2481
9523
1301
2277
2336
6109
2001
4024
7000
9354
9477
6760
1807
7298
7516
2665
1639
7021
5151
604
3189
713
1777
940
6817
5472
6275
1456
8134
6192
4110
4625
3305
2125
5538
4890
4504
2543
7326
8070
619
150
8215
698
164
5979
7912
9555
426
2684
6593
4911
3
529
9406
3824
1879
7775
8110
1630
2301
2404
4912
6508
5399
5385
2065
5862
9578
9694
4447
558
6039
2697
8353
3956
9624
8894
4753
7218
8232
2961
8690
1765
8116
6159
6263
6574
9474
7056
762
3540
6190
8203
3990
2352
3109
8159
2753
560
6674
3754
70
4167
6990
7633
2435
2063
6356
859
6487
3682
8442
8931
3566
6174
9534
9418
8500
5869
2220
5483
1147
91
3822
9762
2306
2371
3544
1636
8993
2566
744
4179
6260
5630
4196
4726
1968
262
7245
1624
6377
5658
8896
5698
3836
43
1419
8659
9774
783
6626
8210
2432
4183
2755
7069
1643
1404
9895
4253
2485
333
225
3903
3538
6599
4760
8536
9004
5166
7276
4947
2733
7425
5644
1967
6427
160
557
5135
3272
6551
6311
4839
5826
7885
2351
6347
3035
8389
6950
5321
7952
1455
9446
5541
8088
3926
3617
3297
7441
6319
5618
1306
5249
442
3606
5972
417
3335
3693
2533
2016
3117
3465
9653
625
1535
12
8272
3590
1763
6667
4634
2520
7726
7448
6710
8614
8572
1485
2332
4997
5556
7570
4224
7754
2868
901
9546
1117
1095
4514
8306
3320
5726
7986
4139
7474
9685
2073
8518
3292
2763
6352
8345
4629
7076
7676
585
9543
7337
5334
1718
7144
9030
2261
1924
8074
9417
6966
3710
64
388
1495
223
437
4688
3147
4225
9024
7139
8658
5164
4872
1003
3221
237
4079
8656
9300
3899
5356
8757
6028
5952
9962
4717
5598
1512
1579
3690
210
8091
9113
2199
3287
9668
5108
806
1489
6309
9857
3816
1824
6479
8385
8738
9635
8517
1989
6663
2647
626
2846
4656
8119
230
7173
9399
8721
4268
8716
4400
3245
3185
8778
5944
4764
3284
263
1915
9637
5224
8136
7755
5565
8351
2731
4837
9767
6610
9913
8944
7728
9851
5673
8540
5288
5724
8399
7273
7408
3612
549
3236
8494
707
2285
3093
3115
8935
6802
728
3224
8924
6552
4994
6871
6717
3518
1492
4441
1390
3962
4985
9375
5837
7705
3771
7409
4266
9144
8803
1034
3861
9720
6649
6261
4206
2599
3495
6507
5221
2847
7223
5449
3853
6015
7106
4716
2271
7149
5218
219
4597
7104
8165
4876
8726
7975
2464
9585
553
1640
1849
8878
2248
5864
224
1509
6216
6034
4301
6782
3583
4888
9887
8044
7249
8736
5536
7324
2376
2945
8624
6007
6747
2209
280
5404
7198
3608
8224
4933
7899
2898
9730
8760
1995
4945
8257
8544
4677
8106
7969
6998
7908
9426
1490
592
539
1991
7188
7778
385
9679
3753
2116
8131
1751
2088
7768
7580
8856
2671
1511
7476
2874
3357
2505
1047
6892
273
4013
4621
3667
5133
2044
9075
8823
7947
7095
711
4808
61
7217
2468
2415
4008
4752
6650
10000
8669
6225
195
1571
134
6255
6906
1277
1001
9959
6334
6898
5626
6451
4035
6214
4891
275
474
1182
7709
765
6006
7321
793
5200
4805
8619
9987
5406
7150
1653
4033
1487
6115
9301
1733
436
321
350
2751
692
3108
9402
7038
4865
8697
9319
8275
3210
8895
5
440
8285
1970
8947
3047
9242
8174
1394
7348
5265
8256
5547
9441
4983
6164
9897
4772
9871
9988
8437
1188
1649
6883
9217
5575
2700
1253
3267
2224
2848
297
9125
8188
822
570
9798
5775
7712
7823
8179
4885
8340
8499
369
7424
4458
5684
8476
6980
5723
1129
757
8613
2593
1369
990
8612
3409
7416
307
9486
2450
47
4300
2770
1473
2310
1575
1531
9369
5211
3470
825
3943
537
8552
4523
973
1591
1257
9054
8238
9335
694
5256
4699
1020
6029
8378
6839
8299
1884
2903
5616
3694
5446
5500
2149
6272
6940
4302
8840
5079
7934
174
7494
2213
2866
1835
4294
2890
4078
7985
2356
4189
555
2027
8761
1328
3183
5856
5246
1180
8644
1572
7857
3507
4336
5054
7047
6643
7807
7105
347
6737
1518
8625
2857
8670
324
9438
6935
8859
6359
4076
2069
6295
6755
5484
6635
6241
1868
7825
4042
7577
1228
3232
3555
2467
965
9670
7646
6841
6013
6148
9945
2623
6627
5058
6927
8104
6104
9314
1342
6882
890
8978
29
4468
7175
6406
8214
6365
4795
5453
8482
8664
4029
8507
8250
2330
6539
9639
4366
161
1447
3807
1050
1136
3468
8929
9562
8460
1389
6373
664
4454
5318
2897
4796
3328
3309
4676
5876
753
4720
9592
3759
1588
1212
22
4335
8545
8547
434
4030
5128
5416
2049
3069
2327
5926
9742
7207
3574
1820
1817
5470
7009
4583
8162
5335
3246
4222
3488
9072
4068
5643
8169
9281
1207
5084
8837
2420
6005
2058
2020
6103
8838
4420
7730
2205
6860
1722
2859
3463
9485
5507
9003
9567
2162
1367
6299
8357
4952
4904
308
7739
1019
4880
7183
4388
3208
5557
7852
5561
813
2655
3663
4809
6822
8610
799
2675
5870
2522
4833
4769
1327
6283
392
9416
486
5373
1767
6828
5014
8300
8639
9334
6168
2115
334
3857
4737
8857
4455
5357
7557
2017
3505
6642
9306
1872
8217
1895
607
7410
3525
2094
4896
232
847
5710
4072
3558
732
9455
4194
5911
1275
2622
4372
1283
5462
9629
2819
5412
2600
8568
8860
5721
5836
3395
1768
1887
454
6046
2597
2089
5327
945
4409
2680
6757
7587
9117
1119
5807
9011
4077
1165
2486
3985
959
2085
3349
4544
1158
889
8603
910
5939
1871
7812
2031
3248
3510
7956
4195
9066
5617
3916
6933
7015
6763
1325
121
5591
6942
367
7138
445
1046
4419
1403
4142
8712
9986
9738
7813
5365
7836
172
575
8334
7810
6720
8246
4089
5930
1313
3492
4703
7552
1398
4467
8563
9792
335
5485
2696
1603
6076
4023
1248
7174
9867
3074
5532
7374
7958
5481
1642
528
5761
8937
8892
9853
4362
736
7320
7770
5712
3337
1272
3934
4965
4711
9173
956
4500
4465
3884
7486
939
6586
6778
3792
2219
9916
3856
9596
6031
7087
1870
2500
4610
2972
1151
3233
4131
8095
6484
8382
7179
1921
7201
3572
968
9084
3312
72
3776
6426
5057
6116
7553
11
2066
6042
4062
4133
9911
8795
4288
1261
139
1513
7287
1813
9564
2782
9469
2024
7365
2883
5405
3644
290
9908
3448
2181
1290
3300
5056
1418
285
2762
3072
2889
8743
3568
1880
5515
6036
3825
7721
7054
4710
8655
5418
4587
327
8176
387
8617
6658
5559
2210
5342
406
870
9900
5477
7377
4352
4075
4729
3917
8969
9013
1131
2679
9236
2608
943
459
9791
2207
4172
2606
8866
1761
6158
8701
2424
5226
534
7330
894
3042
360
4900
7432
6638
6596
9868
9536
9447
5567
1355
415
7523
2086
9509
5691
4213
6812
879
4124
864
372
3842
6362
3533
2355
1484
2735
7184
