1061
1103
208
311
1236
335
2670
2438
1793
1856
2031
2656
1031
334
330
1163
1407
1644
1089
146
415
245
832
1751
2202
1283
270
135
306
2598
1222
1395
2688
2179
2311
824
2283
1001
999
1373
243
731
61
2251
258
1588
611
947
675
939
1180
665
47
933
2242
477
1008
645
590
1119
1723
1822
1940
540
129
2023
2324
779
1512
1102
1727
1989
272
403
2119
1835
942
2385
1220
2115
51
735
667
1229
848
713
659
433
359
6
1401
67
881
1696
2641
1380
1787
1952
2657
2260
923
2277
1323
171
121
377
1721
1317
2314
677
2058
1368
1265
915
2107
734
1423
684
1649
639
641
2220
2302
1868
2467
1740
2582
10
1019
437
2683
69
701
2565
1261
557
1290
2017
568
726
2420
527
274
1892
1288
2272
528
1091
438
432
543
1831
1049
282
507
2325
1875
393
1817
1328
2344
580
413
982
1712
382
1023
1839
29
571
1277
1143
1344
491
1058
1543
482
2030
2536
2392
740
509
1396
1252
2579
1331
1557
2625
729
743
2390
1484
2496
1330
638
2093
1565
2096
2230
253
1720
601
1889
2485
1570
1692
1262
1760
2238
2348
1111
2578
1394
736
2634
2697
764
867
1096
650
2372
1788
1466
1903
1310
1374
1577
646
1169
1973
801
2265
1641
2181
2158
2157
2247
1920
381
240
1717
1386
22
100
2616
1581
1268
821
360
686
2222
2693
1426
1916
2689
2604
1574
1256
132
1467
1026
489
1165
1077
2513
1895
1296
2470
660
1305
1510
521
582
87
747
1976
1254
226
2308
574
2675
2215
2676
1397
1483
1594
882
397
162
2305
1669
1128
857
394
1530
256
194
1842
621
1116
833
1343
977
2061
1477
549
851
2681
1218
2240
1289
309
2466
2201
670
990
2449
2294
1489
1387
2214
2451
2491
105
633
1522
515
1171
798
2002
2262
483
303
386
1547
2156
1722
1655
1251
2566
2457
1756
480
440
1962
2404
841
1832
879
1610
2221
224
1274
1248
674
1446
1964
694
2159
227
1844
2591
405
2142
1279
2050
2561
1617
318
714
2101
2317
2653
349
1448
128
1639
153
1369
1002
52
1713
2249
1606
2303
806
2606
2347
1243
906
1073
1415
1226
2343
197
1062
1228
203
290
2095
1130
880
2271
531
2518
1883
548
589
783
1472
1086
2589
493
1255
1775
727
1147
2538
964
1635
2250
815
1667
1224
2421
260
1259
1061
