2265
801
1973
1169
646
1577
1374
1310
1903
1466
1788
2372
650
1096
867
764
2697
2634
736
1394
2578
1111
2348
2238
1760
1262
1692
1570
2485
1889
601
1720
253
2230
2096
1565
2093
638
1330
2496
1484
2390
743
729
2625
1557
1331
2579
1252
1396
509
740
2392
2536
2030
482
1543
1058
491
1344
1143
1277
571
29
1839
1023
382
1712
982
413
580
2344
1328
1817
393
1875
2325
507
282
1049
1831
543
432
438
1091
528
2272
1288
1892
274
527
2420
726
568
2017
1290
557
1261
2565
701
69
2683
437
1019
10
2582
1740
2467
1868
2302
2220
641
639
1649
684
1423
734
2107
915
1265
1368
2058
677
2314
1317
1721
377
121
171
1323
2277
923
2260
2657
1952
1787
1380
2641
1696
881
67
1401
6
359
433
659
713
848
1229
667
735
51
2115
1220
2385
942
1835
2119
403
272
1989
1727
1102
1512
779
2324
2023
129
540
1940
1822
1723
1119
590
645
1008
477
2242
933
47
665
1180
939
675
947
611
1588
258
2251
61
731
243
1373
999
1001
2283
824
2311
2179
2688
1395
1222
2598
306
135
784
1194
1855
1869
2605
154
1881
1988
752
996
1549
1754
2703
1204
1779
1346
443
2414
65
2312
1219
2401
843
1444
1070
2608
1597
127
34
1922
648
198
1201
789
367
202
1198
1666
14
210
155
1620
2573
371
770
1781
2250
1635
964
2538
1147
727
1775
1255
493
2589
1086
1472
783
589
548
1883
2518
531
2271
880
1130
2095
290
203
1228
1062
197
2343
1226
1415
1073
906
1243
2347
2606
806
2303
1606
2249
1713
52
1002
1369
153
1639
128
1448
349
2653
2317
2101
714
318
1617
2561
2050
1279
2142
405
2591
1844
227
2159
694
1964
1446
674
1248
1274
224
2221
1610
879
1832
841
2404
1962
440
480
1756
2457
2566
1251
1655
1722
2156
1547
386
303
483
2262
2002
798
1171
515
1522
633
105
2491
2451
2214
1387
1489
2294
2449
990
670
2201
2466
309
1289
2240
1218
2681
851
549
1477
2061
977
1343
833
1116
621
1842
194
256
1530
394
857
1128
1669
2305
162
397
882
1594
1483
1397
2676
2215
2675
574
2308
226
1254
1976
747
87
582
521
1510
1305
660
2470
1296
1895
2513
1077
1165
489
1026
1467
132
1256
1574
2604
2689
1916
1426
2693
2222
686
360
821
1268
1581
2616
100
22
1386
1717
240
381
1920
2247
2157
2158
2181
1641
2265
