2265
801
1973
1169
646
1577
1374
1310
1903
1466
1788
2372
650
1096
867
764
2697
2634
736
1394
2578
1111
2348
2238
1760
1262
1692
1570
2485
1889
601
1720
253
2230
2096
1565
2093
638
1330
2496
1484
2390
743
729
2625
1557
1331
2579
1252
1396
509
740
2392
2536
2030
482
1543
1058
491
1344
1143
1277
571
29
1839
1023
382
1712
982
413
580
2344
1328
1817
393
1875
2325
507
282
1049
1831
543
432
438
1091
528
2272
1288
1892
274
527
2420
726
568
2017
1290
557
1261
2565
701
69
2683
437
916
1673
546
469
2648
2631
561
777
595
365
876
115
267
97
1170
2597
109
21
1739
2009
2363
140
478
1308
2097
970
2382
856
2232
419
1223
1789
524
2038
1799
1405
2315
398
368
1872
1517
1099
2052
376
2224
1124
336
929
877
1360
1464
838
167
818
2664
317
1231
1090
93
647
1674
1408
956
1048
2510
671
455
1650
1642
2235
1100
1651
2229
1936
503
2669
369
1766
761
1555
313
1838
875
232
2216
308
341
2332
447
2226
1965
799
599
2243
291
849
1388
357
2091
2690
151
1513
1944
2064
1605
2636
1422
2682
265
808
1496
2084
1905
125
1956
1242
289
2333
992
874
1587
2080
504
554
1580
508
619
930
793
2396
277
1411
1801
1179
1726
1825
1643
346
1470
517
364
893
1014
2675
574
2308
226
1254
1976
747
87
582
521
1510
1305
660
2470
1296
1895
2513
1077
1165
489
1026
1467
132
1256
1574
2604
2689
1916
1426
2693
2222
686
360
821
1268
1581
2616
100
22
1386
1717
240
381
1920
2247
2157
2158
2181
1641
2265
