2420
1909
1738
1554
1459
726
2274
801
622
64
895
1283
270
563
1763
648
2298
1741
1581
992
1219
1333
1556
559
2212
1469
2401
2265
1181
1797
2101
2140
607
67
1318
113
437
1387
706
808
629
339
1041
596
2656
1361
2511
484
1922
874
1562
2673
1483
1267
1600
265
2374
624
1256
1118
566
196
1268
1374
716
135
1391
2031
1362
172
2462
1641
1755
944
42
409
562
190
2305
66
2202
218
1623
1054
406
1199
2160
655
1638
34
2032
821
812
1170
1644
1048
1434
1502
881
568
527
1649
2638
533
897
1907
168
2222
1496
584
843
360
546
2496
1541
1587
65
2312
636
1487
1091
1532
2432
671
282
2040
1120
1087
1708
2037
2577
2540
1270
239
59
1104
1
1290
2211
1310
762
630
2524
1751
2232
1071
2120
744
2544
1561
297
1843
783
828
639
1407
1616
743
2068
1313
2088
69
606
686
2084
2522
2090
1862
729
1472
1673
1093
2376
2693
1244
2077
2489
2
127
2565
1504
2575
2306
1669
1441
1433
2618
1574
921
2639
1864
1594
1821
1007
1497
1884
2177
1494
2637
74
1380
2683
1680
2015
80
213
1971
2100
255
1217
1951
2488
53
2616
432
1526
24
2017
438
274
307
1975
1448
789
2597
1245
1856
2400
1579
681
669
2684
1501
1598
877
1022
1721
2229
2207
1162
2665
2193
136
956
2342
1288
507
839
1749
370
740
224
1955
18
2392
832
558
1311
415
2451
579
2333
2625
198
963
1031
1082
1439
2427
321
580
714
1840
1250
1107
1405
475
1079
1577
78
787
549
1370
2690
2228
2038
885
2344
258
2354
2523
2548
1197
459
797
2567
2018
377
774
2330
2647
310
1500
463
32
1484
2044
2159
407
2416
968
1769
227
247
2073
1659
1135
1442
2300
2309
134
2158
468
2131
2214
831
2079
58
2104
747
1883
2646
35
922
1902
121
411
1855
2066
1163
865
464
2043
565
2368
1401
520
791
1942
1724
856
336
2491
1032
2012
2023
2423
806
1868
2658
245
404
1542
1976
2277
1618
598
455
328
2283
1630
1557
2250
1570
39
1086
162
2510
2145
159
1740
2254
235
2276
1679
1357
2415
2126
2384
2337
1651
2273
1264
1913
1916
1019
2587
178
1081
2378
540
1943
2253
382
19
751
1960
2003
2446
1717
1194
1395
2287
10
1489
1563
2114
851
2444
1953
2536
535
1014
589
2058
268
2325
1511
784
2471
1159
1201
1543
46
1017
1906
14
1639
1992
2069
1787
1569
775
646
1396
1425
2206
2049
2167
2414
811
15
2579
1423
2303
1452
2507
2494
1799
1444
1020
2467
1218
153
2130
1248
873
1330
1366
1336
1001
110
2134
1956
2582
330
2682
1753
214
2527
2475
2323
538
1397
1453
2418
1477
1801
49
892
2500
1920
1068
2409
2205
1750
2649
844
352
882
1058
510
81
1777
2532
2198
590
883
1316
104
1818
2470
1275
1411
256
1997
1049
1325
164
1227
995
2366
124
2608
1547
2299
388
2164
1332
1015
547
2519
146
2295
2456
680
815
372
2252
603
2661
1088
926
824
641
983
306
2078
954
2447
1295
1760
1660
449
1656
2000
1880
701
2546
708
781
2465
765
1212
87
1070
1323
1768
1784
215
51
60
2551
2509
1296
243
525
2695
351
2181
1722
56
1666
1114
2233
854
1588
2569
241
1402
2636
1198
1344
2688
208
400
738
2115
1066
2082
106
1216
2679
1959
1105
721
1844
2516
89
491
1222
794
1752
2002
2080
2592
2367
257
21
1676
847
1260
1426
578
129
852
156
2220
676
1338
367
2054
410
1034
583
599
2319
2231
1003
2359
170
2334
712
645
504
1837
109
44
144
36
2445
2671
147
1892
2660
2268
100
1341
2030
1331
2224
2117
2598
1522
496
1739
2440
1700
99
2403
2051
477
1621
197
381
2364
1254
650
2247
1328
2350
2685
2260
2487
413
1473
2315
2574
893
2240
52
2153
451
521
2431
1110
901
2321
2272
2223
1895
2590
779
2320
1207
1817
1804
803
1869
674
887
905
1156
2024
346
588
1320
884
2275
1859
1346
292
1980
359
690
2599
1747
999
189
335
1097
240
553
1933
1373
575
1968
2302
1232
682
1274
2318
1252
1124
2251
861
2238
2542
1952
857
2609
1533
611
271
2692
2322
2016
2490
376
649
349
2643
1950
2652
845
1294
2463
2242
102
635
2255
1479
2199
2061
1404
2675
723
543
2407
923
1604
1785
664
2185
487
334
732
1983
660
443
841
557
1611
1589
2174
1937
1337
519
1464
2680
1266
2433
1788
366
1965
772
320
501
1137
1037
1516
1995
2262
1646
2292
1132
2156
79
2650
1693
918
640
1350
2139
1145
2681
509
1050
2339
1060
354
2482
1410
1605
703
1839
782
909
31
167
1033
694
2019
1089
2412
1317
398
433
2441
1463
1936
820
1595
2050
514
1635
1712
1852
8
275
929
2620
435
916
1531
976
1493
1697
2141
304
1291
45
2408
1585
990
1096
1471
2296
1832
2624
132
1632
1711
1490
1591
587
1966
2605
2179
1719
900
17
2168
1655
734
982
872
1583
581
322
687
375
289
436
1548
1026
1893
1190
548
75
128
2332
254
1092
2358
755
2477
363
230
1394
1075
2316
2410
1134
984
2311
1503
1213
55
1253
2666
2458
1186
1974
364
2052
1527
1008
1915
867
1831
2386
695
1779
1359
1914
778
1023
739
138
457
386
202
1709
390
2215
948
1386
50
171
2642
2021
1716
518
2554
2553
709
1505
1566
1352
1369
1898
657
2585
1945
267
1427
2528
2561
698
2137
750
1101
1262
2689
1854
2676
970
731
1601
1236
2495
471
431
1940
842
2170
621
1098
88
1610
2005
785
1634
1297
2404
266
771
1368
237
329
1099
2036
2094
1565
185
248
1339
1220
2098
1321
1206
480
1517
1449
1796
262
1324
219
1154
261
947
2583
1372
2578
1613
1491
1174
667
730
469
1694
2324
279
1125
1816
1047
439
2398
73
986
2314
903
68
323
1701
194
1704
1606
1946
2454
933
1973
2373
391
177
2335
116
210
889
1475
2419
1781
513
2588
1905
1685
1059
1593
1304
582
22
2518
125
1636
103
1917
70
2549
2070
915
1080
2133
691
157
284
94
1286
311
1040
860
497
567
1743
866
1261
422
1580
211
637
2093
967
2288
1735
2383
1686
90
105
2379
2610
1379
1520
1308
291
342
1567
2047
2405
2699
2348
684
1544
200
2502
879
2107
368
151
777
2149
704
1265
1625
1744
528
2635
2136
1928
1355
1234
2286
1128
1277
2613
2696
139
908
2343
2480
2580
155
1400
2627
2626
2291
746
1996
633
2064
2641
1356
2438
1510
1977
2096
1073
1247
1117
2241
2602
2216
1242
1203
2513
2239
2039
2059
1345
2060
1358
1077
1414
2485
2372
1925
2670
96
1111
2497
412
1302
430
1205
428
2246
2243
869
965
1849
2056
818
2504
2450
408
373
2606
1424
2654
393
1202
2632
2055
1793
2390
2034
758
259
1488
191
2664
253
301
1322
84
795
217
2057
2053
1193
350
753
142
1723
515
661
1063
619
710
1927
2062
2589
150
2110
1119
1422
1172
977
1408
1690
1249
20
585
1412
2672
1731
203
1949
1894
1551
1305
483
2201
643
537
675
1896
1204
206
2677
1095
2422
1062
2328
2545
1746
2669
1853
2550
1314
2385
1689
1115
140
1166
1552
512
1349
668
2691
696
1431
2157
369
111
97
998
939
2380
735
1756
654
1251
1848
1978
54
2112
2121
601
1728
2125
728
118
638
1819
508
2678
1462
486
98
876
840
1334
229
1481
2483
2437
1030
1406
1306
813
2105
653
745
316
564
2611
288
2226
2476
2382
855
272
1002
82
2209
2304
2640
1090
500
1507
37
2506
1999
1146
1482
1822
1911
2261
2633
2449
448
2686
523
1160
2607
1866
1342
333
1440
2539
2075
618
2028
1924
1692
1233
2604
2294
244
1180
47
1299
1873
1536
2197
1720
912
362
2634
327
251
1702
1766
1415
1152
770
594
2270
534
1887
290
204
823
2566
1759
2448
1474
1683
2230
1143
492
2402
647
1229
1575
1684
2645
1360
980
389
1168
1725
119
561
798
1390
1240
814
1169
945
161
216
1794
1939
1184
2479
2340
242
816
1067
2369
1624
2430
2144
2563
2033
524
1335
2221
693
137
2560
2659
264
1083
1228
2621
2249
2600
2293
1177
355
1010
1512
1281
2010
864
1293
2619
1642
1276
341
2473
937
2478
108
2644
764
357
1931
1549
1043
1053
1631
1074
2533
665
1838
182
1211
1188
677
6
2501
295
174
1707
2147
2555
13
2363
2257
231
1637
595
394
1900
1377
825
531
1364
2132
1568
2443
2499
2329
850
1617
2521
560
1027
1860
273
766
465
2129
973
2046
1351
757
1456
141
1535
600
478
93
1564
554
1243
2285
2041
302
424
1762
2653
2697
421
1576
1131
837
1918
804
838
2281
115
1530
2357
1889
1882
1102
1016
756
2700
149
571
1989
2631
378
699
1614
317
1687
875
365
1178
1791
1282
2227
107
1881
226
2486
348
4
1573
863
1224
593
1737
1460
1416
2361
2113
1825
300
2393
822
2022
1343
862
833
602
1691
2189
1467
914
1633
1748
2371
456
1348
1173
63
2269
1667
420
2184
303
2508
2092
1970
532
1771
910
1833
1381
536
620
345
493
817
2375
1421
996
1901
1525
2176
1729
2135
672
1139
452
92
2091
930
1841
494
2297
2360
1867
1806
2267
942
2460
955
511
2628
836
1363
62
1116
1827
176
470
634
613
1903
526
2116
946
503
1136
1803
1688
894
1398
1713
1221
741
754
658
1375
40
627
1842
1231
1200
207
1437
2362
1726
570
1129
1021
1478
1603
1677
670
2128
29
1910
702
2213
951
792
1183
2648
711
2245
2557
1319
1754
1451
1273
319
1141
383
2192
2119
2520
2472
441
2009
799
5
158
2081
1991
395
1923
1028
1303
2581
2235
445
1192
1850
417
1908
659
2584
1657
1764
2336
1875
1371
2097
1052
539
1602
1486
972
1171
61
143
2534
1668
440
1458
769
848
1148
705
114
402
57
974
853
1257
473
425
232
1523
597
2612
2570
2457
1109
221
859
1470
490
77
615
2165
662
663
713
1597
1384
692
1714
1964
1813
1727
614
1571
1246
403
971
405
761
1661
482
1307
1919
131
1626
994
11
1327
1809
1121
285
651
1466
1620
2388
1072
1599
943
353
2006
299
1538
1578
574
86
2029
1672
1730
1998
498
987
1665
1962
209
1886
1664
193
252
1103
1640
2341
1226
223
41
1195
1061
1648
802
414
978
305
447
2271
949
2196
434
1225
325
2095
472
1419
577
2063
1004
1699
2657
343
1947
1845
888
489
2188
286
2280
997
358
154
572
1609
1560
1757
626
2210
2352
479
331
1758
1789
1506
517
263
1790
644
1645
1388
2087
1776
502
2317
234
48
2387
173
1175
1590
733
427
1289
1786
2217
2331
683
1476
1912
1413
458
689
2143
2434
1619
488
919
1879
183
707
1539
959
2466
1165
2011
1428
180
1765
1652
2573
720
1403
2455
1828
2138
2347
2103
1954
1807
1446
1106
1872
576
2072
2083
2326
318
1354
1675
623
1857
1811
2421
495
2175
556
338
2525
2417
1993
1647
1492
2258
767
858
308
1187
313
2150
1191
2623
1393
2530
1144
1835
2111
1167
205
552
2435
1185
280
1537
2345
91
1767
1643
993
399
1969
1513
2436
175
2593
1378
195
2668
442
656
186
1899
2381
397
793
2025
2459
2071
2505
985
1944
83
361
2667
2085
347
1435
1038
958
1663
1930
1055
1130
12
2503
1871
1443
1292
277
1815
1039
326
2142
1984
1284
529
1851
1210
979
1696
1534
957
426
652
2559
1695
2655
250
760
2118
1465
1122
2442
2703
401
609
2424
2194
1285
736
625
1988
474
1698
849
960
1209
953
1733
2701
796
2694
2586
2045
1681
2186
2394
1123
1586
233
700
591
1678
1417
1654
1279
878
1223
605
2591
1810
1009
1383
904
790
1773
1376
1269
2195
2425
964
1782
212
1897
371
2622
1326
1607
1005
1044
1921
117
1878
805
1674
1805
1024
1518
1000
776
544
314
1126
444
1340
1555
2151
737
991
688
1800
1802
550
1076
1069
1650
1461
76
1986
830
1495
715
1826
2464
1670
927
2099
2301
880
551
2008
1468
1127
2370
1457
2564
166
130
1329
2308
846
1158
1382
952
786
1454
989
1935
2399
2651
269
1627
1239
133
555
1287
324
1508
932
1035
628
188
1112
184
1653
2452
2576
1812
416
1540
2687
2453
1558
569
1065
283
2307
2124
2426
1301
1961
467
835
2014
1608
1214
1272
160
1829
2594
1238
2662
1662
2547
2595
33
2001
1891
2225
1770
2468
2481
1979
2067
1990
2663
1987
332
1300
0
2543
1480
1278
1861
1108
1865
1795
788
222
1309
2208
742
2391
1409
2163
906
2538
2310
1196
1438
2517
2377
309
727
2190
1775
1100
1938
1994
2155
1836
1629
454
1151
1823
2282
1179
2284
1485
38
1615
807
2512
981
2704
1612
374
530
2428
1046
810
763
1056
1876
642
2353
962
1045
2278
315
592
145
1353
2615
1783
1715
1385
2127
1347
2200
545
1042
1140
201
505
499
1628
1705
1176
1147
2355
1514
2396
2108
379
1429
344
2102
293
2493
294
2617
934
419
1808
169
1450
1932
1012
604
809
2537
800
296
891
1189
941
2429
752
2474
2411
2515
542
2264
2042
2035
1298
631
2191
1113
446
2469
1814
724
380
1142
697
1572
112
722
819
2484
340
1622
27
969
2172
1509
2109
1389
917
2674
9
71
2166
453
2572
276
1164
2531
1259
1078
28
1824
1255
1706
2237
610
1208
2338
913
260
236
337
2313
612
2492
1671
1890
2596
2236
2603
2219
2089
1455
462
1013
2026
187
988
2289
476
2203
2178
1703
278
1312
2702
522
