1021
1944
1077
668
1709
861
713
914
1389
899
788
1154
513
267
1772
1472
2100
631
1745
699
1646
144
1243
520
1284
1901
946
804
1128
168
874
1325
1981
2091
1992
1987
200
677
2377
863
1732
2136
2146
1622
735
707
51
1563
806
1917
523
807
2095
1340
1127
1744
486
866
771
855
1307
210
848
835
421
1559
114
1955
722
269
1833
1486
1487
1266
1676
129
711
1544
1876
1784
335
918
23
1966
1868
1829
1193
716
29
705
1821
2213
626
1687
460
1962
217
1884
726
142
754
1279
1715
2389
2333
2261
936
1038
916
2097
1621
255
2382
966
795
760
1757
772
1839
46
1467
1802
1204
1463
999
1980
68
1629
470
169
378
1017
1103
1494
1177
921
648
2057
539
2194
1842
1185
1151
1830
134
947
597
2309
2201
1329
1545
5
221
1603
865
429
1697
1447
838
1814
647
2080
1762
1491
782
1042
407
2269
1362
1431
1424
1692
1394
1391
1149
2031
1550
1233
310
99
482
1613
1152
1012
1990
2307
575
1118
1662
456
1892
452
1561
600
1366
290
1612
900
1297
107
503
1240
606
345
1444
1961
1631
889
1232
510
2224
2022
880
1879
2242
749
1553
948
2003
1789
1146
1281
222
508
691
1547
14
1477
857
2190
841
2241
2364
1771
1021
