606
1801
1424
1802
1204
1692
754
1579
1463
2270
804
726
183
1944
1884
142
526
315
1649
1839
255
598
1830
1326
1959
1363
916
1381
10
820
2118
2216
936
2163
1645
97
2368
973
1582
1226
1736
2311
1128
187
1782
2300
559
503
1021
118
2335
67
1894
1509
1655
2188
2261
442
772
1390
1240
2020
1309
2141
1156
2263
1710
947
2401
967
1154
1431
1038
1143
289
1889
413
2175
2138
1146
735
2123
1903
2097
1629
2090
708
159
1856
1738
14
835
1547
1949
1562
1394
727
254
760
1333
1195
15
1467
1574
46
2310
35
1695
2333
1673
1980
1486
795
2298
1608
239
1181
485
1396
416
2085
1481
757
687
1041
2329
2405
1995
486
537
1559
2041
430
709
729
412
2046
1155
1610
2159
1520
1592
932
2178
749
1975
1956
1961
1798
1631
458
1630
1981
1866
761
866
946
1280
1676
1151
843
168
1249
839
1444
785
1743
2079
978
2116
1926
106
2406
397
2253
705
1383
2067
1112
1714
992
2331
1077
752
918
919
640
2023
1265
874
2048
1299
1824
178
1753
797
489
470
1621
771
1883
751
2006
539
1180
438
1325
391
699
2218
1267
5
873
660
1624
1281
2205
2016
1292
81
334
1082
833
421
841
1622
378
510
1617
399
631
1017
497
134
1185
2088
2318
999
1123
39
471
641
716
206
93
2192
1985
1207
579
1074
2066
2411
1310
335
139
2256
591
1013
51
742
1147
2009
2100
889
1922
366
2228
1650
4
597
1836
2137
900
587
1992
626
1875
167
750
2094
2235
457
1882
845
1943
150
100
668
316
1833
99
897
309
345
1935
2081
53
2382
487
801
1193
352
1747
23
2124
114
1454
1516
2380
1854
165
550
1475
1737
472
884
1745
971
353
452
1169
414
791
1487
1515
374
677
2108
217
68
1635
1748
1962
1477
1879
630
2373
1289
2190
29
648
2213
860
1946
1189
356
1345
2389
133
2297
1694
908
903
1746
1349
1191
1217
148
1659
827
1526
1646
2091
1637
2022
713
1202
1184
1855
1030
2026
43
1870
1804
1667
367
2224
73
688
2295
169
1919
2057
1540
1721
1110
1473
222
11
2387
1389
1126
825
1668
48
439
1099
882
302
13
1330
107
1625
1103
747
670
1955
200
314
326
2136
1055
1243
1835
1581
1899
398
2146
1086
1643
422
592
861
188
1880
920
303
1620
1297
2005
1266
330
373
1220
2189
2168
513
1532
880
396
1355
1626
304
1942
2072
944
1780
1735
1867
1521
525
558
2241
511
1893
2073
1825
2059
2040
1994
1279
83
1498
2410
531
1857
1709
836
912
811
1774
948
1232
914
2237
323
1623
42
1071
2140
337
788
707
1177
1288
2242
2303
1353
129
980
1406
65
1772
158
1470
1979
290
2386
789
1799
104
794
817
1902
1307
1196
2403
906
2069
460
1612
1052
776
527
1130
1133
1789
1561
2110
179
1506
2283
1002
1842
1863
383
2154
2102
1967
1553
1397
2150
715
1198
1286
1445
1358
1816
1583
2369
840
1434
1797
1757
1534
1427
1260
2367
2054
2212
832
1947
1619
1360
2340
2233
565
1284
1756
2245
327
2101
1924
1715
1593
1590
1448
2096
1031
1194
1986
1837
603
1449
1357
1954
2114
1098
212
1697
826
871
210
2330
2002
1722
2003
1885
2288
824
508
2167
931
63
921
653
2144
76
1827
2337
1901
1164
1251
52
2028
2036
573
339
347
1897
390
667
928
1029
1134
1298
2397
2254
1313
1305
930
877
1080
1826
1765
2222
1566
2339
408
1891
477
985
405
152
2277
1538
281
144
214
935
923
704
2308
855
1233
2207
2062
1853
115
1395
1900
1245
1248
499
1106
849
2038
2356
2180
1687
848
2029
899
1049
242
1733
1675
938
2064
896
1860
1420
465
1939
784
746
781
863
602
2309
1170
379
2186
1599
2044
962
1003
2194
1269
2348
131
685
365
1197
1494
662
61
1092
1472
2042
652
965
262
966
1423
219
1771
816
2246
806
357
1300
198
1183
459
2208
730
555
1250
691
701
1987
2249
50
1585
893
2343
1452
451
562
764
77
1208
905
424
194
533
292
868
1083
429
1246
79
1971
1844
267
500
807
1781
1874
1766
1417
876
509
1578
2359
2377
2364
658
1642
793
1111
595
1430
59
1311
787
1686
665
1016
520
2051
1812
2134
2098
779
1813
1
1366
2232
1823
277
369
957
1740
972
1627
482
1056
2402
85
623
576
1573
403
27
693
1236
838
2223
2304
1490
1917
362
2361
1958
989
171
1447
1414
1066
1792
1190
1499
1238
1683
624
1368
1763
2151
2400
1871
1819
1369
49
1831
2289
156
542
681
657
634
2384
244
1402
1529
298
2173
2011
2375
342
1405
1329
1704
385
696
2328
609
564
251
1952
1511
1589
1641
2215
1401
480
2294
411
952
1386
256
1551
276
2148
2338
1175
433
1058
1362
78
524
865
232
1786
1716
1027
2214
2170
1332
1211
1064
1651
386
1378
1796
534
1968
1658
1524
381
1228
1001
1731
1829
2374
1136
1090
2184
2169
1868
1977
1821
2035
1432
1795
153
258
2370
796
123
2031
1182
619
209
80
1460
2132
2273
119
2258
395
2160
2030
1043
1235
802
1541
101
2142
1653
560
970
828
1984
1851
2120
2143
1732
1660
1998
2193
1822
1413
702
982
818
1633
320
287
1237
291
269
629
1179
808
1876
570
748
2376
1172
710
516
1312
1241
296
1073
1989
1361
1850
1513
149
481
1700
1116
423
1568
744
259
467
1230
2341
858
2264
733
2201
680
1370
842
2381
1991
2128
758
875
1730
2305
1485
1024
1997
1814
1877
1550
898
1865
1328
1372
1065
1148
1892
1724
1302
552
2007
1674
859
722
2047
622
1803
1640
1869
2244
1545
1356
154
1656
1348
782
1374
2058
1820
112
955
988
66
535
1137
3
904
1385
1548
1708
1264
1010
1563
1602
324
2293
1912
1914
189
109
1008
739
253
1544
105
170
1556
351
2004
1176
2266
2296
1384
1145
1315
271
1138
431
2092
450
996
2025
1407
2251
870
21
743
202
1933
2017
1488
961
2393
721
2332
1555
594
711
160
910
2234
197
2275
853
388
1150
1044
862
1053
2302
1496
2056
2095
1606
1203
448
406
1060
601
775
1174
2398
1446
2179
940
720
504
1810
2220
402
181
173
285
1063
1840
241
2083
1878
1605
466
1569
2317
1404
2196
2280
1120
1050
199
822
2407
2230
2158
588
141
1744
1127
786
2115
767
1379
358
1542
586
800
1749
1421
1762
1996
1960
196
1669
990
1677
2209
2409
1945
1845
1048
2301
600
674
461
690
2391
1342
293
1418
86
1615
907
164
475
116
1225
1069
1861
1020
857
831
2106
1965
2187
305
669
2394
1711
1930
1022
563
2061
211
1303
2112
319
2282
1036
1291
145
284
312
227
2262
2080
126
585
74
2176
2362
473
1663
1698
1712
1391
247
1572
654
2082
1666
1510
1770
1163
1713
1755
917
280
407
2352
2378
1382
1616
204
1671
1657
695
1259
2260
616
389
1304
1131
1661
1295
997
2404
1186
464
2259
1072
1411
638
2103
1742
805
1972
1046
454
310
1314
415
1805
1125
689
768
1159
1166
698
1321
2211
1705
663
1754
2195
1983
1144
463
673
649
1234
47
2265
766
2130
2039
2252
70
1607
2162
934
734
1464
1268
2147
1600
1340
1591
44
723
443
62
9
799
2177
2231
343
92
2355
1628
1256
1759
2287
1045
1199
1042
1723
176
371
1546
1588
1141
927
1537
2125
1895
925
2084
1019
1725
2008
1085
1665
1059
2269
41
984
2063
1525
1275
1495
325
1412
1662
1161
543
1483
456
231
2012
759
22
937
1916
2053
1603
2086
1426
1909
522
1061
1097
1611
1252
336
909
1925
834
924
127
1113
494
1462
266
1327
2349
1100
2119
1104
1149
98
1108
1964
885
975
117
728
1636
945
215
236
1557
933
1966
1881
943
278
2161
45
229
1453
2149
1808
1790
1817
1398
1153
1639
1890
541
1461
809
1531
1033
993
2204
346
394
1296
496
1508
1609
1025
400
1359
2353
769
1122
846
2206
584
2055
1032
432
883
2050
939
364
529
2408
322
462
1371
1439
2226
659
1229
1277
517
300
1105
108
2013
1441
2385
1283
568
851
2390
1478
157
151
2383
706
1554
523
453
1948
143
1918
2198
589
1950
2060
981
57
1476
798
770
1482
1898
224
577
1846
2238
483
446
501
95
1057
983
1132
507
1654
2274
1910
528
1006
1811
1014
1703
1157
1741
445
888
829
360
1465
2200
2322
611
837
268
348
1316
1818
881
2290
2306
741
355
2371
894
1007
301
1242
2089
643
235
1187
1596
2334
1076
1784
714
1778
2350
2325
299
692
911
1670
1872
137
146
792
1552
1560
1139
1911
26
1923
590
2065
32
103
329
2197
773
1140
1089
1535
476
1793
1734
2034
732
854
1491
1023
1696
575
2219
1118
850
425
2363
632
1597
221
502
1331
2346
1931
140
84
686
979
1419
419
1564
1365
1274
1276
243
1094
237
2070
1993
582
125
2248
195
387
950
2292
1101
120
2183
1613
694
1035
182
514
991
1841
1458
2267
1034
1567
228
282
1718
1706
341
1168
620
286
998
184
1323
1970
580
1767
249
1178
1078
1015
245
986
1301
401
1834
636
2074
226
625
2145
89
1037
1904
1160
1088
1253
317
1929
639
2052
220
147
1341
1492
2153
1973
968
1206
1408
1215
647
136
444
2105
295
294
1576
1920
2111
1688
234
1988
2010
2315
901
2033
1255
872
275
1409
1644
2203
2037
1522
1075
1004
1536
58
1290
1768
2281
2127
1843
1364
1647
2093
878
2276
223
951
2104
958
676
1429
128
538
1271
1062
270
1392
1785
469
349
718
192
2388
994
1773
344
260
478
1982
1468
1270
1915
1604
1584
2
1682
1570
2307
274
736
1565
1783
1040
1051
420
987
208
328
1505
238
1212
248
257
1859
25
1664
765
1152
574
738
1905
1079
1165
1438
205
2342
672
392
488
1577
38
1500
94
1539
1679
974
55
479
821
1852
2202
2365
1701
1387
17
1760
717
1941
138
1437
1502
1367
2027
1652
1018
737
1221
1957
1121
976
180
1443
1278
1862
895
1273
644
847
1319
1142
1262
1719
1680
1507
922
16
679
1849
1091
311
1504
1285
2255
265
491
288
1847
36
1764
2015
1442
1375
2379
621
384
546
1124
382
740
1247
2316
1322
1028
90
1318
2024
1119
2412
1011
561
633
1927
1691
1936
1102
1231
1115
1205
440
1068
902
449
1214
518
1188
1776
31
755
1999
1480
1428
942
307
712
1479
372
225
891
2366
1523
2155
1084
2291
941
2126
745
2229
1339
637
166
664
1761
177
1489
1320
830
1440
111
856
1587
610
2312
1937
1990
2210
1921
963
409
1425
218
272
203
2000
697
1886
605
2284
1338
441
581
163
2181
1838
132
1410
628
1167
455
1528
536
1873
1209
960
1415
54
819
2166
1308
1519
2043
2045
869
1201
1632
2185
892
783
447
1938
484
656
1634
1848
1337
216
812
545
1336
2152
1739
1317
553
1828
700
2077
1158
1399
1530
333
1376
864
1751
1222
814
2327
1690
566
815
175
2227
1433
1707
376
646
1699
683
2358
557
233
724
2014
359
2285
436
756
2157
1171
1689
1162
1806
2279
1685
1586
1858
273
72
2326
6
2347
1729
174
2182
427
1400
1093
1571
1896
549
635
567
207
1435
1678
250
540
719
1293
1512
964
1832
569
1009
1474
172
1294
650
813
913
375
1380
671
1218
2078
2392
490
1239
2323
380
1758
91
2239
1261
887
1727
1598
1224
645
493
547
1373
0
24
2164
2165
2135
2240
350
2313
949
1750
1129
2319
1466
1549
155
1219
1047
1907
1335
1343
332
1517
2247
1913
2414
1728
2099
614
2324
1807
28
572
193
1518
1306
361
161
810
240
1351
2320
1493
1422
1109
96
915
651
1503
2071
1012
666
1618
410
1791
1216
1067
190
1227
1334
1974
852
69
297
102
264
2336
762
530
879
551
8
1087
2171
2399
926
1951
88
122
1451
2109
1752
2174
33
1257
1347
135
1377
1777
2021
886
246
1135
340
1469
521
1070
20
1213
418
37
1720
1416
261
655
