74
1124
1558
926
2245
2060
1792
361
151
2089
1768
1744
1686
1425
1351
1960
2050
1467
251
284
337
873
304
497
1710
1989
1127
417
580
2167
166
2304
1245
659
2262
1726
1920
596
720
1978
178
1251
1204
2104
2026
460
1625
95
730
777
1153
170
78
1859
1515
1555
402
1617
1514
1000
2339
719
2075
1594
266
1041
1831
661
666
350
1829
1574
387
2301
889
7
1943
2046
1648
1620
233
1494
2284
2235
430
1845
2280
1371
1318
831
627
1957
46
445
1207
1948
1160
473
1020
253
143
1618
345
164
1791
371
156
53
810
1250
71
1523
1965
108
322
403
1770
193
1320
1667
2040
1087
818
523
2000
1098
1158
1442
1354
1711
888
764
592
1361
229
275
918
43
2259
1762
1878
142
990
910
2096
861
1911
240
1538
2036
96
1862
494
72
850
1855
1266
1584
1608
212
1610
569
1834
367
1836
923
442
1238
509
1273
252
793
766
231
1093
1452
1599
1391
69
1974
74
