1050
36
10
2039
532
962
1233
1196
1823
1709
1081
1548
1537
2157
1696
671
1137
341
1285
136
2041
373
1522
1665
1589
976
833
479
2197
1933
1121
553
604
1934
1462
1519
1247
560
1572
1017
1424
1769
728
1301
299
1225
2114
47
652
1750
138
1228
864
2160
1697
570
1280
235
557
2257
1485
62
476
2082
45
2224
848
932
1767
425
472
1875
1545
1691
1471
2022
2165
1340
1466
531
499
205
475
718
1632
2215
894
1766
1903
1059
1134
744
612
829
2163
17
2043
1023
197
1617
1514
1000
2339
719
2075
1594
266
1041
1831
661
666
350
1829
1574
387
2301
889
7
1943
2046
1648
1620
233
1494
2284
2235
430
1845
2280
1371
1318
831
627
1957
46
445
1207
1948
1160
473
1020
253
143
1618
345
164
1791
371
156
53
810
1250
71
1523
1965
108
322
403
1770
193
1320
1667
2040
1087
818
523
2000
1098
1158
1442
1354
1711
888
764
592
1361
229
275
918
43
2259
1762
1878
142
990
910
2096
861
1911
240
1538
2036
96
1862
494
72
850
1855
1266
1584
1608
212
1610
569
1834
367
1836
923
442
1238
509
1273
252
793
766
231
1093
1452
1599
1391
69
1974
74
1124
1558
926
2245
2060
1792
361
151
2089
1768
1744
1686
1425
1351
1960
2050
1467
251
284
337
873
304
497
1710
1989
1127
417
885
1193
416
295
1830
1588
843
746
1980
2118
609
1382
113
698
1630
1820
84
1287
354
2230
1576
114
1254
2329
1267
1122
1470
1029
520
165
2109
1730
1783
1062
937
1289
2211
1116
1877
591
444
1180
767
539
1958
930
1994
1918
1808
1173
2194
1308
398
1004
427
1595
1303
1583
2146
1325
2128
1050
