74
1124
1558
926
2245
2060
1792
361
151
2089
1768
1744
1686
1425
1351
1960
2050
1467
251
284
337
873
304
497
1710
1989
1127
417
885
1193
416
295
1830
1588
843
746
1980
2118
609
1382
113
698
1630
1820
84
1287
354
2230
1576
114
1254
2329
1267
1122
1470
1029
520
165
2109
1730
1783
1062
937
1289
2211
1116
1877
591
444
1180
767
539
1958
930
1994
1918
1808
1173
2194
1308
398
1004
1469
1461
1566
573
1375
8
1209
741
1777
1450
1623
41
371
156
53
810
1250
71
1523
1965
108
322
403
1770
193
1320
1667
2040
1087
818
523
2000
1098
1158
1442
1354
1711
888
764
592
1361
229
275
918
43
2259
1762
1878
142
990
910
2096
861
1911
240
1538
2036
96
1862
494
72
850
1855
1266
1584
1608
212
1610
569
1834
367
1836
923
442
1238
509
1273
252
793
766
231
1093
1452
1599
1391
69
1974
74
