1103
1820
1455
893
1265
451
1431
1700
2032
1062
937
728
84
1877
1769
920
1243
1827
1727
1093
812
452
1422
550
224
874
766
144
291
918
1982
193
1116
348
954
1385
1585
853
2234
768
2070
231
1158
1028
1573
1710
65
672
1558
1599
392
346
1144
903
2172
1467
298
1711
1106
2330
175
164
121
1770
444
1642
336
43
1858
1098
1806
1452
1536
888
324
659
912
4
1342
1014
1091
237
1207
1262
1969
1762
926
399
1355
329
545
2062
1882
1704
1605
669
2300
897
1410
1931
1915
322
1677
1784
1841
725
1974
1842
1345
1095
312
2327
491
653
1719
2247
354
1250
457
422
808
941
71
1203
275
848
2050
1866
1354
1142
712
2060
1754
1735
1818
1395
1107
568
2259
434
1182
1058
1900
1124
403
151
1490
506
1489
45
1415
671
2149
835
1889
1504
209
311
1475
717
1830
1175
1268
283
692
435
563
2235
2244
1998
2116
1994
846
1290
497
448
190
1442
116
76
1463
782
498
569
1177
574
558
1179
877
2282
1960
555
94
1948
2321
2067
1696
774
962
1306
1791
263
810
1388
731
229
764
514
734
553
578
509
2004
430
1420
1266
1962
454
1569
1508
1709
975
520
1430
517
1180
30
177
1495
1260
1137
1749
816
366
2183
1320
445
1233
1288
1379
2109
74
2224
537
1771
2245
1959
513
300
2097
1160
1789
1029
508
1105
1228
382
1591
1007
815
108
1880
2206
592
367
1949
69
1361
1163
2082
2152
1244
370
1736
251
1612
486
532
2000
2099
1615
1560
1081
1086
130
1699
1267
2118
783
921
1527
304
1752
2134
1506
2297
892
584
1407
2217
1459
2340
2326
1278
1324
2013
85
2027
189
667
797
2239
1083
2207
1630
221
2038
1643
162
1963
1481
1316
2196
409
847
1311
612
1090
416
1957
1822
645
295
1143
342
1588
2157
35
2058
2193
1225
2264
1906
1047
326
2215
2251
1932
185
628
647
21
1470
1178
1965
227
684
604
1396
371
1261
7
2219
2114
1845
1301
2108
1621
1134
585
613
793
2253
534
1837
287
2096
2269
2177
800
169
1902
1492
139
2155
740
1318
86
46
627
1289
1972
865
110
1351
2284
747
1123
2087
1834
2267
440
945
1777
252
1101
374
1594
1409
1371
996
1909
2059
2319
2137
609
1196
1382
863
12
259
2175
26
1918
1282
831
2180
473
1391
1739
1913
165
2190
372
217
818
1055
1438
1883
1990
1911
1620
341
1943
270
246
1122
1287
2304
1245
458
2174
2064
1817
1895
39
1634
114
1472
1523
894
1192
2089
1322
364
305
1783
825
1741
1970
1792
673
1145
738
2121
615
1835
59
1071
698
1302
487
965
1468
219
765
345
1065
68
29
1649
2110
1828
1610
1869
1033
1833
840
1082
718
1580
2068
1623
1579
2250
2213
40
997
1399
1176
930
1479
850
1193
396
1908
1648
2329
741
873
2232
1878
1823
591
476
378
2046
789
1079
1025
1757
124
2205
538
1317
1
337
1238
53
696
2228
475
1923
1130
1853
729
1641
1632
2275
2277
1003
1077
1208
179
845
1293
1273
1043
548
1772
1226
1494
2126
213
790
1688
2289
2315
143
353
2294
1980
1390
927
1444
539
1168
2071
1526
419
461
2262
1020
2230
1321
1742
24
470
616
1309
590
1312
2091
744
2081
521
2333
820
970
1001
1668
1087
1807
824
223
1680
587
1216
420
2342
529
577
220
91
1126
536
446
516
1675
1849
1553
2339
2026
323
1032
784
559
180
708
2112
1297
1667
150
1002
580
93
1584
214
41
1796
1174
232
330
156
390
737
1987
1352
60
301
650
1446
1067
299
2202
910
551
2150
1497
240
1832
1505
2049
1011
1855
2337
1173
1183
1989
2314
2296
141
724
2065
32
1421
1645
1890
1874
885
923
455
887
48
931
2280
1611
1602
961
442
1636
1370
2194
1012
2221
44
2211
746
202
2040
1859
266
1706
2301
595
414
361
478
1940
1745
1547
1979
1919
1774
1112
699
138
405
852
1966
1981
1695
1133
770
2073
334
1264
936
1546
1767
72
245
665
1377
1601
2192
608
819
2178
1121
1319
157
1473
192
2260
1100
1768
992
1350
1412
1339
1424
479
1496
523
351
2127
1041
1119
1089
198
2167
1531
313
841
1274
239
1887
236
1693
1298
913
1138
1486
1453
2014
864
871
1465
1411
1935
546
1426
935
742
2001
1285
1618
974
704
2154
285
802
828
2272
1485
855
1433
972
1051
1658
1672
959
155
9
658
861
339
1117
1146
842
1750
2161
216
1766
1478
1733
1056
767
1826
494
2002
2104
113
2083
2047
228
1740
866
1551
1831
2007
2169
27
96
932
1254
1576
833
714
58
87
225
2189
1607
707
31
2041
895
535
2188
1730
2225
599
1425
1533
2273
2266
1821
1061
1488
1901
133
2020
1852
2037
1836
1283
2226
36
1280
79
146
776
2279
713
489
928
1538
1450
1104
412
1614
1589
1816
1712
496
1803
1156
1154
1296
834
279
733
570
655
233
136
142
697
1480
2191
1437
166
2197
119
474
170
809
1343
269
2306
691
519
1718
1567
1039
1374
386
1723
56
171
1862
634
651
837
990
1609
652
2036
13
1114
966
973
1221
1743
163
1676
369
772
1139
1341
1624
1327
1871
2143
1235
1647
541
421
1016
2186
1205
759
253
727
1944
1701
1933
1724
2019
1779
769
1562
1454
2200
1510
1702
1954
799
2222
1059
212
1295
2100
2332
1778
1764
1608
1520
998
1248
1305
710
80
2199
505
343
588
1537
773
1595
1275
540
2331
1678
1040
605
1432
719
1780
2086
1644
1072
125
646
1903
1646
601
1313
2057
273
2341
1046
1027
1541
1060
849
791
97
1808
1926
1013
762
1907
2144
682
1210
2160
1417
755
2182
464
1026
982
2156
23
408
666
2179
1747
1224
1977
1010
1436
1934
721
241
1893
1380
328
1171
2236
1214
1716
417
1654
243
2286
703
1152
1947
1427
976
2242
2305
75
309
1080
2328
2214
51
870
1367
760
804
633
2124
47
1746
2343
1149
1247
1744
1790
2139
806
292
1491
1299
194
2257
1393
1443
1885
1921
1684
900
10
571
1241
268
556
1022
843
1653
1441
1549
319
1099
159
1721
1157
197
1308
8
449
1863
1023
1038
254
5
785
554
358
524
284
148
1625
1402
340
271
499
579
250
62
1765
1956
1598
625
1951
1049
748
533
11
1973
1448
511
415
1360
629
1674
1358
2195
1897
1991
1603
1037
560
1945
255
732
1276
235
677
933
2176
1971
2148
1548
204
723
2132
1009
1554
325
557
427
1992
2309
2170
356
987
610
1458
986
1773
426
242
1922
1418
1776
437
1428
502
602
1666
1528
1728
200
1563
1092
2307
1501
778
1209
1359
889
872
1617
230
471
1522
1983
575
2090
654
803
1147
1419
205
758
1503
670
882
373
332
2323
327
2094
2171
1793
515
1938
377
898
1127
222
1927
752
991
431
2028
1629
1251
2165
49
2347
1024
1281
1683
1958
1978
844
901
953
1840
42
1673
518
597
1556
2249
274
1153
1691
375
1535
423
1843
1761
2151
1476
1872
456
1487
2212
50
807
2075
34
1204
2016
1128
206
1365
2258
173
1518
680
1751
911
950
1665
1006
860
17
1369
1812
581
531
603
2095
2101
598
2147
2022
1686
813
622
2299
453
1534
320
902
1838
777
1561
95
1499
465
25
2285
411
1775
278
1544
1655
433
1414
495
460
1692
907
1229
1572
2201
260
1720
1375
1846
2078
730
1916
462
1031
1140
839
1170
122
1515
1005
838
191
2166
1378
2136
1530
1865
2142
2061
948
2122
1272
1847
2
722
2115
1017
78
626
1939
1076
2055
276
1651
507
955
1910
1383
1471
1042
118
3
660
674
2131
402
2044
858
829
410
952
685
1925
1875
661
1697
2324
1199
881
1021
656
2203
549
387
1300
2088
1164
1172
1307
1004
352
1689
89
830
1284
2163
33
1851
1326
984
1303
543
131
544
1346
1075
869
1715
1054
1213
104
779
277
2312
1246
880
1652
1050
630
1493
1844
823
1685
1920
1423
2128
906
1661
922
88
1230
1968
70
64
306
1660
1566
1482
1242
1094
1876
2146
469
1619
1165
1507
1545
1854
413
257
22
2159
117
1519
572
2008
2005
561
347
400
2133
649
2025
1955
176
1848
201
1340
2129
1763
1574
851
1073
643
1451
822
957
226
983
1263
1314
662
1269
2303
1597
443
1195
484
1034
178
978
1405
1759
1705
1434
132
1635
258
1252
1111
637
90
527
2168
199
2054
2006
817
1670
1335
1197
2009
1400
743
1044
2274
960
248
106
2223
805
57
2238
2310
61
128
648
1078
395
2240
686
1466
814
1681
676
1707
98
2039
429
1637
1008
38
350
111
1368
398
1294
52
1995
77
1669
1650
582
1239
208
1068
711
1805
1185
683
418
736
2003
1961
827
642
1337
689
2268
811
210
1151
2317
664
1404
2135
1511
1222
1936
1800
2278
472
908
967
1664
854
1019
1088
1888
1136
1249
383
915
1514
187
679
1109
186
688
1184
1462
2334
1258
2098
968
1353
525
1166
1348
404
1930
1738
1928
1794
1141
1447
715
763
1659
2254
2184
129
917
611
522
631
355
363
2141
750
1057
466
884
1015
1215
54
1867
2311
1200
1656
567
463
2281
1976
195
1167
2308
2181
1825
883
751
687
1255
1018
878
1756
2107
757
2313
360
2237
2158
1795
1217
1512
401
796
160
781
120
1259
607
380
331
2320
1277
624
617
55
542
1850
20
483
1108
265
1292
620
315
1815
857
2069
618
1159
1366
1663
2043
639
1592
280
2010
2252
1524
1797
1219
2080
215
1237
1194
2348
1000
2042
1905
2066
1628
2292
1929
2208
632
1734
700
1135
1509
1946
256
614
1698
1257
349
1914
583
2218
2241
1461
1532
1413
376
1347
407
1924
267
105
234
780
1155
1048
958
1687
2185
919
1717
1690
1187
182
1364
678
1331
1952
771
249
153
1760
875
134
1270
1206
1555
2291
1582
606
1639
1884
904
290
1782
19
1401
126
1279
1898
425
1829
702
2295
1084
979
530
2103
1870
282
1363
1469
1682
1583
2052
2111
1819
891
1310
1231
1753
1325
1457
801
1227
821
2246
18
761
1330
977
2220
1964
112
2276
1240
836
2021
1148
726
1985
1416
357
1993
586
1477
127
775
681
600
756
1631
2048
2140
2233
1726
890
899
909
1540
1950
1917
1115
168
1587
528
896
1445
1703
109
964
2024
1132
1066
1657
794
2248
739
938
1941
172
2338
211
1633
690
2105
638
261
1516
1186
1286
432
934
949
1483
2283
14
859
1074
1349
594
2079
183
321
1063
1045
1498
2085
281
1564
207
81
203
2125
562
1150
1403
2093
2145
1714
1856
101
573
314
1356
1813
441
1894
641
1110
929
1191
1904
621
1070
1565
1517
154
1975
447
705
2076
596
1755
145
2316
490
1449
1334
1873
317
100
492
1748
140
15
2138
1729
1568
657
493
394
1129
1824
826
1552
971
980
436
576
82
247
924
2265
1304
92
1809
2290
1386
288
989
1788
2056
310
2302
1596
1662
406
264
1181
2153
1398
1640
181
1811
66
2053
1338
1839
2270
993
167
2031
428
565
272
2164
1202
862
1118
2130
238
218
693
2117
1785
1376
2271
1474
1786
701
619
956
1722
1593
184
2204
940
720
137
480
668
504
1586
67
709
73
1814
694
1035
1218
115
1212
335
1708
589
2344
28
916
1392
2015
1220
1291
1559
754
1169
1131
1879
593
1694
388
969
2074
333
501
963
1604
1484
1570
1581
1408
2029
1571
1429
503
2227
2011
1052
296
2106
302
1860
2092
1502
338
384
1085
1886
1236
1557
135
2325
158
2119
1456
103
1323
1616
2229
161
1053
2030
1997
397
1333
1798
876
1543
1731
1189
1030
1271
1525
942
