1497 1506 746
164 305 1407
948 654 137
1647 743 34
2064 1666 1737
860 171 623
1171 279 784
1934 1497 1506
1426 81 805
784 438 1711
860 1493 623
57 2029 2234
1900 887 89
134 765 299
199 1711 1364
548 948 654
1669 1025 2169
407 2102 1188
75 407 1346
771 1938 623
1938 1493 623
1985 884 1725
527 1121 600
484 863 1746
279 784 438
2019 413 2043
638 726 639
959 1829 254
1525 92 894
187 99 1737
898 1355 2019
1041 887 89
247 994 1196
703 673 755
449 134 299
880 66 887
228 1907 1264
948 1740 137
371 857 1009
2209 637 755
709 807 1369
784 1711 1364
2029 2234 894
187 1666 1737
1980 947 778
159 1934 1506
1415 391 949
1509 1297 379
1859 494 1989
548 654 137
113 91 594
291 1831 986
1355 2019 2043
1772 1368 2054
270 2278 1303
879 66 1041
778 1938 1493
1919 996 948
1044 836 317
1391 1353 2235
895 305 1407
1355 765 2043
2018 1525 92
2135 761 726
1435 1701 1199
66 1041 887
846 709 220
187 99 269
155 251 138
1147 681 1696
1877 895 607
1838 356 996
950 1098 687
860 778 1493
846 25 220
2140 372 929
1900 89 1740
1842 1699 336
845 1784 2125
765 299 2043
511 1297 379
709 807 220
1568 1046 11
610 1209 4
611 37 511
1063 802 1183
378 2019 413
628 676 472
890 1025 2169
47 792 34
633 514 2033
1097 290 2118
2182 912 39
1980 860 778
100 391 445
715 890 2169
2029 92 894
391 445 949
514 2288 2033
514 1063 802
2278 516 1303
681 1696 445
1832 335 577
1544 968 947
2276 81 805
1507 2064 1666
1040 2160 460
964 771 623
696 372 929
540 1828 1101
991 1188 2061
1422 1171 279
2011 99 1737
996 948 1740
675 1724 2064
1357 1415 949
824 155 138
1017 1196 1732
616 527 1121
1040 855 2160
449 1725 299
251 2195 138
17 1097 2118
1259 1699 336
964 171 623
2306 426 199
758 950 1098
4 709 1369
2259 1506 746
869 1134 721
1877 895 1407
610 1209 1732
1569 1859 1989
2262 290 269
456 141 253
1838 996 1740
1017 1209 1732
568 290 269
1355 134 765
1947 756 1956
1895 527 600
47 1647 34
114 252 1763
2180 807 1369
1534 1686 1380
484 1302 1746
1838 356 1938
796 2209 637
2018 1063 1525
969 926 253
1422 889 1171
514 2288 2018
675 1507 2064
1330 270 1446
1544 1852 947
25 305 207
2016 2032 1051
2209 673 755
1544 1041 968
1231 1079 566
4 807 1369
1427 2102 1188
1951 315 36
2173 745 1109
1330 270 1303
1368 1121 600
916 1544 1852
1259 1063 1183
2259 1294 1183
1179 1610 2234
895 305 207
1980 1852 947
1832 335 10
863 1454 1746
325 1647 743
2025 2254 563
1257 1663 1424
1488 2135 761
20 17 1097
1792 1188 2061
969 141 253
1967 1791 2008
1445 1391 1353
2229 916 1852
1143 1696 445
1895 1368 600
134 860 171
1179 2312 1610
2017 1353 2235
804 2254 563
895 607 207
125 2260 1117
2054 650 1831
994 1017 1196
1368 2054 650
1427 1524 863
1305 2025 2254
1482 147 539
1389 39 75
941 2173 745
1622 820 1307
2182 912 134
1686 1380 1888
1491 378 413
2160 407 1454
917 100 391
437 159 1294
2160 75 407
678 2042 969
451 1398 590
1259 2259 1183
413 299 2043
2182 134 171
678 969 926
974 25 207
1427 1883 863
1250 2328 1720
898 2229 2019
743 1732 34
912 449 134
1427 991 1188
1143 445 949
217 2229 916
1631 1895 527
1993 1947 1956
763 438 1711
1041 968 89
1259 2259 1699
1436 631 616
304 2278 516
514 2018 1063
905 1569 1859
426 199 1711
1251 2306 186
595 164 1407
1251 2306 426
898 1980 1852
78 57 2029
804 155 251
190 147 539
553 91 1859
1100 1864 1522
2272 1509 379
898 2229 1852
1202 1568 11
1622 756 1307
725 804 563
863 407 1454
1044 17 2118
164 807 1369
603 1842 1470
820 756 1307
820 1947 756
439 2211 590
232 1522 1888
568 290 2118
2312 1610 2234
2180 595 1369
531 703 673
1215 2231 732
1900 1740 137
964 771 1938
232 1864 1522
568 99 269
567 2127 1877
1143 1147 1696
1789 335 10
125 365 952
2159 1822 928
1179 2234 894
1838 778 1938
595 164 1369
46 2276 81
159 1294 1506
1100 232 1864
1143 1357 949
113 91 905
1679 1488 761
2259 1294 1506
2052 1900 887
2280 926 253
1250 1545 1720
636 439 2211
1791 91 594
378 2229 2019
1427 1524 2102
1179 1525 894
2259 1842 1699
1723 991 2061
25 305 220
649 2179 261
437 633 514
1524 863 2102
1838 89 1740
118 371 1009
2230 1063 1525
792 610 1732
792 1732 34
824 2288 138
863 407 2102
2230 1179 2312
610 4 807
1444 1721 1433
178 1054 146
832 113 1117
1436 616 527
1044 836 2118
553 1859 494
1522 1686 1888
1294 802 1183
912 449 1725
100 1097 445
969 537 141
1355 134 860
1368 650 1121
350 1631 1895
568 2011 99
1251 426 1711
898 1980 1355
538 287 1357
2042 969 537
164 807 305
825 1694 2101
228 917 1907
890 1025 1051
1148 855 1302
1895 1772 1368
2262 1097 290
1243 1573 1650
457 916 1544
1864 1522 950
2149 889 1171
1319 559 809
91 905 1859
1925 836 2118
2280 456 253
1096 9 1018
2262 187 269
1583 291 986
725 2025 563
1631 325 1744
1907 100 1097
1284 465 1354
1789 1832 10
1832 880 577
636 2211 590
917 1907 100
2312 57 2234
1883 484 863
1491 413 299
1435 974 207
1864 950 687
1743 1180 756
1980 1355 860
1491 1985 1725
2052 577 887
994 1017 1209
696 2140 929
1398 1650 590
1679 1488 2135
807 305 220
287 1143 1357
964 2182 171
1650 439 590
1674 114 1763
1161 1883 484
1723 1792 2061
2160 1454 1746
559 1046 11
562 570 1579
2249 1207 444
114 252 186
113 905 1117
1161 853 1199
1319 559 1046
2272 511 379
880 577 887
2254 1231 566
1251 763 1711
1686 1829 254
407 1792 1188
29 809 2312
2230 1179 1525
1743 1622 756
1045 1497 746
2032 1025 1051
221 2180 595
2042 537 141
1436 1631 527
2254 1231 251
1054 1330 1446
1838 947 778
2135 726 639
386 1250 2328
1202 559 11
959 758 1829
1435 1701 974
792 2180 610
1679 46 761
1054 146 1330
1209 494 1818
1491 1725 299
1583 721 986
181 252 1763
1196 743 1732
804 2254 251
796 1123 2209
2180 610 807
912 39 1792
1396 1123 2289
1925 568 2011
1484 1422 279
496 494 1989
1925 568 2118
884 1725 1792
553 494 1818
1435 1199 607
496 1209 4
1148 1040 855
550 1096 2121
1743 2148 1180
1631 325 743
1096 2121 9
2268 62 1579
1745 1701 1199
407 1792 1346
1522 1686 1829
538 1357 1415
912 1725 1792
2285 29 809
855 1302 1746
1522 950 1829
515 322 1424
1231 251 2195
1435 607 207
758 950 1829
1380 1888 1509
1257 1959 1663
1148 484 1302
232 1888 1509
884 1723 1792
964 356 1938
12 609 1883
2286 1967 2008
1701 974 364
994 1209 1818
1534 1380 1509
1097 681 445
855 2160 1746
796 637 755
669 2011 1737
1428 820 1947
2044 2306 199
75 1792 1346
1484 1251 763
2214 150 114
2127 1877 607
631 616 291
204 1976 1233
1045 1934 1497
988 562 570
1733 1040 739
893 1701 364
2175 304 516
350 1436 1631
869 1515 1134
457 2173 1109
1784 703 755
2128 1079 566
2288 2018 92
542 934 2024
1534 511 1297
401 608 2127
540 1828 609
181 252 186
1832 880 66
2245 1040 460
1484 279 438
596 2248 2148
1484 1251 1422
1679 46 2276
853 1199 607
1436 631 291
1534 1509 1297
496 1209 494
118 1993 1947
2138 1864 1522
531 773 1491
1389 2160 75
1901 199 1364
1484 763 438
1838 968 947
1907 1264 1097
649 2082 261
247 1196 743
934 2024 1723
20 17 1147
893 1997 364
298 2202 29
2128 702 566
125 365 846
1161 853 484
1925 836 317
1243 1650 439
298 2202 1533
223 36 1515
1250 890 1051
531 1491 378
1548 2202 1533
879 1544 1041
1838 968 89
669 2064 1737
2108 825 2101
2227 638 726
2183 1902 558
2214 1674 114
1669 2032 1025
1445 2016 1353
952 1569 1989
1700 209 1897
427 1951 36
365 952 1989
298 29 1533
1923 304 2278
633 1231 1079
905 952 1569
350 1631 247
616 291 1831
2195 2288 138
928 1679 2135
61 2183 725
39 75 1792
844 1352 1009
1235 1605 1002
1157 1460 606
1791 113 594
1045 1842 1470
1089 325 1744
1097 1147 681
1235 868 1002
2138 1100 1522
1745 609 2100
542 286 934
2017 2016 1353
228 1264 187
1161 609 1883
514 1294 802
20 1097 1147
1213 1523 2228
29 2312 57
437 514 1294
1389 2160 460
192 1422 889
1864 1098 687
365 496 1989
832 696 113
941 2125 745
616 650 1121
2214 1178 1674
1925 669 317
1207 444 1733
427 1005 36
1005 36 1515
217 457 916
611 2272 511
1363 636 439
1832 879 66
496 4 709
886 609 2100
2262 1264 1097
190 669 147
1045 603 1470
125 1117 952
386 1250 890
934 1427 991
2024 884 1723
1451 1814 1446
1958 715 2169
1632 1797 397
374 824 155
2054 1831 986
934 1427 1883
2289 2209 673
596 1743 2148
886 540 609
1379 2228 1101
1429 1100 232
1123 2289 2209
367 1352 1009
616 650 1831
1925 669 2011
1791 372 2008
1560 1180 756
46 1433 81
374 209 1897
2227 761 726
228 187 1666
2230 809 2312
553 994 1818
2024 1985 884
181 192 1422
1897 1548 2202
1085 1363 439
1105 1979 1265
374 209 1873
1789 857 1009
2121 9 356
1143 1044 17
1451 1592 70
2262 1264 187
845 2125 745
386 715 890
2195 2288 2033
2280 456 1669
564 1534 1686
367 1789 1009
905 1117 952
2259 1842 746
1923 1100 1864
611 675 1724
1674 2278 1763
217 378 2229
1251 1422 186
2017 2016 2032
934 1723 991
1182 869 1515
2128 633 1079
1797 2044 2306
367 2042 141
2330 204 1233
633 2195 2033
1379 540 1101
1791 2140 372
221 792 2180
553 1791 91
1161 1745 1199
465 902 1354
1444 1426 81
1379 832 2228
1706 1603 739
1631 247 743
1592 1327 70
367 678 2042
2082 2179 261
374 1897 1548
1508 628 472
9 1018 948
401 1148 1040
1235 1178 2082
1143 17 1147
2285 1319 809
18 1523 2228
869 721 986
2231 732 47
365 846 709
217 531 378
1085 1243 439
1018 548 948
18 2228 696
1745 2100 1701
9 1919 948
845 1784 703
401 608 1148
678 926 1352
1410 1417 2073
696 2140 113
401 567 2127
1379 832 1117
796 1784 755
223 1515 1134
926 1352 1004
1284 465 639
1822 465 902
457 879 1544
564 1534 511
365 496 709
18 696 372
1538 146 2175
1538 178 146
1706 1603 1207
564 1898 1686
1379 2260 1117
374 1873 155
1213 18 1523
608 1148 484
9 356 996
647 2138 1100
844 1352 1004
2056 427 1005
964 2182 39
9 1919 996
647 2138 629
1429 647 1100
633 1231 2195
2017 702 2235
2121 964 356
1514 602 1005
1669 1979 1714
845 745 1109
608 853 484
217 457 1109
190 669 317
1243 602 1005
2230 1259 1063
2044 1568 1046
688 2052 1900
2017 1105 1265
2017 1979 1265
1207 1733 739
1483 1171 784
1045 1842 746
832 2228 696
2128 437 633
608 853 2127
728 1257 1959
2052 335 577
2280 1669 926
538 287 315
1379 886 540
2286 372 2008
2056 580 1540
78 1548 57
564 37 511
2268 562 1579
1901 784 1364
287 1044 317
12 1828 609
853 2127 607
531 2289 673
1901 1483 784
287 1143 1044
1643 1271 533
1235 2082 1605
146 1330 1303
1444 1433 81
985 2117 2276
1706 1207 739
2149 1483 1171
538 1959 1663
580 1034 940
1896 2285 2202
1901 1202 1568
1814 649 1446
1161 1745 609
1958 688 2052
1605 1726 1002
893 2100 1701
367 678 1352
2285 2202 29
1157 606 2125
150 114 186
46 1433 761
181 2278 1763
773 1491 1985
181 1422 186
2138 1923 629
1716 1976 1233
936 2282 1614
702 1391 2235
1986 1507 1666
427 781 1951
286 934 1883
1540 781 1951
1379 893 1997
1958 386 715
796 1784 2125
1271 533 1650
2056 1514 602
844 118 1009
2084 1832 879
2056 1514 1005
2084 457 879
1791 2140 113
1669 926 1714
1603 2245 739
2150 564 1898
1182 1271 869
1603 550 1096
1213 18 2101
2137 287 315
1429 232 1509
1592 178 1054
12 286 1828
73 118 1993
1178 2082 1674
18 2286 372
401 1733 1040
244 1483 1245
12 286 1883
1548 1533 57
1789 1832 857
485 1213 1464
1213 2228 1101
1182 1573 1650
1603 550 2245
1923 181 2278
437 159 1934
732 325 1647
1034 1540 940
2245 1040 739
2138 1923 1864
538 1663 1424
1451 1054 1446
1797 150 2306
732 47 1647
2117 1085 1363
1089 1631 1744
367 1789 141
1632 1797 2044
485 1828 1101
146 516 1303
401 444 1733
1379 886 893
1901 2044 199
228 917 1666
1444 1034 1721
1436 1583 291
1986 917 391
886 893 2100
1789 456 141
580 1540 940
796 676 472
456 1669 2169
1669 2032 1979
1215 732 325
542 773 2024
2150 1898 1686
125 846 25
629 181 192
1958 688 386
1836 636 590
824 2288 92
1105 702 566
118 1947 371
938 1232 1976
1592 758 1098
1250 2016 1051
485 1213 1101
1605 1726 254
1901 2044 1568
2017 2032 1979
2128 437 1934
649 270 1446
150 2306 186
1243 1005 1515
515 1257 1424
303 18 2286
1789 456 335
2084 457 2173
1191 1026 451
669 147 2064
1389 2245 460
319 796 1123
1923 629 181
567 1877 1407
1822 928 2135
2056 1540 781
531 773 2289
1418 2010 1726
29 1533 57
974 1997 364
1516 553 1791
1592 1327 758
285 1363 636
465 2135 639
146 2175 516
628 796 472
184 223 1134
184 1134 721
1089 1215 325
78 2029 92
2128 702 1391
550 1389 39
612 350 1436
773 2024 1985
542 773 2289
1986 1415 391
596 1460 606
542 1396 2289
2017 1105 702
2056 427 781
1456 1396 1123
580 1444 1426
1429 2272 1509
1213 1694 2101
1451 1592 1054
1814 649 2179
836 638 639
1538 1100 1864
1986 917 1666
688 1900 137
1271 1772 2054
1428 1947 371
642 1023 1967
538 315 36
635 1896 2202
1105 2254 566
688 548 137
757 2057 902
322 538 1424
1516 1967 1791
374 78 1548
747 1105 1979
2227 1540 1951
221 47 792
1592 178 1098
147 1724 2064
1464 825 1694
1379 125 2260
1157 628 676
1721 1433 761
1182 1271 1650
2227 1951 315
1243 1573 1515
1605 959 254
1449 938 1168
1026 451 1398
1232 856 1902
1213 1464 1694
2150 1686 254
1836 451 590
2137 287 317
1923 2175 304
1451 1327 70
1929 209 1873
757 1354 389
1197 1089 1215
1182 1573 1515
635 1700 1897
635 1897 2202
58 2010 1726
1449 938 1976
1632 2044 1046
1643 1191 1026
1822 465 2135
2117 1085 1243
1284 1354 539
1250 2016 1545
280 1757 363
938 856 1902
2230 559 809
1075 1603 1096
2082 1605 959
836 317 638
580 1444 1034
1538 1923 1100
1813 401 567
728 1986 1959
845 1109 703
941 606 2125
58 1726 1002
303 18 2101
217 531 703
1284 836 639
1215 2231 47
1418 1010 2150
2056 580 1426
1632 1319 1046
1418 2150 1726
938 1232 856
1010 564 1482
1010 2150 564
319 628 796
1449 204 1976
1456 1464 825
2117 2056 602
596 2248 1460
1958 456 2169
1417 1508 2073
2057 1822 902
2159 2057 1822
840 61 2183
2117 1243 602
1154 635 1700
125 974 25
538 223 36
2084 1428 2173
757 902 1354
2137 317 638
1538 1923 2175
2149 1483 1245
550 1389 2245
1284 836 317
1451 1814 2179
728 1986 1507
550 2121 39
1157 796 2125
1560 756 1956
985 2117 1363
1010 1354 389
564 1482 37
1881 1993 1956
1157 796 676
1632 1319 397
244 603 1245
985 285 1363
1451 2179 1327
58 868 1002
1958 2052 335
2073 628 472
217 1109 703
1232 1902 558
485 286 1828
1379 125 1997
1154 2253 363
2227 2137 638
2121 964 39
1010 1482 539
2082 2179 959
1836 285 636
567 595 1407
2150 1726 254
2117 2276 805
1410 2268 62
1089 350 1631
125 974 1997
1643 533 1650
688 386 548
2183 725 2025
1716 1232 1976
303 2108 2101
1154 635 1896
1168 747 1105
611 1482 37
2117 1426 805
428 1842 336
1881 73 837
1271 869 986
350 247 994
904 350 994
2082 1674 2278
2128 1391 1934
2227 1034 1540
1881 1560 1180
1023 1516 1967
2117 2056 1426
386 2328 548
724 988 562
1327 959 758
1305 1105 2254
2071 2149 889
1271 2054 986
1508 2073 472
649 2082 270
596 941 606
374 824 92
73 844 118
2227 2137 315
2082 270 2278
1075 1603 1207
178 1864 1098
1958 456 335
319 988 570
988 2108 825
1881 1560 1956
428 1483 336
1643 1398 1650
1538 178 1864
1154 1700 209
2084 1428 371
700 2107 284
1410 1417 62
2249 1075 1207
2159 928 1679
1428 941 2173
700 2071 284
2071 2149 1245
2227 1721 761
1545 2328 1720
1986 538 1415
319 570 628
941 1622 820
1418 1010 2010
567 221 595
424 1154 1896
374 78 92
2084 1832 857
48 1197 1089
485 542 286
988 1456 825
1449 844 1004
2084 371 857
1116 642 1023
611 147 1724
2179 1327 959
1445 1391 1934
611 1482 147
1235 2214 1178
1881 73 1993
1410 2073 628
1010 1354 539
1643 1026 1398
1743 941 1622
428 603 1842
1986 538 1959
424 1154 2253
1813 401 444
596 1743 941
1508 62 1579
1428 941 820
244 603 1483
1456 1464 1396
570 628 1579
1881 837 1180
1157 1122 1460
724 2268 562
938 1305 2025
578 1445 2016
1929 1873 155
985 285 2276
190 1284 539
428 603 1483
1508 628 1579
1813 2249 444
485 1464 1396
2227 1034 1721
1116 1191 451
485 542 1396
904 350 1895
1168 1305 1105
1643 1271 1772
938 1168 1305
190 1284 317
1197 1215 47
2230 1202 559
936 1133 1614
938 2183 1902
2282 1133 1614
757 1010 389
1643 1516 904
1417 1508 62
2015 1235 2214
1197 221 47
48 1197 1813
1116 1836 451
578 1045 1445
83 285 1679
904 553 994
840 2183 558
1045 1445 1934
424 1896 2285
1516 904 553
1449 844 204
1757 2253 363
1449 1168 747
1901 1483 336
184 1583 721
285 1679 2276
83 2159 1679
837 2148 1180
184 538 223
1437 2016 1545
1449 926 1004
1202 1259 336
1643 1895 1772
1643 904 1895
1275 1219 1437
319 988 1123
184 322 538
208 73 837
938 2183 2025
1929 804 155
1116 642 701
988 1456 1123
1197 1813 567
757 1010 2010
1901 1202 336
578 1437 2016
2230 1202 1259
1929 725 804
757 2159 2057
208 844 204
1197 567 221
840 1232 558
1449 926 1714
612 1436 1583
208 73 844
1449 1979 1714
208 2330 204
642 1430 701
1449 747 1979
1643 1191 1516
280 1154 363
153 1841 2107
48 612 350
700 2071 889
1157 1122 628
2071 603 1245
48 1089 350
728 675 1507
700 192 889
424 2285 1319
1075 1096 1018
2330 1716 1233
1383 1929 840
1219 1437 1545
208 837 2148
208 2248 2148
2328 1018 548
925 1836 285
1929 61 725
728 611 675
757 58 2010
1116 1023 1191
1929 840 61
1383 1716 1232
1383 840 1232
1023 1191 1516
153 700 2107
83 925 285
424 1319 397
585 1813 2249
1410 1122 628
728 611 2272
700 629 192
585 48 1813
642 2286 1967
1410 2268 1122
936 2282 1095
925 2124 701
1275 2107 284
1116 925 1836
1929 1154 209
498 2268 1122
1116 925 701
2282 1095 1133
585 2249 1075
424 1797 397
2265 1095 338
578 1275 1437
2265 1095 1133
642 303 2286
1122 2248 1460
700 647 629
612 184 1583
2015 1235 868
424 1797 150
1275 1219 2107
1275 2071 284
208 2330 2248
303 988 2108
1219 1545 2328
642 1430 303
573 925 2124
280 1929 1154
1383 280 1929
724 303 988
578 1275 1045
2330 1122 2248
424 2214 150
2330 498 1122
2071 1045 603
1275 2071 1045
573 2124 338
2015 424 2214
585 1219 1075
2015 424 2253
585 48 612
1219 2328 1018
1430 724 303
1219 1075 1018
2015 1757 2253
1219 1841 2107
153 700 647
2265 2124 338
153 728 1257
153 1429 647
757 58 2159
153 515 1257
585 612 184
1430 701 724
153 1429 2272
352 58 868
1383 280 1716
153 728 2272
314 280 1757
585 184 322
585 515 322
573 83 925
352 2265 1133
352 936 1133
153 1841 515
585 1219 1841
352 936 1095
314 2265 1757
352 1095 338
352 573 338
2015 352 868
585 1841 515
2015 352 1757
352 2265 1757
2124 701 724
280 2330 1716
314 724 2268
573 83 2159
573 58 2159
314 498 2268
352 573 58
314 2265 724
2265 2124 724
314 280 2330
314 2330 498
