1985
884
1723
742
368
1512
652
387
582
813
1988
2102
407
75
1346
1454
2160
460
855
1148
1185
1481
2058
459
237
2069
853
1199
1435
729
882
1856
2092
974
207
1834
1587
806
25
220
709
807
1369
595
221
1017
1732
34
1647
743
325
489
852
405
527
1121
600
1368
1772
2054
650
60
2247
1556
2212
84
176
2090
71
718
366
1169
587
874
2139
1705
1835
602
1243
1573
1650
439
2211
590
636
1836
925
2124
573
953
338
1095
2282
1614
1133
2265
314
280
1757
363
2253
424
1896
2202
298
29
2312
1610
1179
2234
2029
894
92
283
2255
1767
2195
138
251
804
563
2254
1231
566
1079
1655
847
2273
1325
503
340
816
576
529
1401
1463
392
961
1741
712
2087
679
537
2042
367
1789
10
987
278
2314
168
504
618
1651
880
887
1900
89
1041
968
947
927
1980
778
1493
623
171
134
299
1725
1985
