1030
911
1217
779
229
478
1129
2030
133
2174
509
84
2212
1556
2247
60
650
2054
1772
1368
600
1121
527
405
852
489
325
743
1647
34
1732
1017
221
595
1369
807
709
220
25
806
1587
1834
207
974
2092
1856
882
729
1435
1199
853
2069
237
459
2058
1481
1185
1148
855
460
2160
1454
1346
75
407
2102
1988
813
582
387
652
1512
368
742
1723
884
1985
1725
299
134
171
623
1493
778
1980
927
947
968
1041
89
1900
887
880
1651
618
504
168
2314
278
987
10
1789
367
2042
537
679
2087
712
1741
961
392
1463
1401
529
576
816
340
503
1325
2273
847
1655
1079
566
1231
2254
563
804
251
138
2195
1767
2255
283
92
894
2029
2234
1179
1610
1547
467
915
1576
1069
377
1359
1046
11
1568
2044
199
426
1251
1739
304
516
1303
2278
1923
629
647
1100
1864
1522
1898
1888
1509
379
1297
1908
1778
1552
1937
2154
1270
1042
1927
329
2281
1939
1189
2216
1844
1108
2176
1403
410
361
1874
848
1593
195
2079
1030
