1988
387
410
361
332
871
2329
1737
1939
623
2039
1584
2061
1188
137
1521
1773
487
225
1556
746
167
1520
1403
2281
2043
2247
1892
1506
349
429
499
2267
2294
1497
1393
432
1602
1660
706
1093
2102
1364
1518
1587
1591
1493
652
894
60
1856
2226
918
1615
1711
1112
1504
92
2212
438
987
220
654
2315
1740
509
948
133
1938
1746
805
2174
1454
1183
1924
582
194
2321
81
260
2308
2257
1845
263
1494
1247
1750
1666
2060
885
1210
549
784
2210
1303
1903
778
2058
1834
583
1426
200
2234
1576
755
79
1978
1346
1934
639
299
207
237
1667
1009
196
771
986
489
1442
84
765
996
1763
2064
870
637
171
2029
1818
1546
1190
1438
1466
89
56
1914
269
991
1369
2184
69
860
176
1407
1919
947
1831
1187
2217
1724
535
956
1799
2118
459
23
887
466
712
305
882
99
1884
2087
762
2030
409
2237
807
1792
168
709
1339
413
1535
968
802
1656
104
852
2136
279
1989
1041
1146
407
2019
740
94
10
2322
510
2092
1525
2133
405
777
274
2314
1633
1481
911
2063
797
999
313
158
2169
66
4
1616
523
600
1900
2233
1200
472
949
1874
1302
1531
2129
152
1505
266
283
199
278
813
290
35
927
435
379
1225
1385
961
1121
25
1030
857
134
445
1129
191
726
385
306
1359
607
1696
103
1292
641
391
1355
164
2080
430
8
527
1817
98
382
1725
2104
1714
566
34
1378
1852
1064
788
897
1063
650
1577
761
11
1500
1512
1487
292
1078
75
2320
2196
1159
282
1709
931
673
1297
1270
494
468
226
1764
404
1565
1639
638
2154
1741
330
1980
1244
895
863
1731
2176
721
1371
703
687
548
2070
2018
1281
679
1463
356
1334
601
995
1732
915
2198
143
187
1544
422
681
1282
1529
658
1147
138
577
1140
834
467
744
1163
1877
1113
1167
2033
253
790
1893
841
916
1956
516
214
1209
1131
1991
106
2050
2098
718
1199
610
556
910
1294
1446
1185
293
1677
368
848
2111
1097
864
1269
1069
1927
17
1675
1204
2090
1547
817
1214
743
1171
1859
1134
123
65
121
2235
239
336
1723
2011
546
1272
504
779
1237
1511
1277
291
2051
90
1644
1194
364
1042
219
2166
1524
884
2177
1885
1570
1699
722
2288
1673
250
806
186
460
605
742
2195
249
1051
1196
100
317
836
1647
1238
683
584
1329
1744
1459
2229
1321
392
826
766
1997
880
942
2278
1347
1774
496
251
343
945
1289
2160
2319
1992
2296
478
1710
879
1985
1973
1475
741
799
930
1610
595
967
1767
337
2197
2223
20
656
1025
0
1079
1263
1583
1208
676
1635
2305
630
1423
1801
1224
270
255
1353
408
1509
2135
1998
1374
1888
21
423
252
254
229
1793
377
141
1314
1249
1382
2091
2065
1829
613
634
554
7
2099
2001
2009
1076
2054
481
2157
1004
1242
846
1368
1256
1046
576
1395
972
2290
201
1264
71
393
1720
590
569
484
2127
57
159
335
1624
1155
1137
974
1001
1424
731
1729
900
2209
70
383
1415
507
853
1391
1811
1928
1307
692
1201
354
1450
501
1098
1043
1352
110
1838
586
1017
739
1800
511
1820
980
1343
1486
2293
1265
1794
109
970
2131
815
1979
1787
1770
1044
2312
1977
1331
1380
1654
855
1686
1734
1495
2266
213
594
1697
1739
39
2093
809
929
1839
2074
325
1768
1619
898
1981
453
616
994
2186
1772
329
890
1832
500
304
1246
663
2037
1499
1569
371
443
1701
811
1470
173
568
756
2100
2002
858
258
1375
433
240
1101
1039
2008
2101
248
1568
1842
1963
2211
702
551
1295
1895
537
1230
1217
1013
1876
449
926
353
124
1907
1627
1166
950
1585
1995
1704
699
1698
923
1785
751
2046
963
1972
1176
889
1947
1172
1886
205
513
1348
2200
1341
1952
2259
114
358
2304
439
1040
1652
559
2213
1357
912
908
819
378
723
952
969
2262
1276
1562
1180
1730
632
31
1519
1239
1554
1778
1278
563
1117
1507
905
827
1080
1541
2245
1231
1330
1858
169
340
1969
91
1349
37
2032
1111
198
618
1350
6
2255
1304
2284
2261
514
155
1433
729
675
1377
1094
1515
1883
2170
1771
2069
1425
1160
1387
1846
2180
1783
447
655
1198
1522
380
1072
691
36
589
1419
1458
1983
1148
2219
2289
294
1259
311
903
372
1082
1898
657
2276
1930
1593
426
633
1435
1620
1581
1534
112
2306
1837
1471
735
384
437
1669
342
128
480
993
315
1031
1933
1721
2264
366
2042
532
849
539
933
1448
1908
247
1517
1951
261
1337
1617
1685
1384
1033
1650
1189
1328
830
1889
1453
738
1574
1533
2024
2041
792
2022
113
2003
147
2254
1955
1755
1119
1668
1879
1631
1320
2167
704
1181
1993
2182
47
2140
46
2295
998
978
1389
763
1607
1018
1462
1491
2328
1381
624
1136
1311
218
820
696
575
1422
2139
1012
708
529
456
1427
1809
2130
1125
1105
1663
1651
267
707
1579
454
1649
631
2025
1109
2105
1358
1114
604
668
1545
1864
804
964
1705
471
1789
506
1488
924
2283
86
2013
1326
1390
221
983
1749
1623
517
773
1193
1738
1169
1622
1251
1526
1791
2277
1590
300
1255
1566
758
1871
1657
1468
917
1179
2028
1021
365
1694
2072
1057
678
2020
40
1572
745
1420
959
45
2173
2260
774
1317
24
257
975
697
32
234
693
1325
715
1659
2175
1707
824
1655
118
163
1315
1806
1143
1957
609
312
971
29
2016
195
2146
318
567
1485
1052
246
232
1092
1826
1005
127
682
2125
720
1220
869
1090
1414
2123
231
1312
1828
222
540
1126
558
1777
847
666
2272
1745
1445
2299
1863
15
1552
783
389
2113
914
228
277
2287
800
1130
1640
457
531
2252
1099
977
2202
1158
786
491
1299
1902
2250
88
68
951
1022
736
753
185
1847
1634
1
2114
2273
281
2292
621
1959
298
245
602
2096
402
27
1537
749
1946
1472
1913
587
130
1141
2088
1006
1399
146
1630
935
782
400
913
1674
2244
1662
243
1598
2081
264
503
1676
9
565
1333
1020
2067
1795
320
2161
1469
287
1937
1252
1344
1002
1161
2280
1601
1401
1250
412
1786
1104
1894
125
2079
1091
1164
1227
2126
1971
2119
816
1342
877
1784
1722
42
781
1638
1367
52
1416
770
1482
2049
1440
710
711
1849
593
1782
63
139
2317
1775
1548
1054
1726
627
1123
97
1733
1484
606
1280
2145
759
906
941
611
1966
1819
719
1712
694
414
67
1354
217
1779
461
1273
1396
787
444
2291
954
1762
1327
939
475
1618
1695
769
2155
636
2172
2228
1202
902
1322
1253
733
1083
747
2179
553
87
669
1296
1641
946
1233
2121
1776
1257
960
1573
1293
1436
1605
2052
1287
2326
465
934
732
2230
921
667
2132
2215
893
823
397
767
2048
1528
2218
793
829
1815
399
172
2053
1110
431
725
1479
1866
394
592
1613
1245
1398
62
940
284
2103
579
1366
780
1061
2239
1065
851
192
1284
441
1258
856
1319
2082
403
1808
1835
120
1483
1027
1970
839
2148
1743
953
689
2017
619
1804
973
1100
603
547
275
339
350
316
2128
178
41
347
1153
54
244
2171
716
614
1844
1243
1943
1373
1604
1769
448
427
1679
411
181
1592
842
1582
1540
1465
2242
2192
51
825
1840
1365
310
591
1223
1962
1102
1753
892
1361
1578
1925
1897
1363
2270
1916
1595
896
179
1261
286
323
19
136
2222
649
1316
1854
730
140
1460
992
796
2006
182
1034
828
1678
295
2014
2
324
44
1081
2066
166
321
1070
2149
1028
928
615
904
907
617
2199
1406
2044
1967
1822
74
2225
1301
1990
832
415
990
1532
1056
450
1229
1207
2286
2094
206
2204
2216
1560
367
1867
77
572
1803
1549
1096
671
533
216
831
296
1120
1875
1226
1691
150
1291
1671
1085
1394
1672
117
2106
357
458
1300
1045
1150
78
2297
223
1873
1132
2316
1103
421
883
1402
1411
1386
1964
2077
1108
2263
1940
1523
162
1106
628
2097
1609
1332
957
1212
1205
2137
418
629
1759
1241
1323
238
544
160
2153
1797
1688
1477
344
508
1536
1600
1478
1717
714
2313
76
1397
12
1271
1718
1950
375
1872
1823
1177
538
1203
1870
1211
570
1240
1128
845
2021
2194
1968
1754
2271
5
1976
1305
775
1178
886
2122
2112
1807
1825
386
204
1539
620
1379
1681
1444
872
785
272
1965
542
1758
2231
1376
1586
2256
1611
2055
1901
1637
608
1439
1050
72
1248
2279
588
1920
2038
451
2248
1152
132
2232
874
550
406
1122
688
1175
859
596
209
2188
1923
434
1340
1464
1498
1351
1814
1986
750
1827
1603
18
562
1558
909
2214
420
374
96
1878
1173
101
1432
810
190
1567
322
2285
1935
1880
95
452
1682
1805
259
1514
59
937
1213
2227
1035
2138
1451
126
1670
1594
672
2302
338
868
288
1118
2325
1288
2108
1138
528
1542
647
2134
690
285
530
401
2298
822
116
2035
2183
1915
564
1680
1026
1821
1700
129
328
1752
1084
1960
495
175
1958
483
1850
1428
571
2004
1362
1215
1516
1706
705
2026
580
1011
64
1235
108
2089
2062
1073
1513
2076
2303
1182
1232
85
1192
1538
1068
1625
1612
1066
541
1557
768
1865
648
1274
26
1632
2056
2057
1575
670
1665
1434
1191
521
728
1559
1168
490
497
419
1162
2084
1429
122
1370
341
1899
2241
464
866
1037
202
976
1974
493
2268
1157
197
1896
982
943
1589
161
2073
522
1887
22
835
1048
561
193
235
1642
2163
1643
268
680
1626
2150
2117
1502
1036
1747
1944
135
1089
1853
2274
1086
2010
515
640
1443
355
1151
854
844
1236
1508
1267
105
1476
1345
1658
1392
684
1010
2085
2159
1283
1144
838
1408
144
1646
485
862
821
1684
2275
154
145
1418
2141
2251
837
351
2144
61
985
462
2086
803
16
646
1766
1298
174
1456
1912
273
1145
988
2301
463
635
1860
265
2107
1645
416
1716
677
38
2311
498
2045
814
1756
955
1917
212
919
476
861
1124
1400
1588
1055
1664
1563
1550
833
1127
184
1608
2207
599
888
1437
1816
82
867
794
989
482
2164
1911
363
552
1186
210
1527
1441
2253
776
2027
1715
840
359
1830
2189
119
80
938
1360
1599
1165
486
1891
183
2307
1059
1868
1074
1324
1417
505
1356
1975
303
1473
512
256
545
2031
1788
2162
1922
534
876
1982
2168
1254
2000
369
2071
1075
180
1909
1781
1841
333
1014
1262
612
1687
1926
319
1313
1062
1945
798
102
1735
651
1727
2005
1905
1941
2249
1338
1836
1115
1447
1571
1813
1222
455
1921
1000
2330
966
428
73
1058
1197
2109
417
1719
1410
1614
574
2047
1260
1154
1929
2236
1409
1855
1693
1757
2059
1824
1219
49
1306
58
1275
724
701
1690
520
211
727
442
543
1133
597
1954
760
280
1449
878
1751
1023
875
757
1007
424
1383
2203
2124
1049
1761
524
1501
1881
1095
1053
1489
622
2152
1857
979
932
1861
2181
525
922
578
1932
111
1713
14
236
560
2078
1077
1234
2282
142
425
2221
1948
1431
1503
936
1170
1455
1942
48
1843
526
1015
1708
93
1492
1430
734
1661
925
241
2206
348
165
148
2116
83
53
642
573
2151
302
446
1279
230
1904
1703
700
1796
1474
370
1372
2142
2243
334
289
1032
1683
2158
1116
1266
2120
2147
2193
653
1071
177
2265
901
1596
307
1335
352
327
1833
381
1309
1629
1221
748
208
346
1019
1467
131
2068
314
50
153
585
661
2015
