1621
1803
1712
1894
2076
1985
2349
2531
2622
2804
2986
3168
3350
3441
3532
3714
3805
3896
4078
4169
4442
4351
13542
4624
4715
4806
4897
4988
5079
5170
5261
5352
5443
5534
5625
5716
5807
5898
5989
6080
14906
10993
11084
14997
15088
11175
15179
6443
6352
6261
6170
6079
5988
14905
5987
6078
6169
6260
6351
6442
15178
11265
11356
15360
11447
15451
11538
15450
11446
15449
11445
15358
11355
11264
15177
15086
11173
11082
10991
10900
10899
10990
11081
11080
10989
10898
10807
10716
10625
10715
10624
10714
10805
10896
10987
11078
11169
11260
11351
11442
11441
11532
11623
11714
11805
11804
11803
11712
11711
11620
11710
11709
11618
11617
11708
11707
11706
11797
11796
11795
11886
11885
11884
11883
11882
11973
11972
11971
11970
11879
11878
11877
11785
11784
11738
11648
11558
11468
11469
11379
11380
11289
11199
11200
11201
11202
11112
11111
11110
11109
11108
11198
11288
11378
11377
11287
11197
11107
11018
11017
10927
11016
11015
10925
10926
10836
10835
10834
10833
10743
10744
10654
10653
10564
10563
10473
10562
10472
10382
10293
10203
10202
10292
10381
10291
10201
10111
10020
9929
9839
9748
9658
9567
9477
9386
9295
9205
9113
9022
9112
9021
8930
8839
8749
8840
8931
8932
8841
8933
8751
8660
8568
8478
8569
8570
8479
8389
8298
8299
8390
8300
8391
8482
8392
8302
8393
8484
8575
8485
8395
8577
8578
8668
8759
8850
8941
9032
9122
9304
9123
9305
9214
9306
9215
9125
9126
9308
9217
9399
9490
9400
9491
9401
9492
9583
9493
9584
9675
9676
9585
9494
9403
9312
9221
9131
9222
9313
9404
9495
9586
9587
9496
9588
9497
9406
9315
9224
9225
9316
9317
9226
9135
9136
9045
8863
8954
8862
8772
8681
8771
8680
8589
8498
8408
8499
8317
8226
8135
8044
7953
7863
7772
7681
7590
7499
7409
7227
7318
7319
7410
7501
7592
7683
7774
7865
7956
7866
7957
8048
8139
8049
8140
8231
8322
8413
8414
8323
8232
8141
8051
8142
8052
8143
8234
8416
8325
15370
15461
6543
11457
15552
6633
15551
6542
15460
6451
15369
11274
15278
6360
6269
15187
15096
11092
15005
11001
10910
10819
5996
10728
5905
5814
14732
10637
10546
5632
10455
5541
5450
10364
10273
10182
10091
4995
4904
4813
4722
9727
4631
9636
4540
9454
9545
4358
4267
9363
4085
9272
13367
9181
9090
8999
13276
8908
8817
13185
8726
8635
8544
8453
8362
8271
8180
8089
7998
7907
7725
354
263
7543
172
7361
16279
7270
7179
16097
11820
16006
11819
15914
6995
11818
7086
7177
16095
11909
16186
16368
16277
16185
78
7358
16366
77
7539
168
7629
76
7447
16364
16273
16182
16091
11813
16090
16181
16272
16363
74
7536
165
256
347
438
529
620
711
802
893
984
1166
1075
1257
1348
1439
1530
1621
