582
1684
1566
761
163
1598
871
2049
1363
805
1842
463
1580
1423
192
1822
2017
2122
494
562
1483
1813
1358
1609
1217
1073
832
1778
2002
1269
1210
1317
1388
378
1695
1495
75
870
132
1782
1142
1303
1117
1681
2179
1145
1127
352
1397
848
2035
1808
114
2280
138
1585
1011
851
1082
546
2334
932
2301
1105
1599
1899
1059
858
67
228
1912
1894
549
2304
1824
795
1897
1509
2128
994
495
1371
407
2158
2048
1638
1486
1710
2197
626
1093
1144
208
401
2040
1925
1726
998
936
1199
2343
486
756
1346
517
1521
966
2146
1279
1071
2335
1444
2308
297
1819
823
1447
1707
1831
2312
1957
1283
2315
2204
1682
447
1539
1480
240
2331
1795
600
1147
1978
425
677
665
939
270
218
1372
1078
438
1406
1862
454
2013
1250
572
2299
1185
598
375
32
1752
6
2071
1933
1159
400
1296
1944
1672
1883
1697
941
1874
1592
249
47
1881
397
604
465
956
345
1661
248
2151
812
1595
1399
1451
583
258
471
2222
803
1151
353
2115
676
79
1135
2223
1693
983
590
435
1097
100
396
2317
934
1049
1940
2051
2233
715
1035
894
1315
705
960
2295
630
2061
46
37
834
997
2267
1563
1219
1393
164
1378
1275
1733
456
1541
556
1889
536
207
2020
2323
529
656
1806
1333
398
156
2003
1300
1069
2062
510
839
1236
928
1309
808
1047
611
1836
1935
1680
1604
1228
323
2019
1872
1211
48
13
134
2134
1057
1008
738
1468
1705
234
5
2108
1660
1649
2032
1704
1675
2133
2247
865
1032
2255
563
1917
1946
1016
867
2226
413
759
1968
1001
475
1639
779
973
1962
952
958
1600
2254
498
115
669
2129
1596
21
654
617
1814
1209
625
1271
376
1415
986
1666
110
482
2196
1929
855
1041
1703
1376
2276
123
1311
1118
203
215
588
391
1107
142
14
1233
2177
1297
93
916
1157
1337
489
1511
723
2260
1238
423
1491
299
1120
1572
109
675
1570
637
703
1882
54
124
569
758
1414
565
520
1412
2100
560
2044
1712
2288
864
1648
129
1442
1565
1072
82
388
1805
71
693
1021
1150
2251
1435
1997
15
1771
141
2119
863
324
1937
1797
34
73
293
1594
847
2241
101
371
1293
922
1484
105
2245
1042
1056
2008
2077
221
1939
1490
940
633
1691
2104
2153
1634
1367
483
1853
1364
1699
1205
969
643
2271
1190
1232
157
1132
937
1496
1119
695
849
441
620
171
92
2010
2027
1802
2068
38
1453
1966
103
2025
898
251
1662
131
1930
485
201
554
250
1525
1194
895
1065
1356
767
1974
2322
166
1729
1214
1083
2261
1641
1642
1108
137
519
1003
1416
136
1220
647
335
955
2215
1027
2228
602
597
1583
1765
790
381
685
436
1381
601
869
1424
1355
1402
2014
2005
1949
1965
2016
449
1036
1934
1904
496
2112
49
792
288
2079
2291
1631
634
950
944
1182
406
181
393
1409
610
2193
1960
962
256
1146
729
481
624
1518
2175
1109
1365
72
1307
493
616
968
467
170
85
2157
233
1191
1827
263
1602
1438
961
521
559
1156
1973
567
1963
1198
749
1302
1410
182
1852
1239
1879
2290
1045
222
1568
1255
269
1549
1731
830
1258
1110
11
1900
1664
636
802
1354
725
1667
2231
982
1440
967
1803
213
2001
1533
550
231
31
765
1282
2324
1421
816
586
1287
1636
774
1084
1756
478
1727
574
667
2306
1512
2007
1098
1277
868
160
2239
2319
1761
2344
1288
1833
1601
1574
1924
1964
747
1472
2094
2090
854
283
552
1526
364
177
205
526
1914
1394
1540
760
2166
804
2281
2263
1044
719
2105
1322
2152
736
56
26
1970
1237
1168
1884
1645
227
1578
305
1719
1524
2230
727
1470
2012
608
512
1575
333
1737
1907
775
1633
575
140
914
1000
1222
2273
1961
322
2289
548
1020
390
1075
12
1505
1611
1457
1748
2125
2085
1981
2103
184
303
2182
2150
2311
1647
1501
113
117
1954
500
1465
1621
947
1950
903
53
314
154
1614
1235
641
1298
98
1510
755
151
1112
1745
814
178
1902
1553
1048
1154
1790
1529
359
340
342
523
514
369
2348
1923
642
1114
861
470
165
1475
1732
837
680
557
995
2145
19
942
2171
1982
2127
884
318
1736
1627
1586
433
1204
341
909
1612
1558
2302
2256
264
713
874
2102
1125
919
284
238
1768
879
1994
1067
992
372
96
1344
1793
888
27
2046
2224
1089
1366
872
733
102
2063
8
1789
1556
1212
836
1436
728
1018
1886
2203
111
1488
2185
887
1417
1221
1206
1840
1343
1685
957
688
2026
619
741
963
1657
1754
209
2329
473
985
265
1278
1643
451
1121
1828
488
948
720
125
640
1843
146
2097
1137
2
881
1294
437
474
1304
2039
2201
455
1844
1038
662
387
1226
374
280
622
119
913
2000
2167
531
1347
743
2272
742
1022
975
2139
1652
915
1751
2149
931
1547
1677
2043
2294
547
595
1506
1179
578
1921
691
513
890
2266
1846
1746
7
1893
1542
1386
1039
1487
44
1544
1958
118
711
1845
1915
954
2024
174
271
2163
52
1931
1408
1033
1622
1050
426
411
793
1155
281
261
502
1888
1169
1247
1640
946
2056
1368
2086
1772
1811
1077
623
254
2339
1692
127
1866
1340
2022
1520
1286
214
1619
2095
1243
130
1240
168
1561
1920
162
412
1908
2189
553
2070
2029
2243
1305
1774
1289
1443
1503
469
1587
768
1721
2297
2057
1295
74
1868
833
1665
632
585
1178
882
1498
1945
799
2078
94
1030
1276
801
428
83
1051
744
1557
639
1807
2225
1522
817
1584
1172
876
1216
189
762
2286
484
104
615
1554
1329
1060
202
1138
766
1245
800
678
499
2147
1188
402
90
301
279
1316
838
1943
788
1812
1079
1687
1425
65
253
594
1686
41
1
783
1905
22
2206
504
2160
1796
718
1266
148
2274
752
1869
862
2326
2135
1342
58
842
1983
1545
1253
2328
596
951
480
291
1064
2015
1299
1314
822
332
781
188
262
1987
1086
1284
1702
592
1832
1720
2023
974
2161
1708
682
1002
2187
971
316
507
408
1090
1452
1230
1152
1473
708
1334
1493
2300
328
1971
1709
522
198
2227
1499
831
2220
1991
466
112
538
2246
1404
924
1370
1290
1200
24
286
1620
664
518
2131
1567
2073
315
551
1865
1728
2184
1267
1241
1390
1663
1489
1395
732
511
1724
1095
541
1361
1838
818
2021
2136
2232
479
1441
2054
1753
1755
2309
702
2126
2037
87
1571
2213
1815
918
917
953
690
525
2190
1171
516
1926
91
149
566
2332
144
1338
2314
627
338
1716
2244
1644
1181
2240
2047
1835
121
696
1969
1180
1858
1285
902
2283
384
1034
2298
1890
1885
2277
395
593
539
487
462
443
373
1514
866
310
1817
313
42
1461
2191
666
2287
577
2080
857
1463
2296
2041
2237
1321
683
825
2278
276
1701
1148
1689
2320
330
2172
1637
1141
929
16
1741
476
1783
1670
1635
503
2249
1706
959
197
2199
658
1183
843
176
78
984
735
2018
229
2096
875
1546
1017
1270
644
584
257
1058
1588
1591
1715
505
422
1863
1654
1809
1534
204
1519
612
1006
1175
989
1100
1617
159
2303
1848
33
1714
410
69
88
1785
1911
1867
629
1173
1234
886
1550
1777
2313
1996
1014
1320
2216
921
152
1758
988
1696
289
811
1543
1952
2180
1875
64
1254
1891
2084
1873
1629
1606
885
76
2207
1679
970
2176
1464
450
1678
1332
370
1202
2081
29
794
901
2219
1870
1450
1009
1348
1610
1163
122
1273
806
778
1688
430
2217
2140
1249
1976
445
180
757
336
532
2270
1227
2066
1608
1953
2009
1535
1189
1532
1671
1656
311
1158
570
1123
1990
1462
1263
2124
1482
1066
1892
2030
70
645
404
1252
650
1345
859
1985
528
2138
1948
810
1992
1224
555
320
2178
2064
980
1668
1351
753
1938
1779
1339
1658
1046
2188
440
2269
1374
383
2093
1477
187
1377
1383
1454
1792
1876
1427
509
840
1166
906
1160
1895
252
1369
571
673
1825
1029
226
1856
1389
319
846
348
700
1669
1799
368
692
734
460
1593
1281
880
2349
357
2107
216
652
527
1820
773
1646
508
580
991
2038
786
1306
108
2164
2330
1162
51
418
339
1551
1037
707
717
80
856
2083
1800
618
1325
1025
1405
730
2186
1439
1099
346
543
1063
1448
2011
1504
2004
1103
1192
1787
464
1350
899
722
2318
135
36
1153
1941
365
943
1781
1362
1431
740
681
945
2174
2114
220
540
646
1446
1956
686
878
4
777
2092
2109
1053
77
1131
317
1164
377
2162
1193
1735
824
671
1582
1005
797
2353
501
417
987
273
1265
1717
2156
1537
81
1794
925
1481
892
17
897
1632
434
1694
2307
329
739
1324
1581
1959
2033
1548
40
1683
1951
350
990
2292
1301
490
2327
431
1723
399
2250
1092
820
2170
1007
599
701
771
1936
1102
1310
2310
542
1786
1113
55
1434
1096
1871
1055
1268
2342
2293
2205
306
1430
1396
1398
1742
1264
66
1864
1262
2110
1429
704
337
1040
1432
349
1653
534
576
1411
225
1455
1291
20
1909
689
1690
716
1081
1749
1195
2031
1798
2345
2098
1676
2159
1613
1349
1984
1555
2218
1573
392
358
821
1170
905
405
1877
904
1184
772
2210
1674
2209
976
448
9
1070
1898
343
326
1980
1062
1855
1523
910
2053
1449
1242
2211
648
663
2055
1403
175
1379
751
1215
1143
1744
1818
1013
1967
30
1186
1176
1400
993
1248
850
1507
709
1607
1208
414
68
1791
2275
2229
2169
1747
367
246
2117
1859
1998
1129
1494
845
2060
2200
272
1225
2142
1419
1330
533
694
731
796
1418
1788
1218
355
545
212
1993
1834
1700
1975
1887
497
907
1336
275
1773
860
2238
1019
304
1615
1913
1207
1743
2258
746
1128
1497
2034
61
1500
60
99
506
698
255
1274
1878
1251
763
1906
1466
1851
347
2132
1375
294
458
1775
589
1341
2341
754
791
1428
1213
558
1028
896
2242
776
2257
150
628
193
3
670
379
852
826
1784
491
2321
278
1043
841
1256
133
298
564
1331
459
235
1995
1280
979
1187
1257
1823
1437
835
1880
1999
2121
1527
653
614
1319
2075
2089
2155
1080
1133
927
2284
2235
819
1977
1292
679
334
1766
813
651
1597
2165
2099
1456
1513
1136
684
1479
1734
1223
1910
1413
1012
2346
2042
1328
23
1989
1469
1861
191
1459
1139
809
2333
2340
687
2214
605
524
2059
873
1061
1776
912
737
1659
1515
2069
977
1626
883
1359
1244
1928
143
1004
50
1528
933
1979
1903
419
1445
621
649
2101
1603
978
721
1517
1651
631
1562
935
568
1536
107
1829
472
1837
1757
243
1385
2087
591
242
2143
239
920
1091
1739
477
1559
1759
1538
908
424
446
981
911
606
807
787
949
2111
2262
1918
86
1589
827
938
1327
2279
2116
2130
172
385
1821
1261
1623
394
386
282
1360
1502
1087
657
95
2058
292
1922
2088
1839
1026
1203
2212
1420
724
2194
1111
158
120
1850
266
43
492
745
1590
195
714
2264
769
403
1024
2118
1916
1927
327
1433
10
186
1616
900
1476
581
1023
444
972
674
2154
579
153
844
287
1841
1068
2282
1722
167
784
2195
1560
2234
35
224
1576
930
1860
1460
325
1485
712
2168
199
1711
290
544
161
210
173
699
710
2236
147
561
1231
2268
785
1407
2336
126
1780
1725
1335
354
2106
1564
661
309
360
230
1196
1849
1467
515
190
1830
1161
2198
2036
307
1174
1326
277
200
2316
1531
999
1801
1313
780
2265
1201
1972
1259
62
1942
1804
1857
219
964
1352
84
2144
344
116
179
1384
63
1750
537
1577
