1837
8088
3838
2875
5374
7870
5290
2892
4875
6280
1707
1801
1415
7318
3243
8700
526
6940
3340
1787
7897
3940
573
7237
8579
3915
2964
5749
1118
9012
658
3886
6322
6521
9194
8678
6438
7448
3133
4127
6338
7658
6643
4760
3320
791
505
908
2836
482
9257
420
3674
4982
7443
7619
1101
5215
2901
548
973
4317
4782
7494
841
37
7653
9984
5211
5417
7401
4306
7982
6149
8170
8394
2294
3058
5241
6553
8515
3005
4806
106
1125
2148
7563
1331
9086
7209
8556
4545
7254
9007
5046
6762
1282
1517
4637
9100
239
1490
5295
2162
352
463
2873
725
4247
2454
8325
9235
2382
3339
6641
5355
1018
7470
2173
2395
4442
4722
7991
1838
2872
7037
6775
6934
9794
8204
1678
8668
2397
7799
4688
7736
1328
7695
9601
9469
3426
7447
6488
1006
5172
8888
7512
7090
132
982
5422
195
9625
2128
8615
2372
583
6358
7976
5528
9436
6275
2340
3400
148
372
8076
2153
9348
4269
6835
5383
7889
4347
3192
2886
9680
4591
2396
8743
7466
3911
8817
1971
1281
861
1837
