8739
1753
961
5370
7450
5078
907
6315
1890
7881
3597
4363
2297
4475
4503
9046
3845
2950
3508
4284
101
5671
8050
753
32
9904
1784
6495
8487
3479
4845
1620
8090
5189
2331
8652
7794
2686
3465
1405
1381
606
6629
6436
111
4071
8909
2907
4350
4994
8849
3432
4091
8371
3447
8278
6497
3477
5416
6478
5405
6278
2646
503
1075
1122
1466
9
2599
8582
2238
1991
7808
3596
9746
9284
9899
9995
3876
1670
6517
7479
2613
7898
1924
2212
265
6180
4606
5379
1180
1400
5392
1302
4142
3515
1417
7368
492
1725
6954
8518
7733
8864
3790
9083
4070
8312
3776
10
3646
3745
1568
7877
6033
4416
5147
5290
2892
4875
6280
1707
1801
1415
7318
3243
8700
526
6940
3340
1787
7897
3940
573
7237
8579
3915
2964
5749
1118
9012
658
3886
6322
6521
9194
8678
6438
7448
3133
4127
6338
7658
6643
4760
3320
791
505
908
4179
404
1104
2323
2723
3708
594
2661
8314
8739
