4493 5640 5862
1201 5118 3047
3733 2508 9578
3436 4780 7886
7093 9646 7369
3459 2587 962
3514 7569 3966
627 5730 4667
9347 9605 1739
9401 627 5730
3490 7631 3990
627 4667 386
2852 8124 7490
5753 4025 6912
5901 3276 7432
7791 2899 8098
5202 8656 2816
793 3957 983
9815 4884 7167
8303 4546 5729
9773 6593 8001
4546 5729 6354
3508 808 2950
967 2508 9578
5711 6682 3037
5329 537 8140
793 983 7499
8489 8009 5998
2681 3467 5441
776 2681 5441
8489 3368 5998
4152 3212 843
6434 9347 1739
5202 7320 8656
5118 5277 3047
7294 1607 9753
6050 5838 8190
4152 3212 84
8363 773 843
7253 3392 3754
6434 2321 1739
8500 247 4503
6232 5441 8665
1717 3733 2508
5753 6912 4383
829 456 5862
411 7587 609
8303 4445 5729
7889 4466 4347
967 3702 2028
3212 843 84
776 5441 8665
6942 3733 9578
3467 9026 6232
2770 5261 271
2950 3845 9046
5901 7432 6334
7294 9753 9168
3415 2653 5872
5118 5277 5304
221 9026 6232
6434 2321 2234
4293 5461 7490
8175 9776 8483
911 4924 6334
3964 4514 6732
5173 773 843
3467 6232 5441
7889 6835 5383
4979 4152 84
6833 4979 4152
1059 7948 3304
1524 9748 5914
9168 8363 773
967 3702 9578
661 6368 9580
8449 4467 8686
6835 5383 5998
7461 4715 4459
3508 2950 9046
7265 9936 813
6329 5556 9227
6115 8725 7459
5173 843 84
6236 8592 211
6368 962 9580
9460 7830 594
9268 9913 4879
7265 4459 813
1524 5914 2970
829 7570 456
397 3049 4899
5669 1603 6317
2321 2234 1739
4711 6662 1549
4522 3793 3276
9168 5173 773
5556 9227 84
1201 5118 5304
6467 2620 9815
9168 7194 5173
6489 4493 5640
661 962 9580
4924 5901 6334
5901 4522 3276
7265 7461 4459
7785 3049 4899
7889 4293 4466
507 6704 6732
5676 8124 9831
7412 4715 31
525 9401 5730
2852 6133 9831
6220 2233 6203
525 1603 6317
4293 4466 7490
7784 6368 962
1130 7461 4459
831 6833 4979
7963 4005 7726
8628 5047 2028
525 1603 9936
9620 3423 9720
2852 8124 9831
3276 7432 6334
6434 9347 9605
8144 149 4131
7551 8699 9063
1717 6942 3733
9180 1201 3047
9348 661 2153
1366 7570 456
2096 3530 3624
7594 6329 5556
7784 2587 962
5669 1603 9936
5669 9936 813
315 3845 9046
8699 6087 9063
1660 2481 8156
5556 4979 84
9753 4667 386
742 5277 5304
2762 3073 1724
1565 5671 101
7791 3957 983
9168 7194 386
2852 4466 7490
661 3459 962
6619 397 4899
6682 3132 4445
7784 8489 8009
1702 7889 5383
9038 1524 2970
6975 519 3130
4284 3508 808
8449 8686 8098
5047 9392 2028
9776 9646 7369
7881 5915 3597
4780 7886 911
9399 7461 4715
8175 9776 9646
9348 4269 2153
6161 742 5277
6682 4445 5729
451 5901 4522
6329 9227 84
6835 3368 5998
9776 7369 8483
2852 4466 4347
3715 7446 335
5676 6133 9831
4269 6003 2153
2050 1576 9463
7889 6835 4269
1702 5383 5685
4780 911 4924
7093 7369 4337
829 5640 5862
7242 4393 9842
1702 7889 4347
7093 9646 7784
3183 9139 8087
6835 4269 3368
4424 1877 3459
1705 7235 9313
9753 9168 386
8725 7459 9139
8810 1252 1287
7093 8009 4337
4210 242 3158
9528 4514 6732
3387 5607 8529
831 5556 4979
7265 4715 4459
6236 211 3098
5682 5228 9990
878 8483 4337
5329 7257 8140
7830 594 3708
4647 6087 9063
835 7446 335
9408 1059 4930
6158 242 3158
3964 4514 878
356 540 5606
8333 9815 7167
3368 6003 2153
9168 8363 843
4305 793 7499
911 7726 6334
6313 3795 3304
7369 8483 4337
3793 9748 5914
8628 3795 5047
9608 221 9026
2675 1325 7402
8288 7784 2587
1366 456 5862
7963 7726 6334
8449 2899 8098
6050 5838 7574
9399 6942 4715
4293 5461 661
4711 720 1549
4156 7265 9936
5888 3731 3835
8050 753 32
3471 3335 5516
7357 1211 5429
6704 8949 5685
9029 1033 9720
831 6133 6833
8793 6815 3049
2994 6482 3807
4179 505 908
7459 9139 8087
5805 525 6317
4305 4681 7499
7791 2899 3957
7412 2234 1739
6942 4715 31
4269 3368 6003
1724 9740 8483
4241 2233 6203
1724 878 8483
860 2125 2952
5800 799 7356
1643 9449 9473
2834 4954 3355
7242 4152 843
2402 8303 4445
9408 1059 3304
2528 1186 4544
6682 3037 5729
3218 860 3253
8175 9646 3793
9755 4156 5888
7452 9740 8175
899 7461 4459
6440 3731 2058
589 270 9092
7784 8489 6368
3037 5729 6354
5888 3835 5800
1637 8739 8314
589 6164 3702
7690 8699 5984
9895 8540 4104
661 8489 3368
7886 911 7726
2661 8739 8314
9038 8592 211
8889 1702 8949
4658 8916 4884
9620 6242 3423
9740 8175 8483
589 8628 2028
893 3145 7789
8810 4497 1287
6434 451 4522
2620 8333 9815
5676 6133 6833
8009 5383 5998
7889 9348 4269
507 8889 8949
661 3368 2153
7253 3392 7334
5936 9620 9720
4424 5461 3459
3218 2125 2952
9753 5730 4667
4467 8686 8098
8763 2116 1961
7525 4647 9063
4241 9075 6220
5607 8529 8087
8914 1702 4347
8974 7584 5984
8288 3459 2587
835 6619 397
589 3702 2028
507 6704 8949
4241 6220 6203
661 8489 6368
4076 3807 9522
5048 315 9046
7569 3966 1010
6440 5888 3731
8628 3795 4104
9348 4293 661
8175 3793 5914
7452 5914 2970
7093 7784 8009
819 9265 9620
3016 7452 9740
2710 340 7579
3715 7652 4537
9773 5228 9990
7661 4522 9646
8420 1864 9841
9399 7412 4715
525 9401 8665
7889 9348 4293
6842 3387 8529
4573 6242 2285
2402 3132 4445
9075 6220 2233
2893 8543 9522
7334 7452 2970
6979 1059 4930
1033 8481 5682
7112 2096 3624
7242 1877 4393
1553 533 2021
8144 1724 9740
3795 3304 4104
221 7194 386
4383 4546 6354
1644 6236 3098
1972 9113 4214
2762 1724 878
3320 8045 791
8540 7948 3304
8529 7459 8087
3835 5800 799
6582 7594 1961
601 8793 6815
3115 451 5901
8540 3304 4104
6704 6732 5685
9029 1033 9990
7652 2675 1325
4156 525 5730
8449 9688 2899
8050 753 5671
1213 2528 4544
3964 8009 4337
9401 627 8665
7525 7551 9063
594 3708 2661
4156 525 9936
1877 8288 3459
5461 661 3459
6313 3392 3754
3218 860 2952
2606 5711 3037
3835 2478 268
967 9392 2028
9090 6164 3702
1715 9180 3047
1033 5682 9990
4522 9646 3793
6313 9408 3304
6619 8763 8966
7242 9842 843
2116 4711 6662
7594 831 5556
7594 2116 1961
1430 5669 813
6662 2852 6133
8540 1059 7948
6842 5607 9631
1702 8949 5685
4360 5657 6385
3183 1947 516
7452 8175 5914
491 742 5304
3793 9748 3276
221 7194 5173
9970 5838 8190
8914 720 1549
2723 3708 2661
7004 7097 1812
8721 6440 2058
4544 2402 8303
4830 4974 2125
5936 819 9620
6482 3807 9522
1134 835 335
6100 4148 4603
8045 791 505
2723 3708 8739
4658 9815 4884
2494 9408 4930
4424 5461 7490
9038 8592 2970
4424 8124 7490
1644 3392 6236
5606 4681 7356
1962 1877 4393
630 7257 8140
7412 1607 2234
2781 491 5304
9556 315 3845
9970 8190 1287
799 4681 7499
3183 516 2478
7448 6438 3877
8144 3073 1724
7551 8699 5984
776 5805 8665
6313 3392 3795
3964 878 4337
1644 7764 3098
1186 4544 2402
799 4681 7356
3316 7690 7584
594 2661 8314
7040 1972 4214
418 9075 2233
1962 4393 9842
6842 3387 5607
8500 617 4503
4873 4544 8303
221 627 386
3016 8144 9740
3964 5383 5685
8288 9646 7784
9970 4497 1287
1033 8481 9720
51 8595 4960
9755 5606 7356
3227 101 4284
7412 6942 31
7594 2116 831
3227 5671 101
6482 8543 9522
5805 525 8665
356 7880 4681
3436 7886 7764
9090 3702 9578
3964 6732 5685
3451 8617 819
7661 8288 9646
2781 2610 5304
7690 7584 5984
4749 7661 4522
7963 3276 6334
7791 4467 8098
4954 3355 4760
470 9783 9727
617 4475 4503
7886 7764 3098
7128 418 9075
3942 3621 149
6158 4210 3158
7349 601 6815
4575 3708 8739
4711 8914 720
4734 967 2508
9528 507 6732
470 9727 7618
470 9783 7618
4424 5676 8124
6643 3320 4760
1597 8540 1059
9180 2610 1201
8376 1167 9631
899 4497 7461
7412 9605 1739
3183 2478 9139
6329 5173 84
1213 4873 4544
9608 221 6329
1553 7785 4899
723 7363 4705
7880 4305 4681
2116 831 6133
1211 968 5429
3715 7446 7652
7004 1809 418
5682 5228 1252
4156 9753 5730
4734 1644 9392
5936 8617 819
2610 1201 5304
3964 8009 5383
8396 7319 6631
2653 4559 5872
7349 5657 7128
7242 4424 1877
8914 2852 4347
6582 1961 4899
1430 4459 813
1866 7551 5984
2816 7253 3754
8810 5228 1252
9107 9090 1130
4873 8303 4546
7357 968 5429
7963 1524 9748
2781 491 742
1705 7438 9313
2116 6662 6133
8656 2816 3754
4749 1962 7661
8793 397 3049
4156 5888 7265
1597 6979 1059
9332 3327 7158
7040 8725 9113
2417 4603 8974
2723 2661 8739
1809 2021 2233
5888 5800 7356
7963 9748 3276
6467 4658 9815
1430 9107 1130
1866 8280 8974
1010 8810 5228
6434 451 9605
396 7047 1582
533 9608 2021
2785 1366 7570
7791 983 7499
6232 627 8665
5048 4503 9046
2481 8156 6545
1010 9773 6593
9755 5888 7356
6927 3715 4537
8376 1167 3272
9038 211 1524
7040 9113 4214
6242 8481 2285
9970 5838 6161
1809 418 2233
5470 4493 5862
247 4503 9046
5591 3241 1636
5676 6833 4152
1553 6582 4899
221 6232 627
1866 8974 5984
3171 3530 3624
5882 6593 8001
9090 6942 9578
2001 9773 8001
14 340 992
8481 5682 1252
3428 3083 9113
6602 2675 7402
4241 2021 2233
1167 3272 1812
1010 9773 5228
1167 1812 9631
9999 4631 7320
6115 8725 9113
2116 4711 8914
3016 8144 149
9930 51 5613
1325 9313 7402
8914 6662 1549
5428 3227 4284
3183 1947 8087
2762 4514 878
5838 6161 5277
7727 1643 9449
356 5606 4681
7084 6489 5640
2496 4252 2981
835 7446 6619
7150 819 9688
3902 3428 1972
5548 7064 8870
7525 4647 6087
4749 1962 9842
1553 7785 3049
899 7265 4459
3392 6236 8592
4363 3597 2297
9999 6602 4631
9608 7594 6329
3016 7334 7452
4053 3877 3090
4734 967 9392
4360 2276 6385
6602 7652 2675
9029 9773 9990
340 7579 992
3731 516 2478
6619 8763 1961
799 7791 7499
3423 8481 9720
1962 1877 8288
9448 8144 3073
4749 6434 4522
7448 3877 3090
8889 8914 1702
4631 5202 7320
1430 1130 4459
9090 589 6164
6242 3423 8481
9399 7412 1607
4830 860 2125
3835 799 268
7448 3133 3090
540 4497 7461
3428 1972 9113
2058 776 5805
8396 1453 1366
5470 6489 4493
6619 1961 4899
799 7791 4467
221 6329 5173
3569 2762 3073
3514 5882 3966
3731 3835 2478
711 8916 4884
4156 540 5606
3451 5936 8617
9079 8618 3725
4734 1644 7764
8341 126 1134
6104 829 7570
4985 6345 609
9399 1607 4715
2032 9783 7618
899 8810 4497
7674 3386 2125
589 9092 8628
1962 7661 8288
4076 5078 9522
4780 4924 5901
799 268 4467
9755 4156 5606
594 1637 8314
8763 8966 507
9608 2021 9026
4572 7524 3272
3392 3795 5047
7047 1582 2123
2417 8280 8974
3690 4621 4882
7004 1809 1812
6104 2785 7570
3731 2058 516
9107 9090 589
9265 9620 6242
8449 268 4467
3083 9113 9913
4156 1607 9753
9970 6161 742
9528 2762 4514
3115 451 9605
9094 4025 6912
2530 6100 4603
2620 4573 8333
1947 516 2681
2790 9981 6975
711 4884 7167
5291 2494 4930
1130 9399 7461
4383 3037 6354
819 8449 9688
9092 8628 4104
7047 2123 1179
7112 7673 3624
4584 4253 9727
4621 4882 8655
3386 4974 2125
3316 1430 9107
1910 808 2950
1553 4241 2021
9895 9092 4104
9842 9168 843
7886 211 3098
5882 2001 6489
112 2478 9139
4734 3436 7764
8674 4172 4742
5402 9332 3327
3218 2589 2125
8258 8199 2471
4179 791 505
540 7265 7461
7320 8656 3754
4156 540 7265
4179 404 791
2785 1453 1366
5920 185 9094
7438 1325 9313
7334 8592 2970
3942 7235 9313
711 4658 8916
9528 8966 507
3316 1430 7690
5929 8655 1637
8914 6662 2852
9150 3502 1582
1430 2025 5669
4643 3316 7584
7338 819 8449
2211 2032 7618
1910 4284 808
1430 7690 8699
1705 3942 7235
8763 507 6732
2620 4573 6242
1607 6434 2234
6115 4879 7459
2589 5753 4025
5402 2522 3327
5993 2050 7084
3197 1211 2369
3567 7963 4005
9029 2001 9773
1705 7438 9448
5607 9631 1947
507 8914 6732
9970 540 4497
1153 840 8150
723 1890 7363
3171 2096 3530
6842 9268 4879
9439 8974 7584
6927 3715 335
1812 2681 3467
7242 5676 4152
7097 3272 1812
7708 2040 2522
9895 8540 9092
112 7040 8725
9107 589 270
7128 4241 9075
7524 7097 3272
2606 4383 3037
1179 3428 3083
507 8889 8914
8190 1252 1287
3902 3259 3428
7708 1761 9463
9970 356 540
8699 6087 2025
1919 7579 992
1506 14 992
2058 776 2681
9332 2522 7158
630 7257 8347
4076 7450 5078
8396 6631 1453
2409 5929 8655
5203 7524 7097
2522 3327 7158
3451 7338 819
112 8725 9139
4211 32 4581
3428 3083 9913
9029 2001 6489
5428 4284 3508
5838 5277 3047
8763 2116 6732
6602 4631 5202
7242 4424 5676
5607 1947 8087
1130 9399 6942
3392 7334 8592
4575 1637 8739
3582 2409 8655
6271 3569 3073
723 7881 1890
2040 9332 2522
1695 1506 1600
295 9079 8618
7708 1576 9463
630 8140 3253
4621 7363 4705
3567 7963 1524
4830 2950 3845
295 1919 8618
2116 8914 6732
5882 2001 8001
6602 5202 7402
4734 3436 2508
4498 7708 1761
7525 5669 6317
2123 6442 1179
1644 3392 9392
7446 6619 8966
3320 4760 791
3392 5047 9392
3115 4780 5901
4985 7587 609
4156 1607 7265
5078 2893 9522
3227 8050 5671
3727 9302 295
1153 2764 8150
8529 4879 7459
7438 1325 9448
3621 3016 149
7084 829 5640
4053 8678 9194
4127 1643 6338
6842 8529 4879
5291 6979 4930
2589 5753 4383
5929 4575 1637
3436 4780 1717
9180 2781 2610
1636 3471 5516
3966 1010 6593
1864 9841 6465
9970 356 2781
7150 819 9265
4830 4974 2950
5202 9313 7402
3115 4780 1717
1573 1919 992
6943 2066 1864
7450 5078 2893
8341 1134 6927
5299 7450 2893
9528 3569 2762
1104 404 2723
1607 7265 4715
8540 270 9092
6050 8190 1252
51 5613 4960
8678 6438 3877
3567 211 1524
9184 3446 1976
1553 6582 7594
7186 9184 1976
6271 9448 3073
9090 1130 6942
4873 4383 4546
4240 5457 9591
3436 1717 2508
3990 3197 4359
1715 5838 7574
7431 4179 908
546 7150 9265
9439 4643 7584
3428 9268 9913
4572 8376 3272
1134 6927 335
1715 356 7880
2606 2589 4383
3621 3016 2816
7636 8678 9194
622 6943 2066
7525 6087 2025
9970 2781 742
4053 8678 3877
3567 4005 7726
6271 7652 1325
7636 3526 9146
5470 9029 6489
5929 594 1637
7431 2369 505
1910 4974 2950
7525 5805 6317
7727 1643 6338
1695 4359 8045
4749 7294 9168
711 4305 793
1910 101 4284
9631 1947 2681
1890 7363 8543
6588 766 9460
3727 9302 7579
3994 8309 9944
6631 7587 609
9449 9473 2551
3016 7253 7334
7525 2025 5669
630 860 3253
7571 185 9094
4498 7708 2522
1717 7412 6942
7431 505 908
1715 5838 3047
2058 516 2681
3468 2471 3725
3756 7355 6718
1910 3386 4974
4127 7727 6338
1812 9631 2681
5882 3966 6593
711 7880 4305
7886 211 7726
2369 8045 505
7252 5291 6979
4557 5810 8595
5299 4076 7450
1553 533 7594
5657 6385 7128
4749 9842 9168
5993 7084 6489
4557 51 8595
8376 6842 9631
366 411 609
6115 9913 4879
533 9608 7594
899 1010 8810
1890 6482 8543
2994 1890 6482
1809 2021 9026
8721 7525 2058
6467 793 3957
4954 6643 4760
5993 5882 6489
723 7881 3597
1430 8699 2025
8420 8156 9841
6467 9688 2899
537 8140 3253
4882 8655 1637
3942 3621 2816
6631 2785 1453
6115 9113 9913
3567 211 7726
223 411 7587
3756 6718 8040
7064 1949 1339
4584 7355 9727
8257 2604 2530
8257 2604 7252
926 5920 185
5299 4076 3807
3016 2816 7253
4179 9460 7830
9449 1600 2551
8500 5428 247
682 887 7674
2211 2032 5882
8156 6545 1565
3119 4101 2790
1695 8045 1600
6104 4210 242
9302 1919 7579
7431 6613 968
6521 9194 9146
4179 404 7830
7431 1211 2369
8517 7148 519
2313 4742 185
6893 6873 5048
1809 3467 9026
6337 4910 137
6718 9783 8040
9944 3756 7355
6442 1179 3428
8104 6104 2785
4363 6873 2297
8492 8629 4346
3259 3428 3083
3320 8045 1600
3319 9606 3451
3502 6442 8376
7569 899 1010
2604 2530 9439
2496 4423 2981
7431 1211 968
3299 3145 7789
4359 2369 8045
1715 9180 2781
7355 6718 9783
14 4559 5872
546 2620 9265
4172 7571 4742
5810 8595 4960
8870 4353 1891
3218 2589 3253
4573 7574 8333
3468 8618 3725
9473 1600 2551
1636 2066 5516
9302 295 1919
6050 8481 2285
4028 8870 4353
3319 112 7040
711 1715 7880
3197 4359 2369
6588 9460 594
546 6467 2620
7525 2058 5805
3415 340 5872
4749 7294 1607
5470 1366 5862
8309 9944 3756
5980 9981 6975
6545 1565 1910
7427 4584 4253
9439 4603 8974
9606 3451 5936
3355 1104 4760
766 7431 6613
4557 5810 7148
6467 2899 3957
3415 2710 340
8104 6104 4210
6467 4658 793
6503 4560 3468
6050 7574 2285
723 4475 2297
711 1715 7167
3942 149 4131
6873 4475 2297
404 2723 3708
7574 8333 7167
1104 4760 404
8104 2351 7587
4749 1607 6434
1565 1910 101
6442 3428 9268
6248 223 8254
6873 5048 4503
860 9556 3845
2606 2589 5711
9768 7349 5657
4985 223 7587
1506 9449 1600
2604 7252 6979
7319 3902 1972
3115 1717 7412
1809 1812 3467
6050 8481 1252
2211 9727 7618
7128 7004 418
723 4475 4705
3115 7412 9605
2620 9265 6242
6873 4475 4503
5929 4882 1637
7355 9783 9727
887 2589 4025
14 340 5872
260 390 7427
2887 3446 1976
6631 410 609
5691 8787 2494
8721 6440 899
2834 6682 3132
4621 4475 4705
1728 8257 2530
3971 2471 3725
4873 6912 4383
3971 295 9079
8104 2351 2785
860 9556 315
6467 7150 9688
3490 3990 3197
1715 356 2781
3855 8341 126
2417 4148 4603
5980 2790 6975
6271 1325 9448
7708 2040 1576
4573 7574 2285
223 8254 411
7180 5915 3597
404 7830 3708
6930 4360 2276
5203 7004 7097
8104 7587 609
3526 4873 6912
3319 5470 9606
6545 1910 3386
9176 4697 784
3660 7636 8678
8666 8150 5988
1553 6815 3049
2351 6631 2785
2834 2402 3132
4830 860 3845
3756 2417 8280
899 5888 7265
711 4658 793
2351 6631 7587
4760 404 791
216 753 32
3971 9079 3725
7971 2540 1759
5920 9094 6912
4643 1597 8540
7636 9194 9146
1715 7574 7167
1506 14 4559
2673 2710 7579
3355 2723 3708
4252 3171 3624
3001 3994 9944
6698 2834 3355
6248 4985 6345
2530 9439 4603
9606 9029 9720
766 7431 9460
5203 6385 7004
8793 835 397
247 3508 9046
8517 4557 7148
1728 2530 6100
5428 3227 32
216 753 5671
3227 8050 32
3502 4572 8376
723 3597 2297
3335 2066 5516
3660 4729 7636
1616 9930 5613
9606 5936 9720
216 4211 4581
1695 1506 4559
3756 8040 8280
8396 7319 1972
6440 899 5888
2211 4253 9727
5691 5291 2494
3502 1582 2123
4353 1891 1759
9999 8787 7320
3133 4127 7727
7971 3298 1759
2032 3514 5882
3855 3333 126
3355 1104 2723
7180 630 8347
216 32 4581
4985 6345 6631
366 8104 609
6345 410 609
6345 6631 410
6442 8376 9268
4252 7673 3624
6893 5048 315
9439 4643 1597
2673 3727 7579
9150 3502 4572
1728 6100 4148
390 7427 1217
926 5920 3526
8376 6842 9268
4643 8540 270
7427 2050 1576
4954 1643 6643
8721 7569 899
2604 9439 1597
4643 3316 270
8666 840 5988
3319 5470 1366
7427 1217 1576
546 6467 7150
7931 6503 4560
6263 6680 2764
1123 7257 8347
2604 1597 6979
6089 4346 5938
5920 3526 6912
3971 4240 295
3316 9107 270
2834 4954 2402
8945 2417 4148
196 396 1582
7427 5993 2050
3942 5202 2816
3914 1190 1616
1506 9449 992
5810 7148 4960
2032 3514 9783
5470 9606 9029
3319 8396 1366
5428 247 3508
9944 4584 7355
887 7571 9094
1573 1919 8618
8156 9841 6465
887 9094 4025
8566 7918 9999
4101 1190 1616
4252 2981 3171
3727 4240 295
6698 3355 4575
2050 7084 829
4002 8341 6927
1573 9449 992
260 7427 4584
3942 5202 9313
6089 5299 2893
6263 6680 5980
3660 8678 6438
3333 601 8793
1866 8040 8280
3355 4575 3708
6313 9408 3754
8666 840 8150
7064 1949 8870
7446 9528 8966
7148 5613 4960
1213 6521 9194
1705 9448 8144
3620 7918 9999
7431 4179 9460
1643 2528 1186
8449 2478 268
55 1891 1759
6588 766 6613
7571 4742 185
8606 9438 7971
4601 3690 617
8606 7971 2540
1728 8945 4148
8787 2494 7320
3335 2066 6465
4101 2790 9981
2066 1864 6465
196 9150 1582
8396 7040 1972
6248 8254 411
7047 4167 1179
5203 4572 7524
7427 5993 4253
3502 2123 6442
4954 1186 2402
6385 7128 7004
7148 519 3130
6238 6943 968
390 1217 1576
1705 3942 4131
6248 4985 223
4234 5988 271
5993 2211 4253
1705 8144 4131
3319 3451 7338
6893 4363 6873
4053 9194 3090
5993 2211 5882
1123 7180 8347
7003 6613 968
6927 7652 4537
4954 1643 1186
8721 7525 7569
1660 8156 6465
3902 9221 3259
3943 8674 4742
1573 7727 9449
112 8449 2478
1213 6521 4873
1134 8793 835
1949 1339 55
4621 2893 8655
1616 9930 1286
3582 2893 8655
7349 7128 6815
3514 7569 7551
1636 3471 7673
816 390 1576
2409 5929 4575
2313 3943 4742
7180 4363 3597
9783 1866 8040
1286 3415 2710
1643 9473 1600
8492 6089 4346
3514 1866 7551
3667 2764 8150
2893 7363 8543
2994 7881 1890
1761 6104 242
3620 5691 9999
8181 3594 3187
9221 3259 3083
3319 8396 7040
6521 3526 4873
2494 7320 9408
4621 617 4475
7525 7569 7551
2409 6698 4575
4028 4353 1759
126 1134 8793
8420 8156 1565
196 6930 9150
4633 3660 6438
7320 9408 3754
6521 3526 9146
8606 784 2540
4167 1179 3083
4490 8420 1565
7674 2589 2125
3914 1616 1286
1213 3133 4127
2409 2834 6682
5977 9517 7112
5261 5988 271
7674 6545 3386
2050 9463 829
7421 1407 2582
7003 6588 6613
6238 7003 968
8199 3971 2471
6271 7446 7652
3582 2409 6682
3490 3197 1211
3914 5591 3241
112 7338 8449
8309 3756 2417
4167 9221 3083
3514 9783 1866
4729 7636 3526
630 860 315
5774 4633 6438
1949 8870 1891
3319 112 7338
3620 8257 5691
1616 3130 5613
55 2540 1759
1213 1643 2528
784 55 2540
3620 8257 7918
4423 6772 2981
4315 3594 3187
3914 3241 1190
1123 4346 7257
8178 2673 3727
4985 7319 6631
6089 3582 2893
5691 9999 8787
3690 4621 617
887 7674 2589
4346 5938 7257
6588 5929 594
7148 3130 5613
5938 5329 7257
5977 7112 2096
3468 5827 8618
3719 5638 6632
622 7357 1211
816 2040 1576
2817 7186 1976
6943 7357 968
8566 9999 6602
5774 7448 6438
816 2040 9332
4621 2893 7363
8492 6089 5299
4423 887 7571
3133 9194 3090
4498 672 6158
1949 55 1891
8492 8629 3807
9517 7112 7673
3241 1636 7673
1553 6815 4241
2994 7881 5915
7850 3187 883
4276 9930 51
6893 630 315
3667 8150 5988
9285 8104 4210
748 8460 366
8517 6975 519
7631 3990 4559
9132 3490 7631
2409 6698 2834
1161 6337 4910
6019 1339 55
4498 1761 242
5748 5431 7971
6271 7446 3569
4276 9930 1286
8500 617 5428
4423 682 887
1213 4127 1643
4498 6158 242
3727 4240 9591
4985 7319 3902
5748 9438 7971
8629 1123 4346
216 1565 5671
1181 6772 2981
6930 9150 2276
1181 8674 6772
622 6943 7357
2981 3171 2096
7446 9528 3569
4276 2673 2710
6943 8420 1864
382 4276 51
5748 9438 5431
3333 126 8793
4276 1286 2710
2967 8517 6975
3690 5929 4882
7128 6815 4241
1828 1161 4910
3015 3954 8941
7521 6019 1339
1213 3133 9194
4985 4167 9221
672 6158 4210
7521 7064 1339
6893 7180 630
1123 2994 5915
4409 4101 1190
64 622 2066
8554 1181 8674
1123 7180 5915
6238 6943 8420
4601 3690 5929
9285 4498 672
7931 5774 4560
382 4557 51
7833 1161 3594
2582 5402 9332
840 9184 3446
1761 9463 829
3954 3943 8941
4409 4101 9981
9132 7631 2653
4101 1616 3130
8629 2994 3807
8554 3943 8674
2496 1660 4252
7631 2653 4559
1761 6104 829
6676 4259 4028
6643 3320 1600
4002 8566 6602
6893 7180 4363
4697 784 55
8767 4240 5457
1153 840 9184
3582 5711 6682
3990 1695 4359
216 4490 8420
3898 2981 2096
3914 1286 3415
4315 3667 3187
4985 3902 9221
6089 3582 5938
1643 6643 1600
5857 1475 7521
8492 5299 3807
8912 6680 2764
4498 5402 2522
5203 4572 6385
64 5591 1636
3015 3943 8941
4002 6602 7652
3917 2770 5261
1660 3335 6465
1475 7521 6019
4423 4172 7571
8629 1123 2994
2582 816 9332
6337 137 926
2481 7674 6545
4002 6927 7652
9517 3241 1190
1660 3471 3335
4729 137 926
64 1636 2066
8674 6772 4172
3898 5977 9517
7136 6632 2887
4601 6588 5929
7170 3119 4101
3719 5638 3119
3719 2817 3119
382 4276 4557
7047 4985 4167
8460 9285 8104
4259 4028 3298
4697 6019 55
7047 4985 6345
4028 3298 1759
7850 8181 3187
1728 8257 7918
3582 5329 537
2967 1270 8517
4729 926 3526
3990 1695 4559
2481 682 7674
216 4490 1565
3898 5977 2096
5431 7971 3298
8460 366 8104
3582 5938 5329
3015 7833 1161
9176 8178 2673
7833 7789 3943
5691 7252 5291
8257 5691 7252
9768 7349 601
3015 7833 3954
1270 6975 3130
3296 1475 6019
2967 1270 6975
5980 4409 9981
5980 4409 3898
1573 5827 8618
1573 5827 7727
3667 883 5261
893 8554 7789
3119 9184 2790
1828 6270 1161
3667 5261 5988
4601 216 4211
4409 3898 9517
64 9132 3490
537 2589 3253
9176 4276 2673
1270 4276 4557
1270 8517 4557
2817 7186 9184
7932 260 390
537 2589 5711
2817 3119 9184
9517 3241 7673
893 8554 3145
3299 8554 3145
1161 8181 3594
7833 3954 3943
6270 1161 8181
3582 537 5711
9285 672 4210
3917 883 5261
3001 9944 4584
4423 6772 4172
3015 1161 6337
6337 2313 185
8382 8460 9285
8767 8178 5457
6337 926 185
2276 4572 6385
3917 8119 2770
4409 9517 1190
8178 3727 9591
7160 3660 4729
1407 7932 2582
7932 816 390
8178 5457 9591
748 366 411
617 5428 32
9150 2276 4572
6263 1153 2764
1407 7932 3001
1181 3898 2981
8912 6680 3299
6337 2313 3943
4601 6588 216
3667 3187 883
7932 2582 816
8258 3468 2471
7887 4697 7170
1660 2481 682
7932 3001 260
8382 9285 5402
3015 6337 3943
8554 7789 3943
64 622 1211
7170 1270 4101
4252 3471 7673
2496 4423 682
5774 4560 7448
3468 5827 7727
3001 260 4584
9285 4498 5402
6680 8554 1181
3719 6632 2887
64 3415 2653
1270 4101 3130
7833 3594 7789
6733 1407 3001
4315 3594 7789
64 3490 1211
9176 4697 4276
1660 4252 3471
4315 3299 7789
6503 8258 3468
3914 5591 3415
7887 4697 6019
4968 840 3446
64 9132 2653
9184 5980 2790
6238 216 8420
6680 3299 8554
2817 2887 1976
6238 7003 216
7003 6588 216
4601 4211 32
2496 1660 682
64 5591 3415
396 7047 6345
3719 2817 2887
4697 1270 4276
7160 4729 137
4968 7136 3296
81 8606 9438
6263 9184 5980
4697 7170 1270
6680 5980 1181
4601 617 32
8912 3299 2764
7850 6270 8181
1728 8566 7918
4315 3299 3667
6263 1153 9184
8309 8945 2417
9176 784 8767
9176 8767 8178
5638 7170 3119
8382 2582 5402
5980 1181 3898
3917 7850 883
7136 2887 3446
4560 7448 3468
7887 7136 6632
3299 3667 2764
7160 4633 3660
7887 5638 7170
9768 4360 5657
81 8606 8199
6676 4259 3298
7448 3468 3133
3468 3133 7727
7887 5638 6632
4968 7136 3446
7887 3296 6019
8606 3971 4240
4968 840 5988
8948 6696 9768
8606 784 8767
6676 4028 8870
8606 8767 4240
8382 7421 2582
8606 8199 3971
396 6248 6345
7887 7136 3296
167 196 6930
6676 5431 3298
6696 9768 601
6733 3001 3994
4968 4234 5988
5967 3917 7850
4082 6075 5967
9614 8382 8460
9614 748 8460
6075 3917 8119
8948 9768 4360
7160 4910 137
748 6248 411
9614 8382 7421
6075 5967 3917
6676 5548 8870
8948 6930 4360
8948 167 6930
81 8258 8199
6733 7421 1407
1828 7850 6270
6162 81 8258
5857 7521 7064
7160 1828 4910
6162 6503 8258
6162 7931 6503
4968 4234 271
8064 6676 5548
6756 8064 6676
6696 3333 601
4082 6075 8119
6162 81 9438
6756 8783 5934
4968 3296 1475
5934 6733 3994
8064 5548 7064
8783 9614 7421
5934 3994 8309
6162 1728 8945
8783 6733 7421
6162 1728 8566
8783 5934 6733
4633 3855 8341
4968 1475 271
5774 4633 8341
5367 748 6248
5967 1828 7850
7931 4002 8341
6162 9438 5431
6162 4002 8566
7931 5774 8341
4633 3855 3333
6756 6676 5431
6756 5934 5431
7160 4633 3333
6162 7931 4002
2566 5857 1475
2566 8119 2770
2566 4082 8119
5367 396 6248
1475 2770 271
8948 7160 1828
5367 9614 748
5934 8309 8945
5967 8948 1828
5967 8948 167
8948 7160 6696
7160 6696 3333
2566 5857 7064
2566 1475 2770
5934 6162 5431
5934 6162 8945
5367 8783 9614
2566 8064 7064
5967 167 196
2566 6756 8064
2566 5367 4082
2566 6756 8783
4082 5967 196
2566 5367 8783
4082 196 396
5367 4082 396
