1837
8088
3838
2875
5374
7870
5290
2892
4875
6280
1707
1801
1415
7318
3243
8700
526
6940
3340
1787
7897
3940
573
7237
8579
3915
2964
5749
1118
5427
8792
5753
4025
887
7571
4172
8674
2319
9328
8941
5742
6474
8527
6562
6167
8746
4713
1149
8252
6945
2514
9934
2232
6991
681
6083
7505
7289
1577
4487
5238
3229
3182
2176
8012
5028
9826
6201
430
3457
846
7110
1489
7508
2722
6543
5174
6132
5675
9502
6225
2082
3424
3772
3543
9611
3111
7831
127
1299
9419
3421
7463
7177
8587
9355
4591
2396
8743
7466
3911
8817
1971
1281
861
1837
