8695
2973
8744
8389
297
6701
2603
3407
5621
7711
8214
1449
7976
7670
6142
9890
8859
3334
804
2372
4535
9884
164
1959
8310
478
313
6727
1143
583
5302
9788
6494
7867
27
5833
5823
7325
5435
7535
7241
6742
4097
2459
8444
3170
4329
1986
9510
2304
6054
5333
6366
8828
7012
6432
8205
4940
9580
2951
2690
8737
1394
2281
997
5087
3585
2006
5320
4205
977
7392
3635
3710
2270
4309
84
3019
5703
8671
875
2998
294
843
6138
1202
3482
3234
1628
5826
8615
5725
8926
3212
8598
1473
5635
3615
5585
2568
4686
736
4976
8759
3854
6729
3671
5541
372
4395
1491
424
782
9547
6358
5095
1049
80
4152
8180
8524
1445
9951
1776
6784
8395
151
5961
6361
7973
7585
6604
9978
5998
56
2810
1353
8103
3668
7651
3308
688
1454
3548
7099
8836
148
9116
6554
838
7388
962
1559
7616
3768
4105
8037
1850
2374
4979
932
2717
9798
3086
5791
195
2587
1941
98
8163
9782
6923
6589
2153
386
3118
5290
7991
8075
3492
3400
7870
1550
4505
8234
8383
6764
4650
1281
7436
4093
7277
154
1188
5847
1315
246
5688
6618
903
6368
3181
9227
9625
8610
9040
5685
4009
3945
1045
2808
7490
4703
7648
4864
8973
129
6647
8895
1344
7499
5564
6003
6502
5136
8076
1642
5475
7805
3566
3239
3097
1214
1966
2656
2839
773
8707
5173
2506
5616
624
5147
632
6594
9002
4225
3682
5459
2699
1415
813
448
2736
6033
6578
6275
805
6090
4862
7847
4483
7549
6532
9253
6847
3368
7354
3909
4337
9751
7498
1494
7873
5045
1044
5383
6665
1739
3424
2877
1097
8009
833
4722
3797
3459
7318
8363
3873
4462
8891
6300
8489
9831
7750
9309
9992
661
7152
8901
1922
7860
3799
8018
3821
2128
9947
5461
8116
2202
1254
3452
1027
4793
5293
2814
3236
233
6983
205
1512
815
9230
8806
6810
2872
4416
408
9496
1019
9902
7599
8676
7657
5309
4377
6540
7278
4019
9544
2226
3277
3275
3243
3713
2985
2031
7628
4162
7058
4881
6317
6833
7194
7495
7784
1383
1226
4203
8405
7529
2091
7422
8495
8366
3838
1013
9836
5467
8778
9696
8165
4963
1663
8722
5169
8316
7188
9848
3030
3550
3827
1469
4347
7714
5520
8078
2824
4212
9612
2014
4372
3377
686
5186
6708
9240
3208
6334
9689
732
6645
2970
4283
2400
1740
5422
7872
5627
3343
1009
5892
8665
8332
5524
8151
214
2354
7048
9452
861
3543
659
656
3193
6407
6402
807
4318
4667
9432
5385
7115
1520
4169
697
543
8782
6937
4209
5914
1020
6133
8790
2194
9604
9936
8483
6280
6352
4444
7140
9242
2865
283
3975
172
4269
8732
8101
1915
1754
4043
1294
9939
3349
1653
5125
4058
1055
2868
6835
3098
8301
927
3574
2875
1783
9168
8917
3610
3175
2366
2828
4420
8259
9469
982
305
7883
440
7472
4825
3476
6392
2355
8575
3209
2819
581
5735
3140
8330
764
7928
7432
8670
4466
6868
518
6630
2975
2028
9874
5528
4704
8136
1575
2358
4166
5236
4419
5730
3105
7749
9370
6954
357
7970
9071
8251
6908
4293
8564
1529
7712
6586
3497
9315
8624
535
4065
591
2138
2550
9993
3493
3499
931
5274
2892
8327
8249
3472
1416
5441
4272
4361
6378
9137
8726
236
2727
7656
4442
3276
627
6294
7037
7509
9436
1120
8088
9680
290
9348
6699
6234
2082
4034
3192
9114
6012
8011
4459
5458
1794
8245
1470
4104
8403
6807
4418
3174
5264
9128
9538
608
1707
9578
7941
2804
9131
3448
1305
1837
5404
1971
274
9354
7739
188
9748
676
7350
5245
4273
3793
6677
3776
7369
842
6340
5251
8788
6820
9646
2309
1499
97
5100
6225
8098
8124
4949
9694
1603
6607
1834
731
2944
7889
6716
2097
7437
6697
2300
2586
6867
4549
7591
5870
9158
4596
3026
8552
7491
4770
9123
9776
2852
1260
5030
54
2508
2213
5113
4522
3122
8563
5966
3188
1901
4530
8175
1524
3639
2926
2483
5556
528
4877
8897
8241
9719
7053
231
4917
6312
7428
9395
7016
7449
6786
998
1346
1843
3885
4175
4525
9487
2113
2643
8227
9159
9726
9326
7395
9163
2719
4977
2327
6354
3692
4714
5543
9164
5363
6941
7255
1810
2761
31
8576
7291
3772
5792
4715
6603
4133
983
9838
1847
5390
8086
6856
7370
4267
9369
7072
7832
4602
1021
9054
657
7093
157
578
9080
8604
3047
4187
7721
7379
6113
472
7826
8516
5040
8189
2133
3884
5901
5686
3770
5128
6071
3306
777
1732
9940
6449
8800
6853
5720
1089
9772
1105
8157
6947
8100
9072
1320
9855
9401
6949
1220
5522
8709
525
878
8984
333
890
3857
5875
4875
5716
8430
2340
8125
3006
2526
9280
9769
1287
6466
6331
1907
3344
6484
4592
960
5268
2546
4788
3409
5676
6520
698
8065
8951
4473
4833
8989
132
1993
976
9817
9033
117
6548
743
9282
9810
166
4454
4655
4588
6210
2140
935
170
9687
4032
6107
4230
6569
3957
9861
8581
2348
5374
8594
3304
1183
6169
4458
5160
7605
3510
8731
2560
3419
4174
2992
3641
8288
5641
9869
1549
2677
1237
9089
5172
2015
2726
8727
5304
3201
4918
5483
9447
6204
202
6461
6759
2503
6775
8458
7356
1039
5277
7488
8191
1086
9394
8975
5698
2694
1102
9491
1882
5836
3951
4641
8775
9287
8772
9523
8360
6996
6527
3043
6505
3601
846
1094
7865
547
3749
7411
2749
4070
7942
8686
6473
8672
675
5500
1974
7781
4735
5273
7104
5910
2795
7461
4039
6237
2458
1205
9579
7466
7243
4924
5862
9800
4150
4094
5729
2008
3376
6307
9155
5089
9668
8608
4801
4492
4249
1014
2229
1703
7265
9379
3293
8918
8346
9965
5105
7536
6381
886
2034
8127
1932
948
1043
577
5056
7247
7366
7779
4445
779
1588
5565
9488
3581
6143
1280
4784
9938
9392
9824
1925
924
7726
7196
7361
9601
9569
8861
416
2134
7948
5913
4870
9507
3670
2296
8152
2702
3702
4688
7764
7845
4117
3292
7634
4401
7358
8016
4676
6329
8230
368
5813
9005
6675
4415
7857
7223
8244
4600
9704
144
9740
7920
5384
6946
8312
8743
8548
3213
7957
1842
5295
8465
8339
4904
9958
5047
2878
5454
3395
9667
8470
8946
7855
3745
7875
6339
8832
1981
4015
6596
1267
9605
2234
6909
3494
7858
1826
3353
8219
8094
7090
4923
9749
9753
820
4930
6958
4410
1250
5600
6245
6845
5958
6239
4041
3071
8001
4744
720
2886
2407
4922
9842
3013
1819
9758
6683
892
4297
996
2706
4343
8276
1368
9980
738
4027
7910
9572
6863
1886
910
7596
8357
9248
8269
4781
7799
8871
7877
4892
7380
3029
5877
4523
8060
5644
6112
4467
6232
1766
7824
8777
2899
1630
6277
5081
2395
5283
8638
4724
9889
5752
2956
287
2744
967
1002
9511
2173
4153
2253
3646
8095
9162
374
8534
4131
2317
9723
6654
9516
9117
7167
7801
1334
4615
6593
6542
5292
8864
6771
6861
4250
6555
576
9515
1640
2959
5900
9083
4570
6580
8143
5610
2423
6813
9314
716
5846
6536
6959
972
6128
9774
5574
7556
3983
9026
2298
8022
2541
7200
8949
6903
8306
9657
4441
7343
3733
6538
9078
5072
7583
2441
1187
6904
1750
2793
7468
2064
6638
1724
2209
2945
8029
7001
8446
2350
456
6411
5734
4393
5225
7829
2105
8027
2548
2433
1869
5805
8493
5895
5853
3369
725
6581
451
6942
5399
7703
7027
8243
5669
2534
742
1685
5587
9019
5907
1083
115
211
2794
4497
2217
1163
714
5233
911
4540
5896
7470
3925
5628
8651
1970
683
384
9610
5118
8847
4432
2321
6207
1472
9347
301
6395
7562
2385
8193
8203
9323
6637
2273
7201
6662
2779
2823
9506
4579
7695
6434
4450
793
3868
8636
9502
8313
2162
8427
7348
4613
457
6452
9923
7512
30
5617
2932
642
2437
706
2377
6101
9647
4181
7791
4005
6838
3255
4176
4916
6253
419
3073
3329
8831
8626
6424
7087
9301
5828
8105
6441
3929
4663
5969
6448
7149
6223
8862
3637
5455
4106
2396
8774
3285
905
6073
1702
1401
5680
1659
5799
8837
5256
2025
8518
9338
3137
6732
6522
8904
436
2045
6002
1201
6917
7458
4514
7452
8633
3623
6426
3457
93
1762
2349
3663
1078
544
2861
1299
1274
4254
9272
10
7665
4884
7661
7092
7578
165
8592
2284
8473
3367
9548
1193
1225
5561
4812
6840
7110
2911
9378
7736
481
769
4063
5011
2429
9533
9775
342
9366
5127
7930
8914
473
1278
8993
2873
4677
113
7597
2189
7936
9355
4939
9363
5280
877
1402
9900
1713
6964
2432
186
2778
1222
7950
9074
6667
136
463
198
3959
8271
2314
6986
4814
831
545
4332
5001
8587
7091
471
2655
8380
5342
6896
6595
2629
542
7526
9270
1816
9063
956
750
9009
3953
2143
8511
6188
2552
6929
2507
6458
1862
6185
1006
6161
8290
9290
785
5507
7162
936
7471
3309
8286
9490
8607
2388
620
4500
7733
9594
1877
9857
3361
1216
4591
6780
6535
5550
8148
4051
1084
5391
1838
6293
3529
4906
3429
894
4307
2888
9091
5394
6236
1801
4073
7305
6246
5726
2974
9815
513
6900
2129
6624
7334
85
5218
6229
3816
3
4474
5991
8690
9706
8294
2857
3911
2051
8910
4681
6347
6471
5927
891
3426
2788
2075
8620
3754
2210
901
149
1490
7484
8605
5728
9453
7704
5448
3789
3283
7142
1547
9856
1902
409
9478
6787
5331
524
7886
2453
3626
8889
1419
1747
8388
1926
6304
8354
4345
9600
9564
5666
5339
1119
284
5332
1372
6332
8710
4014
1059
8924
2315
3401
4424
2472
7993
3795
6488
8393
3339
3256
6736
8289
5354
2797
6707
1073
691
529
7570
6060
3536
6824
9611
8555
5825
3616
8920
6203
9174
863
3467
8631
6202
1873
8132
9990
3060
9042
2554
2145
6384
7828
5196
5091
183
6515
7821
5146
6156
8284
1634
3413
4769
9941
4680
2920
8375
772
2376
5355
268
3739
5696
3750
6177
7085
4989
8418
6570
5946
5149
7457
4840
6563
2185
6704
5216
3363
3964
3434
538
6711
4832
3939
9739
2682
6636
4189
6189
5606
9062
1432
7492
6258
4848
3653
350
9352
8480
2285
7009
1175
3781
4285
814
8786
1131
5678
1623
4938
3598
7588
2267
2769
4154
6150
3862
9222
2233
9111
2644
9954
1914
2523
8437
1962
7175
8144
7313
3161
7614
1656
3440
5930
2205
3453
933
8087
3117
4340
1169
4995
2914
3154
2121
652
9676
5814
5893
8796
361
452
1645
8769
3216
6306
1568
6472
3281
4110
1779
8628
1744
1599
4251
7963
1252
2035
9894
8089
1689
6195
4547
431
230
9685
1607
1857
3788
9675
9781
1752
8921
2743
5501
1397
6475
9720
7121
5340
5648
1807
2625
2117
1327
6922
3352
9419
4978
5889
2654
5163
3093
3379
6878
105
7842
9235
7866
4772
3266
1316
4221
8439
3606
6318
1999
8161
7766
9868
8890
2005
9854
7949
4299
5640
2403
9927
1738
5228
712
5557
5306
2382
3735
6081
2470
1714
6504
9092
341
7081
2499
7798
174
364
3521
9483
9994
9067
9413
2681
8700
2288
5675
3870
3143
1288
8817
5179
2468
5534
825
2491
6314
2610
8588
8773
6330
1844
1275
4414
3978
3869
1328
118
5682
9038
2635
9046
2157
8046
7403
3946
6049
1753
761
8146
895
99
7294
6926
5866
3861
9099
8578
9148
4546
7463
7412
9773
127
1069
1423
1602
9368
514
7116
3928
4855
5442
3927
703
3996
7005
3796
3480
9702
1674
4044
1492
1875
2177
7242
5529
4499
3313
8728
5187
6957
7510
6164
5465
3475
8932
6276
8816
949
7270
352
4711
3024
5984
9653
507
4305
3165
8039
2167
4670
3751
3202
1772
859
2895
9888
3888
7184
9688
8355
993
7329
9786
4247
9364
75
829
4874
1348
4790
4934
9210
2029
8333
6924
4616
9681
2937
258
3132
4072
522
6480
9567
311
1389
2583
3732
490
1336
1271
3246
5156
7447
994
2405
991
5523
4919
8428
2435
2993
7120
2853
3007
837
2137
5681
2114
4702
7874
6055
6574
2224
5554
1340
7765
9031
565
6355
3042
6739
3392
3845
4493
1788
7227
3783
7697
1361
7840
8632
1717
9192
8603
7423
1965
8736
5809
5963
5765
1012
2268
7678
8379
4310
1563
8723
6311
8640
2399
4296
8190
4140
2950
4610
2751
4451
1918
9136
6960
1319
7738
1005
1626
7298
8314
5052
4558
2708
999
6422
1140
9139
2295
7507
1639
8303
9656
2860
5592
5162
1008
7745
8067
42
270
7760
6240
8916
526
2427
3541
3673
6389
9640
6291
3993
8733
6047
3404
1644
7177
6116
3685
5890
8478
7483
3264
6641
9406
3111
4746
201
6571
4055
6687
4244
6325
8010
8162
3375
5702
9499
33
6534
6020
3052
6023
43
9756
4434
7767
6341
2847
3814
2531
7604
2156
1893
8277
2902
4191
5709
776
8421
4905
6723
221
808
2799
1719
4406
4623
4405
3505
1651
5999
3421
631
8919
9737
8062
2762
9172
484
2734
9032
5043
8755
3852
2397
1859
6328
7199
1208
8812
6087
1495
9571
6349
4402
9213
4155
2545
1349
5570
6547
7844
9018
8265
150
2478
7537
4756
6726
2207
229
6501
1192
9503
8049
3106
8408
9492
2036
3887
9562
2809
1934
8491
540
19
4915
2700
780
799
6011
6499
6102
5395
557
8807
3642
5205
2147
3840
1606
692
8481
8130
3037
5941
4827
1795
5449
826
1176
1373
8699
896
4889
5800
28
7713
2955
6447
9361
2561
3397
4013
288
24
9437
4440
3829
4780
7094
3074
7440
2906
9408
102
5588
5767
8539
5387
4725
1342
6342
7006
8888
6510
3794
4227
6390
1158
9977
3714
5151
8502
9399
7181
5379
6766
8
2112
6617
8263
5851
6808
6859
4899
7039
4844
929
5389
1366
4727
6313
9851
9434
1734
1950
1979
6037
2381
3853
4851
4913
7737
4425
3312
9345
3182
2266
8955
4508
1037
7489
4291
3755
2578
5815
9924
4362
7816
4170
8894
3701
5634
401
7649
6327
3743
2154
5425
455
6773
2318
7147
3603
8048
8995
8449
3534
36
2905
7234
1291
6830
1001
6882
138
3515
5496
5620
648
7852
9357
7066
9177
4620
8451
489
8803
1356
9441
6027
7253
8795
3454
6966
2816
9346
293
5080
9020
7326
9780
6077
9081
8739
7560
7681
516
5707
3835
3244
5301
6730
4927
7696
2047
2729
9963
5972
5397
6415
8757
7693
3089
8892
6256
4755
2505
5971
8762
3385
8461
5595
7782
6200
549
4342
9135
952
1196
1130
3833
1854
7888
7769
7399
1115
3960
3656
2426
4380
462
6084
3458
4504
6298
1672
5175
4388
7030
1318
1417
9823
1241
4365
6663
9641
6879
6444
351
641
2024
2692
5022
6140
8262
9629
8614
1544
5864
1068
5733
1725
5372
5477
1961
827
6725
2328
9560
8997
1067
7715
5316
1611
2978
1111
2410
2333
4955
2265
5793
181
763
3920
2241
5602
6163
2116
3706
445
5693
3981
8272
1797
4323
2735
3573
2058
6235
9599
228
7496
8221
5651
3360
4786
1775
8966
7594
2249
4646
5758
3956
6612
4706
3508
2375
3569
8765
9545
1018
5155
6740
9376
8957
2963
7988
5721
1007
5848
1722
8708
7960
5798
9957
3903
7841
4426
5409
1304
2632
9167
8915
2504
6297
3226
433
6388
3099
8810
3836
9215
9794
3930
4033
6377
3804
9581
8934
4292
7086
3731
6132
5887
6126
7168
2360
2925
9892
4708
2780
8813
7459
4684
4280
4692
2443
8656
5778
6194
4900
6537
4237
3423
8149
7166
9209
3592
9204
9652
1823
3162
1338
4460
9464
4114
3716
9639
6217
2487
6242
746
2549
4580
7272
3664
797
5888
6508
5630
1581
4156
5114
3470
8930
2454
1247
2218
1789
4123
3790
3962
5408
3815
9926
8159
4447
2225
9684
7590
2661
2600
8703
8680
2535
7964
6925
6821
9766
589
4026
2818
3067
1546
6907
708
6660
6266
717
8883
193
9508
4853
6046
7663
6044
1400
3384
1411
5974
5094
9847
9872
9617
3054
1142
2511
2962
1963
4512
2037
2280
6655
9865
4384
7644
1042
6886
2594
2908
3033
3250
1557
9555
2254
491
1314
7974
5481
7384
5255
7909
2533
3326
7528
882
3708
7249
8763
7637
9565
1737
6811
3049
2821
8378
8057
5854
9412
4543
1266
3826
7647
5027
4879
9875
3158
4386
8047
2326
5086
7602
9066
6283
6653
5217
8179
5067
9821
477
5050
1128
161
1947
3364
790
9101
867
3779
2519
2781
7415
6500
663
7096
2275
4067
7682
3437
5244
4699
3785
2996
2723
4585
7831
6052
4124
6336
6483
7381
6367
1699
4868
7780
4429
2497
7508
7527
3513
5926
669
1206
4198
4325
4284
7408
385
7752
466
1951
7473
3501
1451
8204
96
9076
3258
4436
7664
5660
9589
2346
3436
2250
7028
3206
8000
5444
9448
5414
9620
3150
2009
142
480
5326
4226
5284
3183
8597
1711
2493
2083
1453
7046
8761
1245
9061
9153
6795
5601
1378
9193
2863
3628
5353
7878
4749
1433
7880
5542
2345
5471
8969
3591
4846
5035
9803
2188
1704
8229
8954
5625
8523
1010
2320
7176
1682
4785
3414
6241
2987
281
8766
6489
5526
1874
517
9494
8153
2475
9648
4001
9755
1833
309
6491
2721
1916
4693
981
2536
9307
6400
3988
9025
1527
6753
4609
3205
2155
275
2957
3441
3672
8853
2192
9514
5879
8663
4847
7214
48
6682
8335
2588
2850
4554
2943
8052
9826
4194
9771
3834
4023
4184
2645
2841
4079
8682
5106
4912
2740
8718
4089
356
7724
7606
5007
1203
5132
5223
4630
4802
1462
5452
2567
3552
3997
8780
8285
8529
5537
5046
4107
6097
7768
4168
2984
6459
4841
3791
9275
8080
3742
9190
1687
7809
9265
6380
7324
2196
3014
2163
1526
1567
4383
1262
41
5822
7075
2543
23
1243
2135
9715
8413
7717
4850
6674
4338
1345
2406
876
2952
7620
4626
9100
7402
2099
9669
5777
5289
2021
6728
9913
7584
3224
5004
2579
3567
9217
1311
25
906
9631
4036
3102
1612
1139
3252
1903
4734
5593
3778
5824
662
2813
1390
1136
2791
414
3120
7574
430
9586
534
1637
947
7907
9982
4214
9327
5123
1780
1219
6889
6131
8879
9542
5478
9528
4477
5745
6657
7095
6911
337
8824
611
2658
6940
9907
5711
7893
5911
1865
8385
6843
7999
2130
3632
6519
9813
3217
6749
2618
5838
3572
1571
3843
9893
7820
5505
5536
3055
3944
4777
5294
9986
3822
4878
3568
9196
5629
3878
2431
7800
3153
8950
5153
2684
314
4658
8218
3288
2176
5761
8540
3465
2728
9126
4060
6557
1995
344
1035
8838
1511
7954
3287
6148
9319
8577
1364
584
4213
5098
707
9474
9549
2792
9140
6269
4494
1017
1832
572
4776
5401
8999
7021
2695
3016
6694
1543
3303
4668
2057
9313
6582
6396
6134
647
1437
1388
6220
2339
8329
5855
360
1771
2001
8668
5700
2402
9534
6914
1242
9584
4653
8701
5325
9895
7997
6823
3694
6939
4301
2765
9906
1172
4324
2488
9084
5512
9587
7424
6760
667
1561
1964
7385
2078
315
7251
1821
1088
9180
7174
3600
187
8232
4336
4647
7643
845
8525
4300
3159
3196
4431
5607
5392
5932
6257
7568
8441
9607
3356
3388
474
8835
5181
3463
8283
7511
5016
5794
819
348
9504
4298
1199
7102
7751
2564
1000
6649
9628
3726
3139
5495
4142
6794
7589
6470
7580
7945
5096
718
66
5609
569
8583
434
1110
6477
7690
8645
6451
5257
8081
8660
5443
9382
2840
2080
6021
8187
1127
67
5317
3810
510
3156
9090
9373
3035
3403
5327
5687
4381
1151
1391
3516
3697
7731
4897
2580
2125
8617
3968
3045
5655
6621
6799
6888
4787
1085
6934
9229
7233
6050
237
5135
1956
6551
5739
1448
1584
9371
1370
2537
8504
5936
2752
2152
8320
1124
6110
7235
8488
1221
1413
1178
9308
5695
5869
4573
1566
2833
3966
8023
909
9983
7822
9608
908
4408
9102
3094
1358
8642
9142
865
492
1701
1769
6770
1712
8791
8971
9422
4038
9970
7082
6010
4195
397
7340
5209
8913
9268
7926
3593
4750
3777
2640
3889
9113
4159
7762
789
1379
1591
986
3081
2620
1160
1200
505
3096
3748
7729
3712
393
1489
4834
9219
8532
7062
9075
3128
8799
3934
5286
4463
6765
4389
1509
3498
4278
2428
1845
3405
8565
6018
8753
4632
208
1751
9088
1683
3337
9161
7699
1333
9787
5013
8300
858
4726
6993
8804
649
1325
2445
645
3115
5429
6591
4506
5235
6319
5349
9714
4988
7414
3824
493
6804
4903
6117
101
2261
1302
4945
3357
3684
418
4800
3387
8411
6024
635
5672
9160
9141
428
9522
3427
4228
2248
3984
7074
4606
6543
2538
89
6796
8543
6079
4678
9765
4773
4661
5776
4417
7118
1079
2301
4407
2894
7807
4531
4518
3652
5646
8129
6619
7420
704
5897
8267
2758
4510
8657
8771
3461
3297
6118
8584
5656
1669
1443
1945
8542
8965
5858
5940
3240
7337
1889
6181
2074
4059
6026
5278
7551
2820
8643
2449
2722
3938
3114
8169
5788
2763
464
2900
8858
8974
4541
1812
1429
6391
8513
1486
9663
8287
7938
2098
7261
7207
4817
2855
5547
1756
4636
6979
2562
6281
6724
5488
6974
4018
4241
8415
6233
9262
5174
1958
8822
6221
9479
2650
5129
8725
1424
8561
602
6717
5485
5797
6115
4611
7146
7969
2186
8522
2581
9249
119
7772
4753
6216
6231
8667
9835
9377
9166
5282
4964
6988
1265
2648
4550
7876
1510
7052
1145
1912
7987
2683
5662
8553
4281
4907
7304
4313
8902
1536
9966
1074
4932
4764
6585
7084
1594
2664
3679
2757
2077
9304
5437
1357
6468
122
1409
995
7320
2084
9485
4961
2175
3882
2896
2931
335
3678
2747
9273
792
2675
7793
9609
3612
3321
1
8886
5265
8416
2928
1678
6528
5567
7630
1861
8936
5970
6109
8466
5694
8168
8550
2359
9472
4161
2430
446
2707
7995
3317
2108
5322
6989
7299
7065
104
5231
6735
1410
4593
7503
5065
9644
9015
2197
9396
7836
224
5918
7141
7897
6745
8250
5177
7190
5121
4057
7172
1665
3398
8194
1519
594
9728
9274
4527
7007
871
5594
6664
6815
4845
3272
7698
9698
822
7943
2768
5166
6154
2633
9860
737
6791
5637
1793
613
5189
5704
7156
3528
5684
623
4295
2329
6656
1804
5158
8967
8475
184
4980
13
6852
3372
1540
4935
4673
7338
1032
781
2977
5611
9539
783
2796
4503
8558
4992
2904
6798
2010
8694
9623
1868
2030
7504
2759
3940
1072
969
250
5133
533
6567
6410
3571
868
2252
4526
7819
1785
3176
6659
3987
389
907
568
9713
710
6095
5246
7089
8043
5120
3157
3485
6393
2038
1033
2670
679
7287
7386
7785
1743
5447
3747
4239
8675
6193
7481
4171
5665
3021
5671
8012
3108
8650
8970
5480
9968
6267
6599
16
1787
1632
4536
8200
6762
2198
168
9321
1147
8008
6956
3584
988
9591
8158
3078
8109
899
2391
8770
8145
8302
2131
6962
2306
7830
469
1570
4828
7134
7043
2222
9107
5009
1972
1676
2413
6320
4472
162
2090
2469
8978
8779
156
3609
4987
5759
3619
68
9536
7478
1598
1430
303
8867
5031
8325
739
1337
4370
1028
3155
1167
9112
5202
3681
881
1458
6440
4507
2787
1579
4080
1855
7185
4379
4173
7339
3198
4099
7332
5917
817
6230
6092
2237
5338
1745
7438
5509
6842
7776
4819
8042
4671
2324
2623
9476
3008
3023
83
2866
5935
9505
8406
3504
9330
4086
5622
1180
147
4274
1016
694
182
6498
8364
7246
768
3864
1709
7173
4820
6754
9303
1935
9931
8456
6127
7225
5407
3805
2936
6792
6421
8093
1404
7655
2492
239
7164
4631
8827
9760
9513
741
8424
8602
3961
145
3753
1718
5647
8142
7258
4807
6376
9649
4603
135
1256
4931
394
5663
4085
4100
1170
4537
212
1425
5054
9903
9819
7393
9904
1053
9839
2616
735
6516
1625
8072
1515
4581
9291
4469
9423
1234
3549
2551
5706
3817
653
4765
9263
1867
1521
6587
7977
395
8850
1171
461
4798
6507
2484
2199
3531
8358
7410
9127
3977
9386
3185
4037
5048
4430
7652
5878
3402
8702
9311
5432
1997
253
984
4398
2170
8869
5664
8368
9397
2467
8019
6408
2628
6905
1741
564
9205
2870
7359
9638
8792
9530
6481
3075
1992
7150
3782
7107
7576
2679
7293
5285
1298
8017
3865
1600
5038
9574
203
812
6180
6129
690
3095
8147
38
1824
2913
7446
1215
475
5469
432
2007
2686
1553
5683
6199
9822
7368
2384
1657
2680
3503
8748
2201
4843
2208
7645
7132
862
4480
7817
2494
7297
257
9754
9023
4638
851
9144
9189
8260
2368
835
3011
7612
4705
2836
6721
5164
4752
3765
8990
1504
345
2929
7569
3773
3801
2109
6005
6387
7901
6950
7080
3896
8834
438
6137
8141
6684
6321
2291
6866
9837
915
5230
593
269
7770
8634
9532
6530
3083
482
9583
6201
4271
4775
1405
7659
9829
4575
3451
4997
7335
7618
4574
7501
5494
179
2742
1597
7179
3937
279
9029
5104
6814
6751
2442
4629
8391
7640
9199
4614
4544
558
5219
9468
8505
6467
3866
8720
8348
2939
3922
1112
9576
6705
8899
3330
6686
3787
2380
520
323
1943
4148
5513
6100
153
2363
2498
4049
2297
3469
7795
9350
9588
349
329
4960
8988
7371
700
5482
1463
9971
7023
7989
8334
1497
2859
4952
567
6371
2995
3318
9279
2465
3813
4375
2698
4698
5807
5323
9138
94
4108
6022
9546
9216
1488
5439
2960
6271
2597
8793
787
1132
2619
1310
5937
4435
347
2615
3715
32
7347
2741
880
752
60
8401
306
4204
6797
2011
6912
7557
9212
2
5131
5781
5738
3000
3683
3051
2299
6767
4327
9231
950
5503
4974
1080
8987
1679
3992
7525
4294
2227
586
2235
3473
3621
5242
8021
6602
1107
7735
3365
5623
425
383
8905
6287
9828
7666
8661
7353
4326
3410
7456
5077
6251
3556
6455
7244
573
9700
1996
7621
3295
4147
9458
5427
4084
4484
3316
6176
4255
1957
7373
6453
7203
1246
9462
753
3897
4012
9087
3428
1296
791
7975
8213
8003
2166
1426
2361
5088
3730
4048
530
9349
2738
5795
2576
9498
8266
3980
722
5598
1330
177
8233
3942
7838
5090
5361
940
9403
8498
1778
9095
1064
4096
4025
5178
9606
6414
1186
4199
1103
5952
6000
4286
5945
6777
9866
9724
7163
8050
6801
1108
304
8304
6748
3265
3718
4674
1715
944
8270
8956
8801
8225
8844
8907
6053
6953
2262
1096
5021
5882
5699
3269
8123
5560
5002
5586
709
8533
1531
4138
2486
6690
5816
7879
8434
6757
3227
7892
6836
2999
3027
7566
6969
1025
1481
6597
5668
7796
3340
4331
2961
6036
8138
7534
8280
8821
2574
5842
2452
1748
1412
5109
444
1896
2864
4607
4694
3856
4030
9834
8315
8580
1076
7307
8256
7002
267
3695
8856
5942
9457
192
1542
6450
7222
9007
9146
2311
4485
8445
8705
398
4887
1811
1909
1165
1427
9203
9421
9372
7453
6918
9961
3575
968
4439
5754
242
6279
413
7515
527
9568
2934
2322
1605
1179
4782
7929
992
3259
1809
7193
2513
87
9952
1374
9085
9595
4534
7641
5229
7336
8359
7788
4568
90
5789
9632
2290
9226
1369
1236
1257
3386
6409
1162
762
9481
6887
4210
5753
3462
904
1498
2323
6486
9556
6550
2557
6326
4352
8349
6067
6445
7465
8857
5453
775
2020
8352
5099
9683
551
1929
3450
100
7579
3378
2709
9727
7025
1537
5764
2903
6622
7158
8253
6901
1406
2923
3253
2598
8407
1818
6546
4391
429
8557
5921
5717
5234
6769
9294
3565
3761
404
7561
4011
7342
1830
8457
9596
7049
8559
3519
7544
595
29
5083
3725
3736
7933
406
4760
9056
7237
4513
7097
308
8980
9337
987
2589
238
3624
2938
2048
6174
3952
5103
7617
1501
6460
2256
6573
6651
4628
7211
4129
6299
3247
1150
4317
6658
1341
63
7144
9974
8110
5053
7352
8196
6059
3561
2637
9709
2019
4679
1853
1647
5943
8693
8756
1705
4640
3184
7966
860
6124
7040
9603
1367
6928
3249
235
7689
5028
4470
7100
5653
1820
49
5744
4403
3046
4542
6219
3892
9124
7979
1658
5599
9933
8968
4736
721
3982
7171
7331
1435
5418
4266
4962
2434
1876
5790
9467
4860
2471
5514
6789
3823
3229
3740
5161
2846
7004
6826
8174
2106
5506
9463
1998
6255
3460
9973
7083
2104
9058
9358
1229
2532
2356
9246
4856
5337
923
4966
2302
6025
1323
8595
5457
4637
8514
1620
4004
8079
4475
497
6506
4993
7219
6274
7719
8376
2889
8787
4830
7122
4314
4691
9001
7317
6272
8664
6584
3284
5063
9922
7394
3807
3177
1116
5144
6323
1910
7524
8698
7758
5837
4397
4231
3223
399
6848
3775
7260
6970
4975
285
609
6755
6350
2575
7365
1978
9637
5713
2439
4471
9809
4999
6933
8220
2521
9247
5652
2785
6951
8319
8326
973
1514
7019
1461
2023
9183
2714
2053
1478
1610
919
1614
3645
2247
8115
4102
2606
7215
4643
1040
8571
3806
5886
1983
7133
1927
5462
1297
8282
9041
109
8045
9269
2613
9017
3634
8040
6524
6575
655
9154
2231
6639
5661
2003
9626
3863
155
7856
3152
120
8730
7775
9877
2771
6531
7859
9460
3107
7076
5633
1565
5479
7051
7720
7088
289
226
9473
1513
501
1866
9783
2755
3048
2055
8745
546
7435
4358
2307
2527
5884
1070
1363
8724
7587
6004
3228
2398
5348
3268
6344
197
9143
9384
9707
8781
7837
2687
5740
8760
3004
7271
5679
6731
7619
8487
2627
1814
2897
2184
5343
836
9051
5076
2972
1576
9575
4288
6837
8618
8468
6386
4404
5092
232
2200
5549
7518
8593
4983
9616
8217
7687
2425
806
4222
1047
5973
8962
1516
5626
6159
8209
1973
6406
3597
9179
9598
7660
5061
4873
296
9079
9660
8338
3687
9920
8154
7851
6598
6183
7321
2228
5003
758
5356
7078
5194
410
3595
1126
9298
6482
8935
4029
6152
9885
9122
1884
73
4823
1919
6601
362
8747
6456
3530
1858
1444
7709
1624
2096
9964
6689
1627
6544
8854
756
9509
6429
570
4835
2446
946
8865
5213
7228
4334
7555
6523
3999
3481
7212
7363
5227
6228
6750
1290
5310
1332
7968
1393
6927
6465
8545
7983
9655
6556
7548
3763
7710
8808
5811
8874
760
3218
7900
4719
6135
5433
548
6774
5238
3514
2050
9520
961
1063
1650
6980
9094
7917
91
4604
3327
9165
2980
6614
1649
52
5840
8448
2732
695
2370
4179
596
8386
8734
1061
5839
1601
3847
7113
7748
3445
5362
3072
4996
321
6338
5334
5470
234
388
2331
7849
3969
6851
4098
4519
7479
6309
4413
2522
8005
2191
5643
3630
3320
4854
6226
8140
9295
9449
7744
6182
1652
1104
3311
12
441
7178
7079
2335
857
9332
8536
7240
9901
9103
5949
2062
215
5654
1618
7787
9943
4627
2342
5563
7108
6873
7890
378
5370
9052
7391
6302
280
8625
3640
5989
2918
9559
3479
1898
7204
4232
3554
2100
7059
5215
4886
702
7245
7398
131
4783
3919
8981
3605
7673
1757
7609
2214
8069
8058
5624
7310
810
4818
2065
1700
767
2570
7296
5583
209
8923
8226
566
658
1693
8635
9451
7275
855
3121
5451
4571
6862
8621
606
3955
1800
8347
134
8599
5612
247
9201
9701
9692
9385
4202
3210
5305
7302
8567
3540
5269
5532
711
2092
4491
4858
3669
7286
8972
580
46
8922
4758
8171
3039
5576
1227
6982
5596
7128
6545
9717
8409
5033
2660
5221
6428
6511
8887
9512
958
2862
5915
346
1982
3274
553
2528
9736
9642
9065
4517
8998
639
1727
6106
7902
6078
4872
6944
628
9220
6151
7257
6631
1890
3537
6495
2412
9281
9060
3355
21
759
9310
1439
2485
8601
8340
1784
6157
4720
4341
7722
7694
4017
6712
6741
6643
6370
3758
8681
5473
295
2838
4496
6685
9232
6788
6009
2617
4567
1908
74
9096
9409
6417
1207
4730
3559
310
2756
1057
7881
7101
2216
6043
9671
3412
2195
2271
1675
3203
7098
9259
435
6693
6442
4813
5358
5872
2827
4064
8654
4984
8819
1643
4421
6165
9814
9221
3164
1436
2525
5112
7282
1539
2417
9841
8688
2160
1522
2837
705
966
6412
4792
671
4710
7727
7467
9597
4594
8655
3577
1895
6208
8568
8038
7413
9375
8013
3036
3533
8802
3703
4074
327
3511
2517
78
7143
3808
9956
4348
5208
4443
5883
1729
5428
9257
5381
7869
8323
9531
8117
8443
7281
9011
1157
5254
8758
423
9795
2798
2893
2591
2274
8126
447
2416
7547
1101
4216
3389
9108
4869
3101
3811
8512
1239
340
8030
1484
4559
8811
4950
8293
5335
2269
7038
2043
3557
2994
9919
3191
8120
6385
809
1937
5078
5692
4675
8547
5291
4330
2760
7646
6509
7980
3166
5518
5771
5107
2715
7259
326
71
2584
5351
377
8036
7600
6093
9288
1015
370
9433
7056
6158
9302
2292
4193
2332
8486
9443
7658
5279
2101
9742
3654
7707
6817
5502
5575
2455
2466
9445
5983
6758
6518
3532
6416
7112
6213
6763
9791
770
1381
5258
2642
8431
5468
4576
3844
5796
9022
1284
4412
3328
4882
8721
8307
5531
7965
2146
9699
2881
625
2786
6897
8992
3215
1554
7871
5214
5220
7316
3723
4911
7955
6737
8236
14
3741
601
465
2510
1185
4090
5463
453
3207
3851
1836
4357
7450
7903
5516
6652
4188
6829
9424
6098
4883
5834
5750
7396
5504
4582
8131
9283
8387
6613
7285
532
617
2753
5929
146
5981
925
1322
1864
9960
4865
5613
5863
7351
5318
7010
2777
1258
470
7041
6040
1282
79
7827
2325
8324
7885
1817
9733
2369
2054
59
6072
4971
6125
1770
9064
603
4132
2351
8121
1277
7804
7771
630
7301
9999
5126
6121
4572
4728
786
6673
123
9935
9945
8503
9010
7593
265
299
9407
6227
3332
2665
9149
9459
65
5539
6104
6464
5117
4624
4121
5806
9012
4810
2826
1026
934
4759
4253
537
3613
51
6186
6832
4322
8741
4183
9439
5314
5670
9695
2774
9250
521
185
5657
866
1137
4866
7106
1629
7187
7940
1928
7978
4077
8186
3545
8508
8900
9197
6111
8054
3800
7252
4363
9887
112
1450
6869
8906
964
219
3160
633
2935
4136
4010
1721
9645
9351
3526
2389
8436
8024
3629
4965
9055
2849
7267
1585
7543
3933
7802
9387
6995
2524
2624
6568
251
9716
6892
9524
3902
4394
6768
8328
1077
8362
8840
6827
5014
8627
3314
7404
2110
7905
8982
7434
7921
8059
852
1917
7923
2032
2701
8641
1905
3677
9585
2858
2982
3090
1114
7111
9832
9428
8719
6008
2668
6898
8351
1538
4859
6305
5263
5300
2529
7747
1506
5101
6976
9886
2697
4743
411
1569
2626
4359
3649
4489
3886
2095
5785
5036
7517
6205
4621
922
8964
7918
6418
634
2990
4642
5920
2334
3062
5852
6718
7718
1541
6855
2211
9194
7868
5994
561
8500
8197
1551
2773
7180
7595
1528
8211
5957
5006
6895
1487
5677
3151
9527
3921
4747
1872
6990
2949
638
7355
62
5772
9297
2026
5710
5224
371
8090
334
4867
9145
2946
7813
3146
5986
2123
8108
5368
6521
8738
6363
4739
6744
6016
8345
317
4662
2367
1195
3382
1211
9627
9777
2362
4891
6558
2710
1562
7319
6212
990
1360
2605
4438
7654
1259
2530
1460
2711
8295
3512
6130
965
7777
515
7127
3230
2066
2509
3189
9812
5993
3520
5747
7273
8735
2653
9053
6360
2119
8396
2042
1735
3020
4885
8053
6032
8826
2667
4635
8240
4396
9016
4954
47
2000
7783
8996
3130
5860
9590
2834
8692
7295
7674
9342
9859
5369
5405
6865
5116
3415
2464
7383
3346
9793
3579
5119
5084
723
4956
8662
2832
3974
9950
9440
4103
4476
1168
107
450
1523
9615
1317
7539
1118
1635
3650
9917
8156
40
1556
259
4795
8032
9207
519
8784
9198
5371
44
7229
1082
4969
8717
9300
2040
7274
9898
4712
3487
6681
5569
8880
4943
9636
3477
7734
7913
839
7701
4741
6141
8991
4488
2164
9073
6282
6872
5990
6446
5141
8420
9849
7431
2634
9543
8685
422
163
3366
3348
8546
9664
1638
1617
5830
4651
7148
2069
7026
8843
3335
8400
3544
6463
9450
5450
6972
6091
6539
220
9846
1507
4031
6425
8426
4243
2056
5810
3464
1582
4763
4953
1048
8841
4366
8192
588
8139
4367
502
8452
6030
680
5835
4656
2688
2766
1790
2748
4731
4076
5406
7894
5400
3774
2831
1090
7702
9286
4826
2102
7119
2257
771
1058
7814
1134
1329
9659
2915
7014
8983
1482
6374
9959
592
4973
6487
9044
369
2438
1456
9734
1666
1646
4799
2874
7623
2685
2041
6103
3756
5055
7494
5456
354
3411
2111
670
4831
3877
7723
1228
2206
4268
7357
1887
4215
8711
5239
7451
8609
1564
1309
912
5827
5297
420
6006
1897
5856
2161
3675
8133
9633
1283
4240
733
2460
412
1518
2919
6605
8198
7103
9845
1377
5673
6517
4929
1441
539
6623
8549
1619
9925
9573
3345
9444
3818
685
7792
240
6196
9003
7834
2592
7330
5253
5832
5950
1365
8866
5491
6041
9624
7263
8210
3737
3661
9897
7159
6668
5423
7951
1894
7405
4127
1975
8137
2782
126
1760
1066
6496
3486
3362
4374
8544
4925
3351
1060
1589
5000
5382
3690
2590
5460
4660
926
6490
9912
9312
1535
4774
5438
6880
4422
6345
6629
1517
7493
7615
6149
7362
8185
872
888
4197
1940
5976
5905
9393
6394
4149
3133
1217
4134
3588
832
4583
6438
5642
3110
9004
7430
8570
5185
8092
3691
4206
1723
6672
7443
8678
2812
8308
9672
2986
3331
8482
7608
4257
7502
8063
3875
1761
3563
2716
5766
7757
8659
3248
3693
1421
227
7389
7306
264
3070
5271
2338
6085
1354
4561
4261
740
37
5902
5466
336
9910
4815
730
6120
7068
7349
8246
5849
612
689
4158
6893
8947
7376
5770
2158
3044
5402
7853
7754
7635
1988
1545
9677
8929
9495
2604
6315
9244
4789
8173
8414
6348
1578
3471
6478
3658
6885
8223
3971
1213
9662
6975
9761
646
6069
1286
5329
6214
5757
2631
9039
8805
9331
159
7939
9411
2608
643
1352
339
7753
9981
5152
3231
2612
6423
9930
6206
7586
766
9852
1465
9414
828
6576
650
5533
380
4163
1684
6209
749
5843
7947
9402
1573
6153
3611
4794
8026
7730
2421
3237
4502
921
2815
9484
206
2122
3219
6362
5817
7914
1050
9059
5938
7671
917
1968
7573
7774
2141
7538
5614
8648
4778
7636
8170
178
8377
636
82
9388
1503
6722
6013
2364
4762
3705
2457
4836
2212
1479
4521
1835
1577
8399
3506
3913
2204
4190
3744
5492
7500
4742
2867
5403
3430
3991
4054
8350
8336
3076
9098
7183
3438
2240
849
5165
734
8658
3041
3235
1477
3221
256
975
754
1590
9157
1662
3082
2966
6436
1960
1197
392
6346
5743
499
3172
9763
747
4893
6035
7622
4552
4861
7677
4948
3590
9045
4464
1641
7898
554
9891
4062
2997
6849
7374
9328
9267
3560
5508
4599
3443
2308
4346
7962
3727
8404
1765
1622
1636
6844
9863
1455
2136
9340
6698
3860
1075
5415
844
8521
7797
6479
5115
9264
531
1574
5182
421
3197
4951
6105
1272
4211
488
8433
6715
5023
9840
454
1695
2922
20
6001
3837
2901
2422
5801
3518
6688
3171
8927
7554
2190
5203
9552
1681
5820
1293
1596
6857
1532
4687
7613
6413
6099
9429
4095
9876
5566
6864
3394
5819
1984
2060
4088
7708
7516
6541
173
7279
6086
7700
5741
3500
5558
3257
3433
9762
9097
974
5364
9582
3305
4178
2344
6876
2705
6048
8273
9362
8097
7015
7218
9525
9234
2871
1051
5180
2910
5416
6379
4437
3696
654
4982
1977
5041
8528
130
8940
6719
9878
6700
5959
9757
4767
9214
3729
1852
8104
140
5697
1616
1141
3674
5545
2933
487
8893
8422
1414
6881
7254
5746
1135
4047
7469
4349
2673
4490
3525
9260
9949
1022
4258
9929
3085
6404
7864
3587
8361
8182
811
8178
2477
4577
4557
9105
928
4455
9119
1533
7790
3711
5288
7761
1888
853
6068
6633
1194
3989
4400
6828
4803
7300
6583
3116
6343
3990
2022
5904
1883
2352
4111
5365
9109
7131
6457
8254
4167
5199
1938
9057
3125
1218
2842
4757
8613
2448
9014
4791
7220
6066
1355
614
6353
6123
111
5232
3769
103
9455
6333
5859
6435
7315
5034
7532
9703
5070
2094
8102
1121
5330
4351
4584
252
223
2319
8447
2255
4113
4487
618
5276
2408
7631
3846
7288
4119
5674
9537
3142
5344
3319
322
1041
7626
3894
9415
8952
6042
4805
4985
6147
6533
6063
7344
160
7653
1560
3858
9988
8435
824
6322
802
483
9770
2563
3502
5411
3979
4562
1092
5768
2803
3923
3038
5580
8082
8937
5908
3908
728
2093
2337
9318
2639
1840
6
2461
7571
2947
4053
4545
9037
5206
5578
2283
1848
7632
2754
8750
7135
7455
7427
8440
7419
1580
86
5440
4479
7919
6610
879
5955
191
8848
6783
629
6529
3307
4092
4066
9661
2242
4328
4928
3547
6058
8201
8341
338
1431
7480
5931
9489
5145
3604
1604
2171
1347
887
1184
7523
3948
504
5850
3069
9673
366
5380
1273
3648
6628
4880
9654
76
2876
7944
9526
8135
3622
5201
3900
5159
5188
9984
1122
1459
841
7882
204
4666
4122
2221
6790
2150
4109
2172
124
6752
6816
2948
3819
6549
2187
5299
2646
9325
9336
3126
9779
3995
7195
8815
9790
8691
1054
1558
3092
5718
7378
3063
1730
9811
6938
3022
6454
8007
6525
2239
541
1706
7364
9418
989
7047
3439
2890
4634
8055
18
9021
460
9173
6943
9738
4478
2565
2981
7454
7169
9918
5426
2260
2068
3490
4344
3435
7444
4116
605
8199
8851
597
1350
7982
3134
2103
8318
798
271
2703
3589
6372
2733
6076
2215
9254
2151
850
8398
7197
2409
4172
5359
2691
2512
8506
8752
4160
4639
1480
2276
3468
6650
3431
2869
5511
4000
298
9967
2415
1759
7639
3659
390
2383
5051
2016
4360
4768
3087
5464
9808
2907
672
2414
5212
34
3444
1191
1954
4498
9035
5605
5138
1106
125
3273
9643
5988
8297
4126
555
7425
682
7050
6805
4006
5211
9944
8884
7055
8438
6497
3199
1593
559
3066
7916
9712
6031
9985
9082
6640
6351
1468
4235
9475
4481
2473
2481
2371
7633
5551
4252
8113
1763
1024
9670
9630
8419
3762
9245
1303
2378
7927
5579
7346
8296
110
6800
7935
2916
5645
7533
4339
8291
169
9271
7741
2801
6734
4920
8820
3370
5903
5763
8091
4748
1860
3025
8706
4998
4146
5731
8679
158
7130
7705
1371
3371
2223
9454
9218
4501
1799
3104
1924
200
9398
7835
4839
6324
8188
2825
2347
4256
1880
6870
2940
6301
3893
7598
1091
3724
3003
5737
2181
7057
2621
9360
2282
8442
8537
9650
8248
2392
6809
3527
5261
7611
260
7230
9521
7906
4595
856
1324
3324
2520
9024
7284
1065
4390
3830
5786
5350
7567
6772
4700
7061
8258
5515
9442
7911
3891
9276
6198
7157
1942
4449
8881
7994
325
6310
7145
4364
7292
5916
8560
3233
503
6197
3286
3456
95
2489
6373
1483
2419
1680
7105
4532
8459
9864
2851
2651
9658
4695
3803
9324
2553
1190
3396
5020
4373
1994
5247
379
7746
8814
8370
3302
5042
1939
4457
2649
8674
7460
1686
3491
5111
8612
3381
4201
8292
1144
403
6356
3759
5222
2884
678
8462
3638
2942
5715
5499
3507
1944
9858
6709
7126
4959
2891
6967
5307
7934
6627
7416
4967
243
3338
6977
5097
9830
7959
9391
2585
8397
152
9953
1335
4495
2921
8247
9844
11
5026
1891
7018
3578
9471
4740
8496
4335
9679
1677
7314
7125
2983
8591
2879
7224
1813
959
8128
373
9741
744
1251
2844
3614
9343
5272
9191
2882
3602
1452
7846
8453
4896
3127
7756
2638
4186
970
8740
9466
4957
5572
8150
2737
5691
6175
7946
8942
5085
4796
6178
2556
8517
9862
9006
5871
2244
363
4619
4696
4937
9339
4234
2144
4863
7899
509
8096
365
1036
6437
9132
6738
2790
1767
1447
2971
674
6552
2343
6781
6249
2420
4921
8566
8216
3241
816
4456
7117
5436
2539
8941
6155
5727
9049
6122
6710
1660
3300
7067
245
5783
6706
6064
9651
3112
241
8356
7034
3088
883
2811
5712
9540
5749
7323
3483
5281
190
4718
1351
7372
9115
3336
1698
1899
8056
2182
3254
607
5015
5867
1742
2746
6222
3449
8298
61
2236
2731
7541
7794
7409
4652
4709
2310
5287
9764
5167
108
5010
5037
4958
3582
8497
6561
7601
9873
7283
5347
4101
2462
8863
8541
8809
2544
2476
5659
7191
5899
2159
3798
35
6383
7198
5476
621
216
4287
6981
1148
7990
5906
3676
7448
6812
5581
8235
8556
5619
5102
1967
272
9759
222
8467
2720
7740
5252
1726
133
3636
5388
4564
1123
6679
6695
3627
5831
7668
4262
1948
7891
9905
3738
9150
7972
1438
8257
677
7209
1508
3017
3380
9241
5345
3967
6184
2540
9745
5962
5944
5722
9070
2277
2081
9593
8343
3859
4276
3849
9801
5259
1301
5490
9997
2067
9665
2662
2401
1375
3926
9768
6616
4511
4569
3586
7289
3245
9427
1839
4622
5925
5071
939
3290
1071
8629
9916
1189
7823
6070
1380
9187
5069
7045
7217
1796
3680
3261
5782
5198
5170
5775
9431
2411
2245
6285
1716
7558
600
3825
5519
8381
2501
7060
7044
45
5553
1109
6007
6588
8589
9110
575
8031
4556
2259
4941
1418
1525
2856
7956
3963
7743
495
6526
1670
3298
9344
7513
7676
9456
4946
5773
8839
7345
7904
4733
622
7264
9425
4779
2373
7236
8184
8985
3138
7971
6514
1955
5956
1395
9225
699
1921
830
2316
1773
854
5922
1223
6935
1831
2258
1362
3709
6671
8908
6611
442
5324
4078
5724
2669
6987
4565
8652
4738
332
8619
2039
468
3079
9979
3943
2313
277
6991
8279
7582
3766
4303
765
5787
4021
9816
5865
916
9104
4306
7912
3564
2789
4427
3879
7213
8004
4042
5058
6089
6577
6295
5995
4645
8028
8767
582
1758
5760
5804
3310
273
4528
7073
3828
5446
2924
8372
3809
6566
2072
5093
8321
6666
55
7482
1238
3608
3688
5445
9517
1583
375
2219
4486
5487
7182
9682
4423
9266
1392
8164
7129
3665
6646
6913
5960
2542
651
5608
4075
3301
417
4888
5977
2165
4378
4842
8986
7328
9258
7268
6248
3495
6973
4260
3985
5430
3354
3620
4141
8960
778
7322
971
1268
9767
2953
8367
5573
7998
3220
8684
8242
6746
3488
9937
4263
1276
3898
217
6899
6961
9430
3214
6919
3686
7441
9989
4052
6290
913
1210
6061
508
9729
2033
1829
5953
7154
3056
1667
1174
4302
2689
4196
4751
6244
3832
6250
9224
7216
8600
9666
4644
6579
6284
9705
2251
3225
5723
8687
2463
9541
1098
5073
8885
2822
9013
4350
6782
2286
3539
9255
7033
1976
7924
9752
2764
58
15
1870
5243
5240
9182
1263
4986
4409
7231
800
3065
4118
7575
1792
5298
4219
9151
6462
7070
2046
6254
5497
4771
9563
3167
6051
26
1240
9206
5315
405
4837
8070
7861
3446
7401
5584
6261
7728
1736
3399
3484
9208
3323
9465
2676
4003
7003
3333
276
9570
3282
1476
2806
7165
7810
5498
3408
5130
7031
8639
1969
4597
6831
6841
9420
8084
9416
1387
4721
9518
4902
8764
8472
3194
2582
5108
2898
1923
9289
8933
6405
4353
3466
3294
2079
1420
5064
8520
1181
263
302
8531
5996
5980
3517
1930
9278
2800
7672
5420
6247
2341
5148
7377
1900
4890
9184
7908
8846
4246
7429
8945
9147
5248
4061
8033
8322
3002
8833
8870
7407
3113
4601
9133
5591
3012
2044
4852
4028
930
9486
6278
6398
3850
1029
3890
5808
6170
552
7008
2979
840
5357
3031
3135
8909
7952
3391
5190
3855
6443
6168
6146
3040
6884
6179
1728
8616
7789
2365
5802
511
8876
7486
9871
3425
1269
668
3633
2294
2641
6469
6316
1023
2595
137
9914
1428
1987
7680
8455
5530
6215
2630
2569
7474
5577
5124
3558
70
3914
3131
3200
6572
9942
225
2132
9731
7397
7581
6364
121
4461
3050
7773
6778
2887
396
8646
3119
2480
459
7550
9237
2912
5417
7137
9843
2086
1990
2087
4115
1595
9743
8729
5540
3123
4
7210
6017
476
9170
803
2854
4797
3053
4898
3149
2174
2490
4022
2379
8714
9561
77
1661
8928
7202
3941
6430
4387
8238
3180
8586
6997
2063
50
4829
7691
7186
4002
6485
5923
7417
4071
8492
1806
7967
3061
4046
7475
1339
2088
4533
3280
6692
8006
2730
2289
1949
1087
4465
1235
8943
6932
751
1786
1154
4354
7763
8309
4515
382
9789
2988
6634
4112
7406
7206
9799
6056
3958
278
6825
7390
7439
2739
7519
745
8167
5552
17
5732
6984
7683
2954
6335
5366
8311
3145
5267
3994
1791
7531
9674
3954
3949
2049
6474
7778
4177
3341
9577
2085
4259
5049
1502
7915
2482
1696
1631
8224
5275
8776
9796
9619
8958
5210
665
4446
1164
5472
5336
9329
6171
2089
5421
2018
1552
2120
9380
2745
8237
9996
2807
9482
1841
9955
794
1952
8742
2941
7563
4040
1331
9477
818
7290
4824
5784
5079
4910
6493
1655
4553
3734
9928
8852
7138
8494
6382
1198
3872
319
3700
6019
8429
6703
7477
8818
2496
7667
6776
5328
1815
1248
3084
1153
4371
4605
4729
8554
6802
4356
3918
8944
358
796
7024
1985
467
1733
5139
2303
2652
6476
6606
4125
8073
893
9228
9435
7520
4448
9962
3947
8716
937
6088
5939
9820
8666
9635
512
1822
4598
9804
9976
5898
1457
9359
9911
4045
2017
3820
6034
5150
6834
5597
5493
1270
7922
8653
4717
4723
5736
8305
4290
6839
6854
8066
8215
637
2555
7151
5143
3580
7487
9381
5137
2573
6359
1863
7063
3771
8882
3001
2418
3555
7445
8264
498
3187
8025
847
3594
3780
6512
9691
8490
1446
2989
7514
7248
5412
4529
3998
7854
5562
8183
4933
8083
9792
4566
3289
7961
2232
6931
5184
6096
1081
4625
4238
8573
3660
407
7022
5535
5582
6921
7742
1892
8877
6369
8510
353
500
8590
1946
4509
5982
5885
4275
6608
2724
9806
6592
6992
2770
8630
4821
3262
9470
7400
1422
8551
3932
9238
324
5192
2203
943
6894
4707
1851
1846
1408
3722
5060
7992
4516
7607
2115
8181
6397
9747
8014
4548
9710
7506
6238
6192
5924
7984
6626
7610
4664
5018
5756
6337
2386
4319
2885
9915
6262
599
5183
9317
2357
6273
9390
7932
897
2712
4838
1113
598
2611
7042
6166
9882
9333
918
8751
320
9718
9750
9493
2178
9186
4737
1034
1768
9558
7367
9725
9446
2817
8519
7497
9200
4151
3972
8051
5590
2516
8390
4200
8463
5762
5410
3583
7418
1292
189
3704
1056
7825
7170
8268
4811
8649
7985
7592
3720
9129
359
7192
7262
1231
3551
9621
604
9883
5312
2220
4612
486
2958
2002
5755
3867
7161
9998
3374
9086
4520
69
4685
7276
8278
9389
1133
6644
9519
1633
801
9251
2447
218
7387
3876
9417
318
1692
8689
8077
3786
5779
4648
2169
8572
9030
954
1307
6860
2479
8384
4207
7189
6858
7280
1849
6173
3350
6365
4657
2139
9223
3667
3251
784
9181
3657
5933
3299
7433
8331
4808
4020
4128
701
8317
8015
6252
3141
8953
644
684
8845
2293
8829
6910
5636
9069
4672
2802
9678
7266
2967
664
1161
7077
3666
1279
9785
3263
1264
8177
4135
6803
3057
9036
3631
355
5603
1376
4649
8713
1407
1587
5057
8281
8673
5039
2495
2678
1155
4277
626
848
4926
574
1152
64
5954
1827
5062
4399
6930
7360
4563
1177
9426
5589
7564
6978
9068
92
9171
9946
3109
1046
8402
6678
5992
8111
9335
3064
3904
4068
5705
9784
3417
7627
3359
7485
7759
5066
7064
7896
1100
8931
1062
6015
4321
7205
8176
8107
5044
9744
9093
1099
3432
3871
5951
7208
4716
1871
9921
550
5876
884
6696
4822
9383
2622
3895
9077
7958
196
3907
8849
1856
3522
2004
6080
6669
4050
5413
5434
5861
9292
2666
8484
2672
4392
5068
3752
1467
3068
4754
8875
5419
6999
6743
6713
8374
5313
5719
9365
1953
9497
449
9410
57
8963
7812
8231
8353
8644
985
3034
9000
2659
4091
4994
5352
2230
5360
3147
1244
6680
6785
8715
9367
506
4766
4633
873
3238
2180
3802
4220
2693
9551
9797
9825
3689
9618
7629
4218
210
5154
7226
328
1755
3136
536
2657
8789
6268
4991
7662
4804
4312
292
4560
6968
8976
2394
5197
2696
3270
6793
5751
3655
8202
6670
9261
2436
5074
7153
1654
1911
8074
171
7155
5341
8912
1608
8208
6420
5604
9721
795
2278
1343
2805
3707
343
1688
5386
6632
207
979
5919
7833
6439
9285
6191
5894
1691
4697
5396
7312
6916
2312
9870
9690
3420
3447
9050
610
9175
8527
1173
4914
3455
400
7071
3899
4081
3644
7333
6971
4223
9880
5019
6265
4143
5024
7505
9535
8166
4369
7552
8392
1802
6915
9152
774
590
9972
5376
2061
7811
6565
9374
6433
1555
5241
616
6503
9195
8275
53
4289
2927
8469
1586
8365
9805
3058
8099
7843
7716
2142
1906
5200
1805
9686
8611
3416
615
6296
6292
2909
7706
5987
262
6029
9120
3848
8585
8394
7546
3186
3204
4936
963
3698
1505
4315
4279
9293
2013
1648
7341
5193
2127
8134
6952
3721
2387
8460
3291
3279
7925
1385
6871
9106
7069
5296
7521
2572
8938
8155
8798
8071
4990
6560
4669
266
1138
3607
9500
5821
5845
5638
5774
1159
3643
4682
9047
3647
2012
5249
5226
3970
6270
3091
1572
6286
9202
6243
6045
8842
1003
5632
869
7540
9233
9176
5742
7732
5527
6714
9807
7624
1233
6994
5909
5375
5844
6702
9405
6936
3390
8371
6998
6963
114
4433
5
715
3232
1485
2775
7755
9881
4894
5997
3625
727
6263
3950
2593
8507
8526
6615
563
9853
6874
5377
9256
1474
255
5948
402
2614
8212
864
9708
5110
3883
39
5548
9566
4320
9185
3881
6875
3242
1690
681
5142
88
4185
8509
7686
5195
9027
8898
5631
8410
7421
6074
4876
2451
3538
4144
4617
8344
7426
5171
9501
9008
6877
3880
6082
1475
3542
3129
9400
3015
3618
6288
330
2976
485
439
9987
4265
1613
494
2424
9722
8939
6564
8697
696
3179
8896
8369
1664
8754
8172
4024
282
8423
7996
4016
5818
9305
9602
1442
571
9932
5082
4745
3080
2772
5431
1500
5649
139
7011
2393
4382
5947
2404
4942
6819
6139
3662
4857
3936
4689
8106
1038
2607
8768
6492
7862
4368
5005
8382
391
4233
7054
8994
8749
4165
6806
8538
7029
4524
4192
9991
6955
3719
2183
8911
3910
8669
6218
1249
8118
5912
8195
1384
6224
8035
1920
1093
4056
7269
3576
3976
4316
2027
4901
980
1764
1746
5769
7803
6094
1295
2124
7850
4452
4180
5928
4654
4137
2279
8207
143
3028
3018
3553
4482
9735
9236
2518
724
4242
4944
6431
426
2500
4304
6264
713
5122
9995
7375
5701
7139
2835
556
755
788
2968
6948
4690
5303
4217
9438
2305
3190
7937
8530
8677
4947
7675
941
376
4145
2502
1731
9697
2547
6211
8485
1261
3546
9461
2052
4871
7577
4157
3296
4308
3009
5207
5308
9043
874
955
4007
7476
1289
9134
1386
2750
1931
1382
3599
7806
3924
1212
9130
8878
5571
2843
8704
8002
7863
2725
4208
9239
8239
9178
5373
116
2059
5546
587
3103
5008
7895
367
579
7981
6427
5874
5538
3728
2559
1774
8068
7818
2767
1326
5979
4333
437
5868
9553
3496
6419
6289
2330
5486
194
8274
2704
2647
4311
7000
7032
2336
128
8606
8425
2246
387
5880
7642
4551
4411
5891
81
1885
8412
8579
1749
8979
9948
1777
6891
6625
4453
9634
8797
619
458
6733
5829
7685
3422
3905
951
1615
5398
3260
8647
4376
6902
7684
5474
7638
9277
748
8961
4608
3651
6590
7953
7311
9211
7553
9732
2596
7136
8499
719
7123
6172
5544
4665
5012
4229
5618
2193
687
6167
5025
8683
3168
8122
176
4586
3373
4087
8501
9867
4761
9320
4895
9818
3010
1434
1668
6357
5965
8112
2440
1548
3717
2969
8785
1720
2991
2287
6403
2880
2149
3906
6642
3764
585
2784
141
2456
9730
5975
640
6920
8206
2883
1306
3812
5555
5559
6559
9802
4539
5748
213
6661
562
1030
9252
4970
4981
2390
7442
957
8454
8855
1878
5266
8228
2964
7887
6906
3271
6190
4083
7542
2783
381
6259
7559
8160
3973
2474
6562
1052
3931
249
9156
5017
8020
673
6119
5881
2601
2444
3792
2263
5525
7931
3935
307
6375
5393
938
3901
3509
3478
8261
8222
885
3617
4816
3841
4618
3474
8471
1230
312
5639
2674
3195
4282
7017
6083
7114
4701
9306
1466
2671
7522
1881
6399
1592
757
1095
5204
6039
3916
5968
1031
2450
9296
1803
175
7308
8477
3144
316
9353
5873
6108
8119
4589
8061
1828
7572
7986
9833
6779
5140
900
7688
6850
8041
5857
8034
2558
300
6985
9778
7124
6145
1825
1534
3358
3917
2071
6062
1782
7303
4659
248
2353
8464
8255
9969
4236
2663
3746
2845
2571
9550
726
3842
3489
5484
3267
9879
22
6609
7692
1398
2272
5191
4182
3524
8825
4908
8574
5311
2965
3965
8637
3406
5059
8830
9188
4968
2713
9341
5029
5032
1710
1697
6720
3784
4248
261
254
3100
5168
3383
7462
9169
2830
9827
1399
3173
7545
920
2168
1496
6965
8868
1156
3315
6144
6822
1879
9554
5780
6260
8622
9299
1936
4713
8746
3523
9048
5321
1321
5978
427
6553
2076
9693
5260
5615
4849
3124
3148
2776
1798
5489
2636
4468
1313
9356
1204
7848
1149
1609
3032
9316
8903
5689
2848
4224
2829
8977
4270
1117
1166
3699
8114
9909
9322
7725
5075
7256
902
331
9975
5517
1209
1708
823
180
2718
6308
3570
3912
3322
1671
9404
6114
5812
8696
978
1530
7565
415
1011
9480
6014
6028
6401
3278
5690
9934
4972
9896
1004
1980
3163
199
4264
3325
4590
729
9592
7650
7603
3393
7035
1308
9118
5841
1989
4008
9850
3077
6600
693
6883
496
3222
6057
8337
7109
7839
6065
2602
1285
6303
5250
4578
5270
4069
8044
1621
3986
8085
6676
821
1255
5157
6160
5262
8860
5176
3418
4587
7530
7786
2107
7250
4538
953
5510
9557
2609
9622
8872
1694
3178
4120
9908
2264
4164
8299
1493
1224
1300
8515
1464
9034
3211
4428
942
1471
3535
7160
1904
7239
8873
666
9125
1129
8623
660
8474
5964
4139
2577
4555
914
6635
5650
8569
9529
2917
3831
3169
2073
3347
2118
523
889
3874
8925
1673
1312
3757
5714
5521
9243
291
6038
1232
5708
6818
6890
6691
9334
1808
9
1253
4130
7382
7
6648
3059
286
5378
5424
3760
7309
167
1933
3767
4909
2243
8417
7221
1182
7669
7625
3562
0
6513
2070
7232
4245
8948
5134
2515
8794
8450
2148
2126
7020
8476
1781
9614
244
4732
6136
2930
7238
8712
5568
8479
1440
5967
3839
7327
5985
3342
8535
7036
945
8959
3915
6187
1146
443
1125
3005
6846
6075
8064
6162
8823
1403
1913
2179
9899
4082
6761
898
5658
4683
72
2514
6620
6747
870
9284
4385
5319
5934
7815
5237
9028
8783
4355
3442
8373
1359
9613
6756
7679
479
560
5346
5803
4809
2599
5367
9711
7013
7884
8252
4035
4806
8596
3596
9121
1396
2566
6945
7808
8342
834
8582
106
5667
7464
2238
9746
1991
8562
8432
