2328
808
608
185
1488
1856
278
925
543
424
56
1007
1829
172
1803
2447
2156
1619
1640
362
2390
1592
1203
999
1594
2244
1123
1515
1583
582
1463
1554
956
310
2298
448
171
2142
687
1001
2048
1076
1696
2068
105
1585
710
1098
2394
1697
1699
737
559
453
1008
47
55
1310
2277
213
793
716
2391
430
605
664
571
1350
518
1281
1074
589
916
2365
835
1613
1534
2459
2195
2292
984
1402
1657
2357
899
774
1723
1565
2450
1228
1672
1273
649
712
2340
2387
2404
2322
1507
1742
1521
1982
2088
2132
726
1079
1877
495
908
1270
419
1925
1762
2215
2430
1122
2092
1549
2223
841
237
1776
1247
1147
168
247
2012
1420
1931
860
1232
1706
2013
1070
204
1423
1146
1844
1955
1847
261
2300
1060
2202
2433
786
1491
1433
2334
1408
1643
1344
1911
761
1139
1127
1103
722
440
745
14
1867
1296
2203
601
501
1959
423
795
667
1158
1003
2303
2436
317
341
345
2093
1763
1676
1938
2477
1480
1524
1379
2059
1843
874
348
505
1739
848
1346
2342
2011
1810
637
2399
1513
1865
151
360
1783
1889
673
190
1262
2238
475
2049
2312
37
1068
2251
477
1136
1432
272
1066
1099
1793
895
2328
