2328
808
608
185
1488
1856
278
925
543
424
56
1007
1829
172
1803
2447
2156
1619
1640
362
2390
1592
1203
999
1594
2244
1123
1515
1583
582
1463
1554
956
310
2298
448
171
2107
11
2099
1072
939
2181
227
2155
1119
2229
335
949
95
1326
836
704
383
771
820
1312
388
825
281
2416
1213
235
2214
2467
959
1023
1265
5
1946
1137
1173
1644
1044
1934
817
506
1991
1664
1321
2305
1609
296
671
2363
803
2379
1508
878
1056
2051
223
1813
1673
1302
845
2396
84
2479
966
1890
622
741
168
247
2012
1420
1931
860
1232
1706
2013
1070
204
1423
1146
1844
1955
1847
261
2300
1060
2202
2433
786
1491
1433
2334
1408
1643
1344
1911
761
1139
1127
1103
722
440
745
14
1867
1296
2203
601
501
1959
423
795
667
1158
1003
2303
2436
317
341
345
2093
1763
1676
1938
2477
1480
1524
1379
2059
1843
874
348
505
1739
848
1346
2342
2011
1810
637
2399
1513
1865
151
360
1783
1889
673
190
1262
2238
475
2049
2312
37
1068
2251
477
1136
1432
272
1066
1099
1793
895
2328
