2328
808
608
2378
1047
989
472
1328
40
1336
2231
420
1902
375
688
1912
550
315
34
307
1360
78
2410
1940
562
157
199
781
1389
1064
1573
481
574
583
2343
73
1283
1067
2035
683
1493
791
617
482
225
1615
941
1355
498
1368
641
1980
1964
2045
17
499
64
1758
48
528
33
2324
219
1637
1978
1363
2276
233
1883
985
1053
2145
1816
1036
322
276
2123
1942
623
657
854
1879
2094
930
831
1924
1127
1103
722
440
745
14
1867
1296
2203
601
501
1959
423
795
667
1158
1003
2303
2436
317
341
345
2093
1763
1676
1938
2477
1480
1524
1379
2059
1843
874
348
505
1739
848
1346
2342
2011
1810
637
2399
1513
1865
151
360
1783
1889
673
190
1262
2238
475
2049
2312
37
1068
2251
477
1136
1432
272
1066
1099
1793
895
2328
