1832
1679
2252
1779
151
787
360
1640
1594
822
362
808
1784
2299
1930
999
895
2390
2328
1410
2150
278
804
1084
737
2238
1218
1619
1843
1091
37
2312
2247
2081
1040
2293
1443
1051
2124
2049
955
292
226
1569
846
1765
1723
329
1356
706
1829
1224
1949
1865
1068
2242
24
1726
1355
1878
1908
1164
1330
2068
1592
1676
2059
820
1532
1412
2027
1484
1327
1432
543
361
807
1889
2005
530
1021
1810
1616
1322
1851
2281
47
1098
2394
2447
716
1696
1117
533
2273
213
1138
1153
1793
1513
522
105
1005
2332
2245
1789
2361
172
1238
2202
1393
245
1155
1376
1698
2227
1694
1964
2301
1398
1804
874
559
185
1529
505
756
943
55
1284
272
1665
2251
1134
608
166
190
2342
2058
1082
896
944
1911
1310
1203
477
843
774
2244
2093
1215
187
695
659
2123
596
1262
222
1755
310
733
341
536
1615
2011
453
2041
2412
1189
567
1437
710
1107
2042
655
1763
1015
299
1988
1589
2277
1473
760
29
882
962
824
380
1353
1621
1570
1774
941
746
109
2295
956
1515
664
20
1856
577
325
899
1479
501
1152
250
1007
1077
1250
293
493
2241
1123
1614
1351
865
500
2107
1927
1181
345
1008
1466
1956
2094
519
1136
2190
422
785
1093
449
766
262
2030
490
1305
1637
128
1177
104
72
629
1399
990
2131
1282
1886
1758
635
2259
1803
318
191
868
1335
1516
1943
2047
1055
1127
2130
1459
1734
1003
2157
1427
1554
1542
1667
48
2357
2056
1739
1690
2375
2248
1036
1497
1820
684
1785
488
2391
1541
1868
793
491
348
2309
221
1801
2156
1035
784
2196
1179
1547
436
1741
1783
898
1882
1659
529
661
1344
1769
2205
2474
1565
1809
918
1099
651
1944
925
8
1480
2334
1405
1197
1261
771
1406
1488
2333
1505
2378
1066
1300
82
1006
764
1076
442
443
269
1122
1638
2298
673
2433
1599
211
2330
1620
637
2436
1655
1394
1492
1345
2300
761
1463
702
2425
1060
555
1697
2381
424
2292
1699
1349
2431
1100
1025
2249
390
783
244
1772
779
365
298
1602
1074
2254
984
1222
1379
838
709
1727
1550
1291
649
1585
1428
582
144
932
170
1320
1670
691
1587
1841
2116
1502
1114
1047
352
1652
2286
117
2203
2314
557
317
2029
1204
2153
475
270
623
343
1433
740
2454
1219
2303
276
84
2178
2228
601
236
657
2089
848
2045
650
1464
1674
1709
1567
568
2458
571
845
1249
140
30
1781
1103
472
2132
2061
1287
722
1160
2276
1910
724
1111
142
1978
1395
763
854
171
2429
1386
1162
2028
1348
1458
1517
982
731
2051
687
2479
1523
2285
1738
1350
1942
1995
2459
913
2477
2291
1612
238
2036
738
1331
1329
518
2151
2085
1583
2084
2088
1210
2145
1044
2039
431
1205
2008
1139
268
1980
346
336
2119
2272
2263
757
887
714
81
1673
720
1879
2221
2142
963
2198
528
1534
743
410
2395
1346
1892
2122
786
991
1081
1323
89
880
1630
1304
2018
0
2174
1979
1347
1272
1827
2423
2187
877
2209
930
1201
1158
2416
1277
1805
699
770
1037
1243
985
1408
11
398
1918
241
989
358
1431
2092
553
942
487
328
921
281
2465
1737
56
1338
2392
1501
138
1101
2097
1237
910
1564
589
1561
1002
1888
2000
208
99
1252
1955
2451
460
965
1643
1469
2396
1811
504
2040
2144
810
836
2099
408
614
1086
844
66
2255
224
1487
886
1503
1053
2048
1097
725
308
1883
792
125
958
1263
1312
768
1303
1407
428
2428
78
216
406
1916
1186
2240
331
1735
2206
1575
2327
734
1860
2258
541
1269
2410
202
1560
1613
1950
1557
83
2195
1825
1402
1125
2207
1953
231
46
707
835
1601
586
605
1660
879
916
1132
1595
1672
1518
1990
1213
1553
378
1228
730
154
2200
51
1057
592
1787
2319
448
1231
1981
42
719
233
1633
1608
1363
818
642
1855
1701
2456
376
599
508
1563
275
2233
2444
75
1912
2102
721
2387
1326
1013
745
441
1023
2271
1958
861
413
1048
1362
1611
2366
1845
2017
1438
682
2370
1874
2256
2348
595
473
951
1378
1588
1400
1056
547
2450
1572
580
1214
322
1869
2365
2075
1766
858
1831
16
421
2172
789
1373
1042
2019
1069
1948
2376
1816
2364
2162
1524
1872
889
1273
64
1281
1392
698
754
1174
2006
712
430
1947
1859
152
2160
2279
1728
959
383
2335
1938
675
2399
1146
1059
1276
1644
370
40
234
1919
1721
1294
1296
1472
102
665
1999
1154
223
255
2358
1566
427
349
124
2475
891
1018
1418
980
274
2201
2441
652
1361
2421
285
1221
1844
751
663
2163
583
1817
1876
1849
1711
569
259
2067
1545
27
178
1678
296
1813
1657
41
1740
1089
1001
527
1812
2148
1973
381
14
2424
62
1413
598
2037
1767
1900
1033
440
319
2463
2158
2264
904
2446
2204
726
1675
1124
735
1167
852
2071
1857
2369
1597
1965
483
489
2455
1880
1225
507
981
769
1447
115
101
1232
452
870
1731
1984
1937
2054
385
1743
914
912
309
2226
2060
1453
1717
1422
79
2406
227
1971
498
931
612
1095
717
1648
813
414
86
179
388
762
2020
354
23
496
1929
113
1847
831
1352
1230
503
1994
2013
133
1460
351
646
814
2265
1143
326
219
1693
1598
825
52
552
538
952
1838
1295
153
1500
1936
1491
19
1465
1520
161
908
1647
301
2065
1357
2344
2318
562
2211
1775
261
1761
1604
1778
2363
1977
1777
1894
2012
127
987
2052
1128
2408
1610
373
235
1301
131
2139
1302
2035
1934
1313
641
1038
1283
800
2208
674
114
1266
338
516
1669
803
2147
1193
95
129
305
537
492
375
2168
610
2462
1324
1333
1830
158
282
110
1130
969
2141
926
802
2076
828
2379
2283
297
204
2262
2229
111
1768
2304
2308
394
1687
1681
1896
878
1982
335
1700
1780
1864
107
2367
617
2343
1170
468
602
1027
34
499
618
330
1924
2382
2324
1514
426
613
700
704
1041
2267
2108
1556
476
798
2213
106
445
63
680
964
1596
1220
603
1543
2031
2080
812
423
1
1239
973
542
1654
654
183
523
2307
1087
853
647
2362
405
1634
1867
2128
77
545
1364
2090
201
685
15
859
1142
2218
2109
1671
2134
218
1339
1328
1336
1862
1957
1083
1012
660
2443
1552
2232
1790
1319
1113
340
2032
2371
2096
960
59
1800
1968
196
2135
1661
1507
2275
2418
1509
1075
584
1421
727
2404
1959
2183
1828
1449
1985
576
18
590
532
667
177
291
1180
2078
1436
359
2270
2460
949
1390
1902
1907
1551
2305
17
2310
295
1265
60
2169
1508
799
1706
775
1022
1998
2287
146
947
33
1251
176
797
1425
1736
324
708
2216
2167
927
1372
748
2125
1241
1742
2176
2100
2026
2430
744
1314
312
415
1126
145
139
971
1609
1786
1183
387
2057
2266
946
909
2118
998
2345
1521
1368
1764
905
229
189
570
1584
679
902
2149
1474
1246
1079
2322
636
2340
2432
1852
58
397
2246
1577
1685
141
6
1354
1070
1275
531
653
1846
1182
1960
1940
1952
2349
884
1118
2126
1000
2106
1092
776
705
1112
911
1712
2239
1448
1341
1531
207
220
1798
1718
2397
2083
280
168
1293
2442
420
1444
399
2112
1420
521
25
1853
2055
574
2046
2101
600
1340
1625
1791
5
1933
917
1415
2164
22
2073
2114
435
683
2069
267
1821
1850
827
1754
1627
1321
1720
631
1478
1426
2315
290
550
184
2417
510
2331
2388
566
1207
1054
688
953
585
198
837
795
2181
540
2185
4
1617
242
371
2341
1129
1729
447
214
455
1187
2268
535
1280
2243
1559
713
1773
1989
2120
2237
1072
2192
36
1891
256
1792
1387
433
1666
1229
2230
974
73
1954
2016
1217
693
1837
560
2115
986
495
972
1945
2015
1288
1751
2127
304
1629
2050
1748
463
1623
565
2138
1028
1932
1184
121
1527
2166
2359
2253
438
772
2215
2434
2079
1903
1029
65
2014
2426
2260
526
43
396
2476
482
273
339
1708
1188
742
1997
1168
377
620
2231
1233
594
2155
2001
1014
444
1441
1662
2413
1334
28
1342
1067
98
1808
2297
1815
1854
611
656
321
794
1482
2077
1788
332
842
61
2280
1032
922
1208
556
1172
1325
975
933
2457
1897
249
1454
2435
2347
1548
968
1745
805
1010
357
830
21
1096
1297
286
1677
71
53
2074
467
471
1794
1833
85
306
923
279
2234
474
1194
703
1470
850
2180
1424
1606
1173
265
484
2445
2467
883
1823
1119
1603
136
315
2401
639
1703
2111
1298
457
1256
2110
2154
1632
1195
247
1722
2386
1905
2372
199
2184
1941
2188
157
1430
10
548
1476
1512
1071
781
80
2152
816
122
875
1538
1686
564
1496
773
539
2352
1962
718
711
790
1510
302
1970
1493
607
817
2472
429
367
2062
928
871
1085
1311
1423
1983
466
872
1456
1901
1450
1078
1073
1161
1223
2452
1991
2461
881
697
671
194
937
1651
1137
849
419
469
1749
749
591
732
252
747
416
885
860
2377
759
791
1209
1705
143
604
327
74
253
147
672
834
634
2038
1664
2321
1873
1381
1917
3
1270
112
1451
893
1624
1537
894
1653
752
316
1198
638
1704
847
294
1796
1271
563
939
307
260
1358
1511
821
1064
2023
1106
1573
333
1016
977
2326
1884
1306
2338
412
1163
1131
243
2269
1976
579
1403
957
1818
1906
1461
1141
1264
103
2064
758
485
1802
266
150
2175
239
1434
454
2261
1227
1586
2473
1417
778
2325
137
2021
628
1144
2214
353
1202
840
1544
966
1147
1885
997
2236
2302
581
379
1877
1165
1571
1782
1540
210
1836
163
1088
1522
1462
287
1199
1289
2070
479
386
1842
514
2004
826
1506
1525
1380
1030
1446
1747
1120
2311
1435
1475
2171
165
2222
481
1171
2356
988
1486
169
1483
1190
404
180
1750
1248
2177
534
38
450
459
1797
2007
750
1578
1360
1245
1133
2389
1388
864
1993
1645
389
935
2
1535
458
2329
167
451
1946
200
1858
2173
2210
1558
372
741
1975
1019
2104
1915
1752
1063
1931
633
1317
1175
2189
903
1744
2350
395
1389
418
2448
1094
788
1279
755
2402
851
1045
1881
1383
9
50
857
696
1043
288
1308
1391
1834
92
1579
313
506
197
1226
546
1034
994
1109
1607
57
134
2353
1909
1733
1489
950
12
1925
1151
225
1285
1870
425
68
1062
2470
666
753
2284
686
630
832
369
2010
622
2438
2072
1148
1499
2368
739
544
1895
632
1026
1580
1639
2464
1401
1384
364
1590
1468
1169
1253
1967
1635
2290
1337
347
1135
1641
915
45
1370
811
1757
873
1382
54
1240
1440
2225
1776
2129
497
1835
1166
400
1887
1046
120
597
1631
1893
1591
1814
2133
692
1519
1309
1760
1467
1257
715
159
728
2197
983
480
246
240
173
156
323
1762
257
520
2009
88
1568
573
1646
948
2336
284
1196
1343
678
979
668
1061
2191
2043
465
809
2165
1375
867
1618
1861
578
403
368
251
1442
1216
1799
1890
1650
215
2224
1200
1663
1642
2471
1439
1866
7
1017
976
232
1636
1716
701
192
841
411
669
1359
1332
2320
277
723
616
1628
1445
551
1576
1416
1649
1050
1504
1824
2137
26
2288
1848
2414
1185
1212
2440
862
1374
2095
662
494
1110
1533
549
796
627
2199
1899
900
2143
1807
1267
2393
587
1211
1555
2219
993
2478
1658
1052
1115
995
819
1875
1898
648
561
1156
49
160
337
2212
2113
1247
1702
320
1725
2468
512
1546
437
1732
1457
2082
996
1090
780
575
1922
2066
609
2409
300
1178
1826
382
344
119
108
1710
1102
123
644
1839
833
2403
1605
366
1242
1963
2439
1656
263
1536
1258
619
2257
434
1689
100
314
892
254
2355
606
1495
681
978
2346
31
906
1121
311
967
1549
2398
1176
1020
1939
1581
2337
186
1244
1840
1715
1871
1795
2140
2380
1116
1730
2354
126
954
2419
2220
1974
869
2179
2360
2223
1481
2105
1913
1366
1770
919
32
2044
1714
1104
1914
876
384
1031
1192
2306
2400
289
1236
96
1668
39
1049
694
1367
205
1972
407
901
44
130
1292
1396
1622
2316
2405
782
2289
393
237
1966
2415
643
69
1397
1986
1414
1058
736
2025
1140
2437
572
1923
2373
2282
1759
2024
2427
1315
402
162
2374
1695
1369
2170
446
