20430
18758
13622
17401
19190
14930
16862
21204
19896
22793
13914
20780
12132
19422
19904
13822
17638
15492
17469
14401
8630
13743
1476
10265
6964
17145
17228
13865
17703
12778
14980
16728
8664
16371
14777
12401
17708
14223
11498
11993
19419
16645
7091
14682
19063
17731
14684
16994
19595
14801
8931
17655
12054
10519
12650
17480
17359
16587
14157
13410
12275
13688
16391
15921
8476
10587
9520
7832
7230
16347
11488
6766
12406
15277
13845
7005
7328
17182
12146
12365
16915
10557
12125
13619
8455
16142
16091
16156
6406
10561
11750
8607
12920
12785
10340
14812
12282
12448
14534
6778
11845
12967
8422
9462
18792
12002
13184
1464
15641
16123
16305
15306
8485
15511
11314
16072
8421
13284
8451
16378
11301
7014
17062
15946
15517
5699
8416
9309
10606
15922
8725
6428
11943
6976
4911
8347
9788
7443
7470
2678
10935
2508
9780
8835
8726
11727
4483
8265
9984
3735
2172
6128
13031
4211
5583
12190
7867
7262
1823
138
3320
6132
94420
2748
10226
91143
2248
5613
6224
4723
3557
615
91485
3083
93718
3815
2550
1843
94349
980
1366
4454
88912
4286
90351
1544
5784
950
88962
3323
11490
90177
8201
84327
6689
1554
92053
3607
4512
89742
4725
94347
5510
672
92037
753
92163
3932
2303
3663
93725
92169
2222
91528
5864
3325
4434
2129
2821
2038
1681
9223
9764
1132
2996
3410
390
2158
1497
3661
1518
553
3969
9122
4361
2454
90043
2736
5870
7583
4809
3195
89943
9565
2221
93285
2486
4503
1243
2344
91721
268
87805
4251
3700
92017
93445
3750
92468
3755
94125
5795
90524
3105
89655
4077
218
93371
94171
89857
2009
570
1488
4592
757
91536
5492
5053
2885
8477
1365
90767
744
94117
5808
8207
90720
5514
91282
93218
823
3173
739
89437
93417
93214
87111
92154
91273
93936
85533
1993
92019
1708
4239
90057
94352
1349
92593
5881
86500
93870
90707
2342
89954
92480
91712
89684
92092
84828
92300
5863
90693
93736
90646
4362
4655
93330
1569
6092
209
876
83872
91389
87118
88557
92785
94376
91387
89746
88923
93993
83065
92973
90469
88220
87070
87247
89523
91086
86206
78894
90425
2455
94214
89074
90324
93495
92706
86610
83824
87857
3022
86996
89051
91245
84728
91874
93132
78910
86385
78398
90371
83165
83003
88651
80662
92471
87541
81429
94649
80172
85440
94287
83705
77325
83752
85621
88658
84770
85387
85220
79612
83804
85615
83635
80679
91048
82768
77210
84486
79447
82472
81921
84372
81578
78315
88720
81157
83390
86256
79573
84150
87390
87339
85408
77517
84165
87340
87336
81512
78936
82580
78853
80794
77647
82045
79850
81777
79352
77118
83066
77245
75945
79682
82223
74325
78332
82428
81095
83778
81149
78259
79050
76120
77050
81412
74018
71163
76875
73246
71507
73573
73061
66233
68896
68115
76128
71950
72451
73256
80701
68471
72943
75542
68638
74792
68164
70487
76871
75231
73831
72831
78511
70037
65680
75283
67817
82325
70046
73764
68104
72805
70673
72187
67813
72369
73251
73566
71818
80328
73331
75134
72445
80196
79417
77719
79040
72124
79071
82077
72939
77160
77434
77749
82248
75160
76312
76348
73941
76945
76061
78503
77264
74726
75749
65905
77508
82216
72560
72188
68837
76229
70700
71911
71237
69402
77705
72570
68381
79458
76349
71769
73917
75528
80402
67532
76161
71320
73267
60645
67417
81930
78924
80817
69893
80660
82695
75663
76624
72473
81504
80102
80380
77505
76241
73574
81177
76613
80381
80050
71511
75087
80063
79258
71954
81313
77929
77894
73334
76434
71347
72499
65420
76047
72996
71149
77090
75818
67823
73906
72148
67641
71524
75920
72555
73578
67744
73981
73023
76174
76165
74334
76811
69703
74072
72168
71767
75346
74899
74716
66761
71522
70908
71976
75395
70544
70455
66677
68324
70516
70658
67416
59502
66581
74862
68436
71252
68193
65924
68163
66055
70628
67886
66092
69067
65491
69907
69956
60453
67552
75400
65369
66040
70965
65303
67127
65856
66601
65520
69990
67222
66225
66434
69677
66302
54251
68625
68052
59381
68291
60388
60463
59414
69600
61207
70660
65776
64952
62199
64149
65055
63234
70972
54634
64713
53584
61968
64983
67250
65334
64980
59557
59295
64974
67397
60120
64514
62275
63541
59573
59255
64330
63184
62375
60019
64972
65050
59343
59873
63506
64707
64069
64776
59912
61058
62022
65078
63759
62121
61779
62324
55884
63715
65052
59745
63761
68720
63760
61916
58206
55807
67390
54376
63570
64791
63766
57447
59935
59868
63457
55084
52297
61788
56213
57036
61041
57150
59241
59066
58714
56133
58619
63719
60140
58680
58822
62899
57006
54353
54513
63433
57448
59137
58639
57858
63984
54390
50616
56152
54394
53652
58239
59416
58596
56357
54202
58712
54780
52924
57623
50579
51541
53419
54562
58654
59132
53955
56203
57797
58858
53943
53994
53720
59166
55033
54798
56305
57736
58791
51949
57765
55748
56580
52356
48957
48058
55897
55269
59081
57414
58420
61021
54401
54076
48431
51945
53480
57773
49902
53833
57505
52220
50736
58755
52542
47839
48282
53040
53418
50822
58419
50161
50639
53910
51060
47348
53247
49536
50276
47951
49864
49249
46039
47665
48970
52864
44067
50675
49226
55477
48299
53111
47671
50099
49809
48171
52586
52494
47006
45623
52579
51705
47501
50176
52794
52807
47897
50340
41748
47040
56947
53155
49662
46364
48827
44698
49025
48582
44578
53239
44072
47763
49808
47480
52493
42311
50394
43984
51421
44000
53139
45978
45124
47065
39112
51723
49631
47051
45432
46022
46457
40446
44316
46760
41803
42366
44214
43880
43767
44162
42726
44764
44521
42383
41815
47995
52383
43318
44557
41855
52704
43991
42692
42372
44089
43902
45306
42099
42184
46842
41831
46485
42892
52511
46798
42253
44605
41856
42553
46318
43550
42933
42246
46738
42102
45418
44291
42234
40864
45355
37814
38396
45571
39175
40360
44276
31220
47061
35781
47154
39823
43933
43208
38572
41556
40181
44967
44566
37030
45582
40542
36166
45287
44379
43094
46559
41071
39421
40744
46014
25148
40823
34253
46570
39971
40818
39274
29954
40820
36319
39280
37186
39807
33376
34552
33475
31996
36394
34616
34624
37388
31376
33416
34257
35362
35763
35580
36289
32392
39621
31782
30778
30276
34047
31469
32522
32439
33559
34825
33951
29747
29252
29861
31294
30532
30536
26384
32253
40868
38534
34898
32274
40652
28019
33401
25418
26834
34900
33582
23917
30507
34902
30266
31621
33249
31559
28612
31471
32765
26326
24609
32730
31422
29330
31776
24488
29757
26726
33012
33262
27840
33281
29932
25922
25297
24075
33558
29236
27248
27339
24239
23871
19384
31011
35318
31920
26931
29470
33040
33131
25194
25500
26066
25750
25802
27328
30661
32806
25658
34205
26356
28243
23826
22417
13312
25090
28980
27225
34950
28792
29533
24085
26335
24614
25376
31255
24430
29064
27998
24627
26867
23835
29464
19367
24721
25443
27080
24891
25606
29519
25015
27109
27697
24698
26714
23177
29460
23127
20669
21168
28759
24233
22421
28240
28070
19646
23045
21797
19220
18512
18515
18700
14548
12882
7394
19442
25822
18246
19172
23062
16183
13196
16163
12200
20222
20708
16603
21281
23623
21718
19432
13863
13119
22918
20876
22197
18566
18072
20430
