25512 29494 25568
29697 24572 28428
33524 30256 30040
26992 35458 27883
26441 28884 26442
23788 24318 25788
34069 34347 34079
28360 30620 26481
26435 25590 29457
35458 27883 27529
23590 28944 20587
30503 33020 19455
25304 27268 26191
26684 26373 33357
28944 20587 28380
19411 24809 24318
25627 28998 26756
26090 19732 34069
24455 28236 26927
24791 26182 23958
28097 23962 25316
29994 31515 24537
27487 31885 28790
25304 27268 19291
30256 25529 30040
19732 34069 32116
25591 27532 28783
17796 24791 26182
26894 24252 28367
27968 25848 21127
24525 26101 25197
23983 25495 28961
24318 25788 26153
26229 21552 18889
27790 26169 24116
31706 32071 33738
23333 26182 23958
33524 33730 30256
34069 34079 32116
26311 18549 33524
24809 23788 24318
29577 28532 24990
26169 24116 31191
26304 27968 25848
33073 33730 30256
22831 23143 25788
29577 26526 20432
32852 25101 25981
27269 27418 22000
20325 23590 20587
26900 27841 20762
22619 26311 18549
29986 26378 23251
24624 24455 26927
17318 23891 24525
26085 24925 21297
30236 26687 31659
33342 23453 27063
29994 33020 19455
25627 28784 26756
28228 28953 27550
24925 21297 23590
35458 27529 30888
25591 27532 34074
26170 27569 20992
23891 24525 26101
24843 23983 25495
35453 32852 25985
19575 28989 26526
26446 29487 26376
27268 26191 24222
28236 31332 26927
25107 29166 25070
28884 29697 24572
26687 34076 31659
31359 17796 24791
35453 32852 25101
22831 23788 25788
27061 24257 28760
26998 25609 25322
23588 20432 26927
18561 26481 26479
19939 26170 27569
28944 22379 28380
23453 27063 33271
33271 33676 30939
27163 24843 25495
24650 29386 24131
38816 37229 33073
27063 33271 33676
24222 25610 25680
29572 26442 24074
27532 28783 34074
25080 25308 20760
30236 26687 34076
28694 26684 33357
23902 28992 20992
26191 24222 25680
30620 19939 26170
27268 19291 25610
23842 28385 25755
34599 29986 26378
31659 31706 25086
26275 23329 28395
27163 24843 28018
25512 25568 24624
26446 28941 26376
29166 25070 24470
26373 33357 22619
28236 31332 24056
24100 21982 25678
28860 21499 28532
20097 23590 28944
17318 24525 18693
33805 32070 33730
25512 26589 24624
31885 28790 27924
24931 20325 20587
24525 27958 25197
27268 24222 25610
31332 26927 24056
25741 19915 27812
30633 27269 27418
28860 23588 21499
29144 27550 22777
25495 28961 28515
33073 30256 25529
27958 25197 24599
23329 28395 27487
26304 25848 25599
23589 24925 23590
18549 33524 33730
32071 33738 36703
29487 26376 35094
27545 28860 23588
27889 21492 25526
26746 24048 25141
28790 34388 27924
23902 28992 27569
28092 26446 29487
36060 32071 36703
34076 31659 28749
25605 21022 17318
20820 22586 27812
26191 28092 25680
24271 29804 24650
25495 26090 19732
26589 24624 26927
25046 28018 23868
38816 37229 28626
29994 30503 33020
28097 23962 15138
21297 20325 23590
21552 20771 26304
34347 34079 28574
29994 30503 29294
25770 26479 35107
28884 26442 23902
31659 28749 25086
28992 27569 20992
23810 26992 35458
27529 30888 34074
28018 19796 27236
25770 26479 20992
26441 28884 29697
31359 17796 26182
23868 24338 27264
28127 19411 24809
29994 31515 19455
15138 25656 29478
23983 28961 27933
30620 26170 20992
34128 26391 34077
19291 25610 28098
25495 28515 26090
23453 33271 30939
25754 26421 28600
33805 33073 33730
29294 27889 21492
28884 24572 23902
27889 25526 27178
33738 22619 36703
25741 19915 28127
24470 25046 23868
30104 27761 29294
27202 25609 28360
33357 22619 36703
32405 33805 33073
20771 26304 25599
23588 29577 20432
35458 32994 30888
27061 33312 28760
30727 30915 34076
19368 19844 20177
32269 27502 28463
29697 19939 28428
19939 28428 27569
30503 29294 19455
33738 32070 33730
23958 26156 24599
31347 24497 29260
28360 30620 19939
24572 28428 23902
25266 24100 24908
26442 25770 23902
25197 24599 35107
23329 27487 31885
23897 29144 22777
31885 28979 27924
28787 31347 24497
37229 33312 25529
27761 29294 27889
25627 27075 27448
33805 28749 32070
26101 25197 35107
22379 28380 28966
26512 27810 27903
25673 25617 24908
33009 25755 24399
22619 18549 33730
30236 31659 31706
25568 24624 24455
14182 20587 28380
20314 24513 28057
25609 28360 26481
26447 21290 29525
24497 29260 34097
24791 23958 26156
28428 23902 27569
26516 28989 26526
37229 33073 25529
24525 27958 18693
35094 29246 28989
30915 34076 28749
30620 26481 20992
25101 25981 27790
27163 25495 20760
28532 24990 25383
24808 17318 23891
27163 25080 20760
28979 27217 19874
26376 35094 28989
27761 35345 27889
28941 24328 26376
30633 35470 22650
27545 23705 28860
29706 26674 30236
29873 29255 27490
22618 24120 25318
28018 23868 27236
24100 25678 24908
19624 26355 23946
26481 26479 20992
25656 33342 29697
35453 34081 25985
31515 24537 22683
25770 23902 20992
32852 25676 32379
29804 26664 18993
28979 27924 19874
21552 26304 27968
34079 32116 34128
29986 27061 23251
28772 23453 30939
28515 26090 34069
19575 29577 26526
29246 19575 28989
29804 18993 34060
25591 27529 34074
26376 26516 28989
30888 34074 34077
33357 36060 36703
26275 28035 25308
27229 33852 34712
21552 18889 27968
23151 19915 27812
24843 25046 28018
25382 26900 27841
14182 24318 26153
23981 22586 27812
33852 25784 34712
24808 23891 24074
29994 24537 29294
28977 24257 32146
26275 25308 28395
24843 25046 23983
24931 14182 20587
33738 22619 33730
18561 26479 35107
28749 33738 32070
24601 32116 28783
27545 23705 29577
25828 25741 19915
23329 31885 28979
16276 24931 20325
15138 29478 25383
25605 17318 18693
24328 26376 26516
28694 33357 36060
19455 24271 29804
28697 30727 30915
25046 23983 27933
30633 27418 22650
28236 24056 25224
23329 28979 27217
22683 26420 34060
26396 26588 32994
23588 26927 24056
24474 26746 25141
25944 19796 27236
33342 28772 23453
26435 25590 26063
24650 22683 29386
23149 28572 28995
22777 34388 28997
25848 21127 35470
25828 23151 19915
24879 25304 26191
31706 25086 33738
26516 26526 20432
26099 26085 24925
23897 24338 27264
34074 26391 34077
25568 24455 28236
29426 29487 35094
16276 21297 20325
24048 25141 27958
22871 20314 24513
26311 33524 30040
18889 27968 21127
15138 24990 25383
26405 29572 24074
28515 34069 34347
29525 23810 28035
24791 26156 24599
34388 27924 19874
28092 26446 25680
27067 29953 29501
23589 20097 23590
29168 28787 24494
27790 28772 24116
27545 23588 29577
26588 35458 32994
28787 28198 24494
25676 34733 26998
25627 28784 27448
28953 26435 29457
20097 28944 22379
34128 34074 26391
28860 29577 28532
30888 34128 34077
27217 26746 24048
19624 25741 19915
21022 24808 17318
27790 27202 26169
22777 29457 28997
32984 23329 27217
26900 20762 29144
28092 22000 29487
23897 21000 24338
23897 27264 22777
24601 25591 28783
29386 24131 34060
25680 24328 26516
27061 23251 24257
26378 23251 28977
29168 26894 24252
19843 27841 20762
28127 23946 19411
28097 15138 25656
24470 23868 24338
26085 16276 21297
29319 35096 31118
30104 27761 35345
25828 28600 23703
29804 24650 34060
30104 28571 35345
32381 24879 25304
21552 21294 20771
18993 26420 34060
23891 24074 26101
27229 33852 21290
28772 24116 30939
26664 18993 26420
30222 25107 29166
28953 27550 29457
23149 28572 26102
22195 16276 24931
28515 34347 28574
17927 25944 19796
25676 26998 25609
23705 28860 29577
28749 25086 33738
34201 38816 28626
27217 19874 24048
25609 18561 26481
23251 28977 24257
26396 29873 29255
31034 32341 35096
26373 22619 26311
37229 28626 33312
27550 22777 29457
25676 27202 25609
23333 25141 23958
24470 25046 27933
25318 24252 28367
23868 27236 27264
34733 26998 25322
26542 29335 24106
27810 27903 28097
27537 25627 28998
32017 24462 30633
28626 27061 33312
21022 24808 24074
32852 32984 32379
26900 21572 23897
26299 35470 22650
38816 32405 33073
29478 25383 26441
32405 33805 28749
22683 29386 34060
27229 19460 27810
18561 24599 35107
25828 23703 23151
29294 19455 21492
34081 26275 28035
21572 23897 21000
32984 32379 27217
26900 23897 29144
25495 20760 19732
24650 24131 34060
29168 24494 26894
23149 19830 28995
25717 32269 27502
24497 30222 34097
30104 24537 29294
19575 23962 25316
25944 27236 34388
27067 28776 29501
26169 31191 19939
25599 21127 35470
23589 20314 20097
35345 27889 27178
29260 34097 33677
21552 24142 21294
27163 28018 19796
27068 29987 29873
32994 28574 32146
29987 26396 26588
25590 29457 26063
32852 25981 25676
18889 21127 26684
34712 26512 27810
30657 28127 24809
25609 25322 18561
25744 28098 21238
27903 25656 33342
25613 28235 27421
19411 14182 24318
27236 22777 34388
25308 20760 24601
26405 25383 29572
25107 25070 23143
28732 33009 25755
28941 25680 24328
27648 25105 19843
33342 27063 29697
26447 29525 23810
25848 30633 35470
21294 20771 25599
29478 26441 29697
19167 26085 16276
27903 28097 25656
23588 24056 25224
26446 28941 25680
28571 35345 27178
24048 27958 18693
28784 27448 26756
21187 29168 24252
30657 24809 23788
23962 15138 24990
23842 25755 24399
27236 27264 22777
29166 24470 30516
32341 35096 31118
25383 26441 26442
26396 29255 24961
24474 23333 25141
26374 23842 28385
24462 25848 30633
32116 28783 34074
19051 29168 28787
19915 28127 23946
31347 29260 34599
21000 24338 26153
19368 20177 22871
22463 25678 19167
20762 29144 27550
25107 22831 23143
25266 27419 24908
24048 18693 26063
28697 37075 30915
25744 19291 28098
26396 24961 32994
29255 24961 33312
19051 29035 32486
21000 26153 28966
26442 25770 35107
25322 31359 24791
20314 28057 20097
25656 29478 29697
19051 32486 34599
19624 19915 23946
22871 24513 28057
26674 28694 36060
20820 23981 22586
25383 29572 26442
34388 28997 19874
24879 26191 28092
27933 26664 26420
22463 25678 26099
19575 29577 24990
27903 33342 28772
30222 29166 27847
20820 25741 27812
27810 28097 25316
32852 32984 25985
27847 24537 28693
25266 24100 27419
32994 34079 28574
29335 24106 26295
29035 32486 34201
29494 25568 28236
20820 28732 23981
26992 27883 27529
25717 20758 14705
21238 25512 26589
19732 24601 32116
24257 32146 28760
34599 26378 30342
14182 26153 28966
29255 33312 25529
29457 28997 19874
32116 34128 34074
34081 26275 23329
19874 24048 26063
14182 28380 28966
24606 30657 28127
27229 34712 27810
30222 30104 27847
25027 25107 22831
24537 28693 22683
27933 30516 26420
25141 23958 24599
37075 33751 30915
24116 33676 30939
25676 32379 34733
25828 19624 25741
24271 24650 22683
25105 28228 28953
25382 19843 27841
30104 27847 24537
25902 25717 25085
24474 23333 26182
25902 25717 27502
25754 25828 28600
25141 27958 24599
24791 18561 24599
28572 26102 25744
32379 34733 26811
27163 25080 19796
27490 26311 30040
19167 22195 16276
19575 23962 24990
28732 23981 27812
32486 34599 29986
32341 24565 26398
26442 24074 26101
23810 26588 35458
26435 24144 25224
31515 19455 22683
27202 26169 28360
23810 28035 26992
24116 31191 33676
29987 26396 29873
30222 34097 30104
22195 26355 24931
34079 30888 34128
26169 28360 19939
19051 28787 31347
25599 35470 29002
23790 19720 19843
28693 22683 26420
25070 24470 24338
23842 25848 24399
32994 34079 30888
24470 27933 30516
28977 28574 32146
25322 24791 18561
32381 26374 23842
27648 19843 28228
27537 28998 26756
28572 28995 25744
20760 19732 24601
21187 24120 25318
21127 26684 26373
27847 30516 26420
29002 27490 26311
29260 33677 28571
19455 24271 22683
26674 30236 31706
29987 23810 26588
33751 30915 32405
27448 26756 29486
34201 24565 26398
25848 25599 24399
34081 32984 23329
27448 24606 28127
26435 18693 26063
27068 29873 27490
25902 25085 27502
25981 27790 27202
25080 17927 19796
34733 26811 25322
26442 26101 35107
26299 35470 29002
29260 34599 30342
32381 24879 23842
19460 27810 25316
28732 28385 25755
22387 23149 19830
25605 26435 18693
31191 33676 19939
20762 28228 27550
24961 33312 28760
24100 21982 27419
30915 32405 28749
30727 30236 34076
25308 28395 27487
24725 25754 19624
29335 26295 26421
21499 28532 25383
23588 21499 25224
19051 21187 29168
25610 25680 26516
20177 22871 20314
18756 24431 26447
24431 26447 23810
27847 28693 26420
18889 28694 26684
29319 26848 31118
21187 25318 24252
34081 32984 25985
25382 28057 22379
26756 29486 25318
26674 36060 32071
28515 25526 27178
26674 31706 32071
19455 21492 29804
27063 33676 29697
23946 19411 14182
21499 24144 25224
21499 26405 25383
28953 28236 25224
25101 27790 28772
28057 20097 22379
26589 20432 26927
28953 26435 25224
27229 19460 29246
20758 14705 24142
28732 23151 27812
32017 24462 25848
27419 19624 26355
25981 25676 27202
28035 25308 25591
25605 26435 24144
25944 28790 34388
34097 33677 28571
32381 26374 28385
25605 21022 24144
19844 23589 20314
27490 25529 30040
29246 19575 25316
29457 19874 26063
28776 31034 37075
32341 26398 31118
34712 35453 34081
29166 27847 30516
22387 19830 23790
25784 34712 34081
27648 25105 28228
19051 31347 34599
28198 24606 31888
28995 25512 29494
24725 25754 25828
25308 24601 25591
34712 26512 35453
26378 30342 28977
17927 25944 28790
26756 22618 25318
26099 19167 26085
29002 26373 26311
19843 20762 28228
26512 25101 27903
14705 29407 21294
25599 21127 26373
22871 25382 28057
25085 27067 29953
22463 26099 19167
27178 28977 28574
25613 25678 26099
23790 22871 19720
26355 24931 23946
19844 20177 20314
21572 21000 28966
29706 30727 30236
25382 26900 22379
24431 27068 29987
27419 22195 26355
26992 25591 27529
27448 25741 28127
24725 25828 19624
26512 35453 25101
26299 27418 22650
26299 18756 26447
33676 29697 19939
29255 27490 25529
32379 27217 26746
26542 29548 28235
21982 25678 22195
26542 24106 26295
19460 29246 25316
24431 29987 23810
27448 29486 24606
26811 24474 26746
34097 30104 28571
25304 19291 23703
28776 29501 30727
28776 28697 37075
28732 23703 23151
30719 22618 24120
27537 28463 22618
29548 26295 26421
24879 30633 27269
30342 27178 28977
28732 23703 28385
25788 24338 26153
25617 25754 26421
29407 20820 28732
25744 19291 23703
29260 28571 30342
28515 27178 28574
32381 25304 28385
21572 22379 28966
21022 26405 24074
34201 38816 32405
17927 27487 28790
24931 23946 14182
37075 34201 24565
29953 29501 26674
25678 19167 22195
28776 28697 30727
29486 24606 31888
24879 27269 22000
20758 21552 24142
29335 25617 26421
29407 28732 33009
25599 29002 26373
21187 29319 26848
33852 25784 34081
32994 32146 28760
26099 23589 24925
29035 34201 26398
26900 21572 22379
26811 25322 31359
26542 29548 26295
21499 21022 24144
24961 32994 28760
28035 26992 25591
25304 23703 28385
27537 26756 22618
25613 25673 24908
31034 32341 37075
32017 23842 25848
14705 24142 21294
29548 28235 26102
25080 17927 25308
24879 28092 22000
28235 26102 27421
34201 33751 32405
28571 30342 27178
32341 37075 24565
30657 22831 23788
32379 26811 26746
23143 25788 24338
20758 26229 21552
27068 29002 27490
25101 27903 28772
28995 21238 25512
22387 23149 26102
37075 34201 33751
29548 26102 26421
25717 20758 26229
34201 28626 27061
29407 21294 33009
25610 28098 26516
25070 23143 24338
27448 20820 25741
28995 25744 21238
21499 21022 26405
32937 28776 31034
19720 25382 19843
28098 21238 26589
21492 28515 25526
25613 25678 24908
21982 27419 22195
32017 24879 30633
25599 33009 24399
27229 35094 29246
28198 25027 25107
25613 19844 27421
25717 25085 26229
21187 24120 29319
27502 26244 32937
29486 25318 28367
26447 29426 35094
32017 24879 23842
30657 25027 22831
19830 28995 29494
29525 34081 28035
25613 25673 28235
28198 24606 25027
30719 29319 35096
22387 19844 27421
25617 24908 25754
32937 30719 31034
24494 31888 26894
34201 29986 27061
29486 26894 28367
29501 29706 26674
28463 30719 22618
25673 25617 28235
25085 27502 26244
25744 28600 23703
26447 21290 35094
28198 24494 31888
25105 28953 28236
27067 32937 28776
22000 29426 29487
27502 32937 30719
22871 19720 25382
25085 26229 29953
29501 29706 30727
32486 34201 29986
22387 19368 19844
21492 29804 26664
26299 18756 24431
19051 21187 29035
30719 24120 29319
17927 25308 27487
27418 22000 29426
26421 25744 28600
24497 30222 25107
25105 29494 28236
28787 24497 25107
26811 24474 26182
26099 19844 23589
28787 28198 25107
29486 31888 26894
26811 31359 26182
25085 26244 32937
21294 25599 33009
27502 28463 30719
26299 27068 29002
24606 30657 25027
27075 14705 29407
28961 21492 28515
25613 26099 19844
27229 21290 35094
33852 21290 29525
22387 26102 27421
33852 29525 34081
26102 26421 25744
26542 29335 28235
23790 25105 19843
26589 26516 20432
30719 31034 35096
26447 27418 29426
29335 25617 28235
21187 29035 26848
21492 27933 26664
27419 25754 19624
18889 26674 28694
26299 26447 27418
32269 27537 28463
28961 21492 27933
27448 29407 20820
26299 24431 27068
26229 18889 26674
28098 26589 26516
27075 27448 29407
27419 24908 25754
26398 26848 31118
25085 27067 32937
19830 23790 25105
25717 32269 14705
22387 23790 22871
26229 29953 26674
22387 19368 22871
29035 26398 26848
32269 25627 27075
32269 27537 25627
19830 25105 29494
32269 27075 14705
