35101 6735 11060
90955 2809 2098
731 4596 94145
5188 92038 91775
861 2814 3598
2485 9034 1914
3942 7653 3958
91493 1434 912
835 2617 3834
1207 10716 2272
2871 6940 11075
852 84307 85341
7626 11799 10157
7653 3958 91406
5817 1136 30
94066 91695 92219
2315 94345 9312
94345 9312 1353
900 6025 2807
938 2871 6940
92590 8955 1535
89569 91695 84812
6901 3698 3061
90346 4426 5472
11555 2817 3231
3557 615 978
4538 90588 84504
6901 5810 3698
9532 2731 10722
6908 4888 3899
225 538 93414
536 2948 8213
5771 3631 2591
133 2279 5377
8940 91695 92219
85198 93395 3863
4494 4140 92016
759 1374 90476
2516 2871 1579
776 3104 94477
1641 7653 91406
2871 1579 11075
93725 2731 92169
3104 94477 94348
208 4370 219
5054 1190 195
89046 538 90772
6563 4446 5452
11388 2648 16655
94066 89569 91695
88 92124 89747
221 5784 1544
3392 10161 495
2926 5738 4722
4983 835 2617
2919 2926 4722
94364 9797 3559
93730 2510 2315
7519 253 9723
8268 454 11608
10161 495 3716
5597 2558 9364
5357 10457 4446
5810 3698 3061
85198 3863 90151
901 92016 3564
1639 91489 5691
2146 91551 1616
895 94372 2547
8940 91695 84812
9312 10180 802
89772 2176 94159
92008 2484 11435
92289 10718 10914
90351 5784 1544
7260 3663 93725
6408 10893 10157
5598 7200 1663
9312 1353 802
8940 815 84812
91919 93858 4487
912 10718 93707
91495 4802 2890
4446 5418 5452
815 84812 2475
4691 4450 729
1779 5153 9486
93715 8934 974
88954 92906 4479
7495 93858 4487
7265 11140 3586
7660 2779 1313
92037 92840 753
2731 92169 10722
2933 88816 6608
2516 938 2871
6098 93730 2510
5809 3878 93757
94597 5809 3878
94364 9797 5793
10893 11799 10157
84824 5299 91373
6901 3061 4876
84876 3942 3958
3631 2591 5267
2750 93612 1141
92906 93881 4479
538 90772 1520
450 5300 3934
3345 92163 3932
5444 92528 93498
5582 9671 3074
8268 11608 540
3663 93725 92169
91551 1616 2767
2106 1345 89709
90075 88502 2200
89610 90604 1655
2767 5818 1836
5759 94102 89569
852 5455 85341
2547 91084 3091
938 8242 3478
93265 2484 11435
2315 2112 9312
3345 1676 3932
10180 4119 802
47 93565 8395
84307 87245 2209
5383 11388 16655
5759 94066 89569
5771 3631 5267
4449 6145 94145
91493 912 10718
178 3345 1676
895 2547 3091
91493 7908 10718
3933 2997 914
1616 2767 1836
5671 8603 2975
3249 6408 10157
93717 91078 11198
2526 1591 89046
2533 380 9723
93730 2315 2112
873 1313 4488
94345 1353 802
3253 91495 4802
84307 85341 2209
5299 91373 89699
90346 5472 3862
3934 92505 4494
1535 4366 5830
2567 253 9723
3249 7626 10157
1579 11075 3744
3851 5603 2591
3958 91406 93886
11835 11555 2817
92505 4494 92016
84327 8201 1544
7495 93858 4140
3851 5771 2591
11797 8201 90177
852 5455 84307
5727 89352 92491
450 3722 5300
2203 1641 91406
11198 1639 5691
2165 6408 10893
3570 5198 9135
853 3868 5905
91240 672 92163
195 5560 6608
88816 92169 10722
9894 4404 8815
5413 2595 5378
1483 1148 5533
2779 91489 4488
5811 6563 5452
92988 5333 92053
93883 5727 89352
93883 89352 89355
88908 1344 93133
6689 84327 1645
88 9324 89747
91758 90540 90942
2371 6693 974
84327 8201 90177
94102 89569 84812
6901 4876 1663
3247 5413 9618
2919 2926 5738
4426 2780 5472
91210 94416 90401
2779 1313 4488
84812 90646 93736
1207 2272 90931
2272 93463 90931
5117 1966 5460
402 2482 93850
94349 980 1843
88 304 92124
92124 89747 92528
92590 8955 6330
10457 4446 5418
92875 11198 5691
2840 11040 980
91188 89731 92090
1779 1637 9486
1374 90476 536
1779 2591 5267
313 986 4073
2839 8809 9865
90961 2326 93262
91493 7908 8570
4552 93706 5639
90955 2098 7652
402 93850 2721
2583 1936 1637
1779 2591 1637
873 1313 4489
165 1779 5267
93283 7260 93725
4449 2890 6145
8117 7001 3877
2567 10205 2762
4449 9532 10722
93265 2484 797
4122 5143 90693
7908 10718 10914
11411 495 3716
4122 93736 90693
94477 93735 92570
2516 938 8242
1207 2083 90931
5400 4538 84504
2371 974 93283
92086 3767 89081
90476 536 8213
815 88998 2475
88908 1949 1344
94416 90401 91944
3088 4359 2760
2203 5732 93886
93074 1554 6689
94469 900 2807
672 92037 5444
6908 3823 3899
491 3543 10107
5054 195 5560
92038 91775 88334
94416 2198 91944
5811 9637 94384
304 2901 92124
92096 226 3499
1345 89709 84825
3296 3413 941
92053 3607 4512
92374 5810 3061
2198 90075 88502
3253 91495 8205
8940 815 92219
92289 10914 313
2948 8213 90812
10660 4530 10387
380 9723 9388
2326 5791 93262
92374 93706 5810
5188 92038 88334
2485 9034 3804
2567 9723 9388
10161 3716 2485
2517 3227 8603
895 8809 3091
9034 1914 3804
7919 491 3543
3722 91919 93858
7367 88983 94138
2840 1366 980
6693 93715 974
4494 93858 4140
2371 6693 93715
2101 93883 89355
93468 5017 3873
94469 92008 2484
2585 6519 5054
769 5440 2423
7367 4983 88983
2817 3478 3231
912 93707 9865
3088 4359 90108
210 7113 646
1936 1637 9486
3500 3300 5900
2216 3895 11423
901 3564 196
92499 9644 10660
5597 10000 9364
1091 2745 6424
8955 1535 4366
5868 92906 93881
4983 2617 88983
91595 2585 3370
3834 5448 1066
4449 4596 94145
672 3936 5444
93551 540 9121
10028 7975 900
731 6145 94145
5732 93886 5153
2165 3249 6408
4530 10387 2728
93672 1298 2556
2101 93883 5727
92627 3404 4484
91595 2585 5054
8955 4366 1504
84876 3942 7653
91448 1076 3878
4970 3851 5771
94353 93388 87717
2482 3881 1411
4643 9644 10660
5383 1096 16655
92881 1442 1487
3663 88816 92169
1442 2921 3500
5455 84307 87245
3191 2533 380
7495 4487 4140
3722 5300 93858
89941 89699 90406
5017 3873 89253
3564 196 666
92570 88998 84312
4454 88912 4406
8268 454 4283
2216 11114 11423
6025 2807 11435
90812 2101 196
2829 3873 89253
8797 6908 3823
538 3202 1520
91841 500 92096
1676 3932 2506
5281 1634 92254
2872 1918 4176
7366 3249 7626
4478 94353 93388
5357 10457 5418
1655 281 93735
93283 93725 2731
2203 91406 93886
2088 93551 6871
10180 4119 978
84830 283 4757
2483 90961 91423
1591 89046 538
3423 1966 5460
92096 4122 3499
3823 9776 90494
94102 84812 90646
4119 802 978
2482 93850 3881
5294 465 90640
90401 91944 88954
92570 94348 84312
2550 10477 3815
1377 5299 89941
92124 5444 92528
11608 540 9121
2840 11040 1366
8257 3570 9135
3933 914 2942
10243 4881 1551
3869 93850 5791
6489 5355 9086
2750 1141 1459
2585 3370 6519
2567 9388 2762
7366 3653 7626
1190 91495 195
2750 92873 1459
3462 4876 1663
6689 84327 1544
731 3777 4596
8570 9053 2728
9233 91127 88502
4450 729 91084
90812 901 196
2933 5560 6608
90059 1520 3404
8797 91015 3823
91083 91423 90199
6871 4980 10060
6237 4071 3588
3296 941 90732
759 2627 15514
1645 3594 94372
90075 91188 2200
1579 5418 3744
5198 11411 3716
3813 6901 5598
89610 92840 1655
84825 1313 4489
7908 8570 10914
2479 196 666
94477 92570 94348
5533 2279 5377
861 2814 2872
5413 9618 2574
3878 93253 93757
11040 1366 4231
6901 5598 1663
91127 84824 91373
1655 94477 93735
89352 89355 92491
3370 6519 3943
90772 92906 4479
89138 88 9324
91083 1377 90199
4370 219 402
91283 90346 2072
11835 2817 3231
92875 5691 92491
8268 93551 540
2670 92499 9644
178 5721 3345
7340 2761 2423
92499 10660 4530
3370 3943 5519
2479 92491 666
1843 2550 10477
89747 1568 92528
5609 5853 1944
6519 3943 5519
8795 2165 3249
4006 2890 6145
3824 22 92390
3244 5561 4186
92008 2807 11435
2498 2782 11799
488 9593 2503
4186 3744 133
2558 3804 9364
1091 4313 10673
2670 92499 1457
4274 85198 90151
31 91758 90540
92016 3564 666
90035 92570 88998
5421 9064 4245
1457 9053 93565
5299 89941 89699
8201 90351 1544
93881 4479 89731
91204 221 1544
9776 90494 2648
92988 92053 4512
1442 2921 1487
8809 91084 3091
3557 3491 978
91240 92163 3932
90108 94364 5793
1675 7364 7657
5759 11 94066
5300 3934 93858
9593 5383 1096
93388 87717 92981
3814 646 90942
10429 9342 10000
90604 776 1655
219 402 2482
93253 225 93414
9797 3559 731
283 4757 93672
6424 4083 3247
91240 672 92037
3557 615 3491
1457 93565 8395
92875 5727 92491
9324 89747 1568
10205 1286 2762
5188 88334 90961
802 615 978
9637 94384 1483
3392 11411 495
1520 3404 4484
1632 1918 2307
5833 488 9593
5421 4245 11817
2101 196 89355
2750 93612 92873
5873 89629 2933
89046 90772 92906
5811 94384 5452
9593 5383 11388
912 2839 9865
3823 3899 7366
2209 2831 5759
7200 3462 1663
92498 4691 4450
91493 1434 8570
91489 5691 4488
91944 88954 92906
7364 2216 11114
454 11608 92881
3823 90494 7366
94469 92008 2807
94384 1483 1148
8345 10107 92306
90961 2326 5791
91775 3869 5791
776 1655 94477
4406 93717 91078
84310 221 5784
3824 84310 92390
9233 2198 88502
4369 92007 178
93133 89941 90406
93016 5789 11422
4369 8934 974
3899 8795 3249
5573 10796 1629
4404 8815 2997
4691 729 986
3899 7366 3249
5793 3244 5561
3413 941 3533
394 89138 9324
89291 1298 2556
3934 4494 93858
11797 8201 90351
1676 89629 2506
11206 4138 1287
10230 35101 6735
2556 666 90627
90741 2371 93283
5198 9135 11411
5061 5612 1984
988 2814 3598
2316 5759 11
90494 2648 16655
5811 9637 1483
11114 6982 5110
92505 901 92016
7340 769 2423
90640 4274 85198
90494 7366 16655
4006 731 6145
4478 7113 94353
3653 7626 11799
6519 5054 1190
2634 90741 2371
941 3533 3367
91788 89878 91210
4757 92627 93672
84825 88954 4489
11196 7042 4765
8196 4426 2780
815 88998 92219
10003 2485 1914
91495 195 2890
5817 1136 1936
10716 4420 2272
9324 1568 11
92086 3767 397
93074 1554 91204
210 646 90942
2106 89878 91210
84830 4757 92627
91595 4245 11817
92491 90588 84504
84830 90059 3404
84824 90123 5299
941 90732 4073
88912 89161 4406
89772 94159 5060
7657 5738 1984
3206 1551 165
2547 4450 91084
8268 93551 6930
93706 5810 47
7367 4983 835
88334 90961 5791
8268 4283 6930
92053 3607 1554
6871 4980 6930
9619 3191 2533
5400 89291 4538
3191 380 9388
2567 253 10205
1914 9342 3804
84830 92627 3404
92873 92715 1459
2533 1096 9723
1639 2779 91489
1675 7364 11114
1469 11040 4231
5061 7265 5612
5573 11196 7042
9619 3191 4688
2526 89046 92906
1408 759 2627
4552 93706 5355
93551 6871 6930
2595 5378 5696
3869 93850 3717
91595 4245 5054
92590 1535 7591
91423 90199 90774
10205 7266 1286
1377 90123 5299
92374 93706 5355
93468 91551 3873
88816 6608 10722
5900 1836 2733
94102 90646 93736
10223 11196 5671
92124 3936 5444
4888 3899 8795
93074 6689 91204
7200 4675 3462
94384 5452 1148
5732 5153 9486
8017 10303 1396
1408 759 1374
5639 1457 8395
90059 3202 1520
93463 91758 90942
5400 89291 2556
5418 5452 3744
4313 10673 1251
2901 92124 3936
94159 727 90427
2206 5573 10796
9388 2762 4691
7265 11140 5612
5582 8605 3074
94102 4122 3499
84310 92390 1233
5421 235 9064
5818 1836 2733
4669 10003 5198
2106 91210 89709
4756 900 6025
93850 1141 1459
2829 89253 3717
8570 9053 93565
10718 93707 729
1451 89772 2176
91210 89709 84825
2429 5831 3314
2088 93551 9121
5357 1579 5418
895 94372 8809
5400 84504 2556
5691 4488 92491
92627 93672 1298
4538 92491 90588
8570 2728 10914
5460 11206 4138
5793 3244 4006
90199 90420 90774
11206 5796 1287
89629 2933 88816
941 3367 4073
9607 8798 1675
870 2516 5357
500 91127 84824
91448 1076 3494
6237 1755 8257
90604 776 3104
5669 5817 30
3392 11411 9521
9053 4530 2728
4283 6930 94328
4881 4970 3851
10028 4756 900
92374 3061 5355
2479 196 92491
1676 89629 3663
91778 1344 93133
93717 92875 11198
5796 1287 7404
91595 11817 3370
89353 4706 873
5771 165 5267
91775 88334 5791
92499 1457 9053
11462 4552 5639
7113 646 450
88998 92219 84312
4283 437 94328
92289 10718 729
1366 4454 980
7660 84825 1313
3777 9532 4596
9894 8815 2997
8605 3074 10004
208 4370 5732
10000 3804 9364
196 89355 92491
87717 84830 283
87245 22 91931
2728 10914 313
88912 89161 4286
5873 7612 2933
2872 4176 3592
94353 87717 91919
980 1843 2550
2516 5357 1579
89161 4406 3014
4176 3592 2917
262 92715 2721
3370 5519 5687
797 11797 90351
5791 2478 93262
2206 5573 10223
92981 92588 94308
4669 5198 6433
797 11797 2809
90741 3559 1835
1148 5533 5377
2203 1641 93775
4359 90108 94364
1591 225 538
1076 3878 225
92037 5444 92840
3247 5413 5378
2921 3500 5900
5853 4230 6672
4449 9532 4596
90427 92505 901
7113 450 3722
84317 2839 8809
4370 402 2721
2516 5696 8242
2069 450 3934
5818 1136 30
3862 5809 92254
2209 2831 91931
974 93283 7260
93881 89731 92090
92590 6330 7591
93850 2721 1459
87245 2209 91931
1451 2176 94159
9086 2558 3804
94597 91448 3878
1345 7660 84825
90961 91423 93262
5789 3597 11422
4454 4406 93717
2485 6489 3804
93672 2556 90627
2483 92004 2102
10230 3570 5198
7340 2761 769
93706 47 8395
92838 1233 1345
1620 5687 10297
84812 93736 90693
2069 646 450
89772 2704 5060
1632 1918 4176
2483 91083 91423
6452 8795 2165
92007 178 9386
8570 47 93565
870 2516 5696
1944 9894 4404
1755 8257 11835
94102 4122 93736
89353 873 4488
488 5700 4643
1568 92528 93498
6237 1755 3588
90177 94372 2547
1620 2817 10297
4420 4786 2272
3061 4876 5355
91210 90401 84825
94159 5060 90427
94597 5809 92254
91015 3823 9776
472 2844 5905
90346 3862 1888
11797 2809 2098
261 5733 5117
3767 89081 92588
906 4677 5821
92981 94308 3202
2517 7591 5421
8605 94469 10004
10483 2498 6948
3814 2069 646
2574 3462 9086
10796 1629 9599
5188 2483 92004
729 313 986
2368 94597 91448
10003 1914 9342
93463 3814 90942
6689 91204 1544
6672 6098 93730
1551 5771 165
2146 1616 1836
88908 93133 90406
91788 91210 94416
93612 92873 92715
8213 92875 90812
10171 5811 1483
90401 84825 88954
208 92394 219
4006 4802 2890
89610 5444 93498
90234 474 6084
11196 5671 4765
219 2482 1411
89161 92838 3014
235 9064 5873
4881 4970 1551
6489 9086 3804
88954 4479 4489
2762 4691 986
9521 3478 3231
769 988 2795
3878 93253 225
9121 3851 5603
1148 133 5377
93706 5639 8395
91788 92096 226
500 91079 84824
93262 5143 90693
5603 2591 1637
93612 1141 3717
870 8813 5357
10483 6948 11799
870 5378 5696
2517 7591 8603
861 2872 1918
4669 10003 9342
5188 2483 90961
92875 2101 5727
85341 2209 5759
4980 6930 10060
382 7924 2775
4970 1551 5771
90346 2072 1888
366 91283 90346
4479 4484 4489
4756 2498 2782
214 89699 90406
10483 10893 11799
474 6084 3413
5573 10223 11196
91944 92906 4479
93707 729 9865
3834 5448 9386
170 2083 5060
9342 10000 3804
1483 5533 2279
2844 93468 91551
4786 2272 93463
87717 283 91919
4786 93463 91758
5117 5460 4138
7919 5835 491
1703 5603 1637
92715 2721 1459
10673 921 1251
3592 31 4786
11114 11423 5110
92289 729 313
91015 7701 9776
9593 1096 9723
672 3345 92163
2106 92838 1345
91778 94308 5868
3559 1835 3777
2316 9324 11
3227 8603 11462
2844 5905 2146
2844 2146 91551
4449 2890 10722
1568 11 94066
2198 91944 89731
5503 394 89138
9797 5793 731
769 5440 988
7367 4662 94138
89610 5444 92840
2498 6948 11799
9671 3074 10004
8707 10004 2498
11075 3744 3253
4140 92016 666
92498 7652 4450
4071 35101 11060
8707 10483 2498
87717 92981 84830
11198 1639 2779
31 4786 91758
9618 2574 3462
10161 2485 6489
94353 3722 91919
92588 397 88908
10028 7975 10004
84812 2475 90693
90604 3104 94348
6237 4071 35101
2595 8117 5696
84504 2556 666
90151 93253 93757
91551 2767 3873
93388 92981 6272
1190 91495 8205
7975 900 10004
1641 91240 7653
3559 731 3777
92499 9053 4530
3824 22 84310
91423 90774 5143
3206 165 1779
92875 90812 2101
3767 92588 397
5519 5687 10297
91188 2200 92090
89629 3663 88816
3191 4688 90955
4756 10004 2498
1233 7660 2779
5833 488 5700
89138 88 304
4841 3716 2485
92981 6272 1949
1287 7404 6452
7591 5671 8603
853 2769 5905
9671 8707 10004
8257 11835 11555
92988 4512 5145
5582 8605 9671
91127 91373 88502
3607 4512 5145
1933 5669 2829
90035 1411 88998
5472 3862 5281
92004 3494 1591
89610 90604 94348
94469 900 10004
4841 5198 3716
5609 5853 1396
2831 5759 94102
10171 133 2279
5294 90640 274
1337 5688 437
7113 94353 3722
1936 262 92715
4140 666 90627
3247 9618 3462
2106 92838 91931
5793 4006 731
89161 92838 4286
90772 1520 4484
178 1676 3663
8017 5609 1396
1411 88998 2475
5212 9619 4688
1931 4366 5830
283 91919 4487
93283 9532 2731
3592 2917 31
93850 1141 3717
5817 1936 92715
2483 2102 91083
84327 1645 90177
91078 11198 2779
91788 91841 92096
90420 90774 5143
8632 4552 5355
92588 94308 5868
11608 92881 9121
9602 11144 4640
3423 5117 1966
2745 6424 3247
281 93735 92570
3300 5900 1836
2574 9086 2558
538 93414 3202
797 4286 90351
3862 5281 92254
10230 5198 6433
3653 2782 11799
4841 10003 2485
1411 2478 2475
92086 89081 397
2526 5868 92906
92491 84504 666
4640 2533 1096
5671 4765 2975
4841 10003 5198
10028 4756 10004
7351 1287 6452
4669 10429 10000
8117 3877 5696
1233 1345 7660
5612 1984 906
1233 91078 2779
92588 88908 1949
10180 4261 3491
5503 89138 304
1835 3777 9532
7366 1096 16655
5448 1066 9386
10223 7591 5671
2102 2526 1591
3191 90955 7652
7366 3653 1096
3191 92498 4691
10171 5811 6563
7919 3543 10107
90772 4479 4484
10796 11191 11179
4406 92838 3014
7404 6452 2165
7519 6084 253
2948 727 90812
3191 9388 4691
93468 2780 5017
2503 90234 7519
5853 1944 6672
6519 1190 8205
89610 93498 94348
4669 10429 9342
208 2203 5732
253 10205 7266
759 90476 15514
91373 89699 2200
214 89699 92090
7652 2547 4450
92981 92588 1949
2831 226 3499
8605 1469 94469
10180 3491 978
6871 10243 4881
1535 7591 5830
91079 84824 90123
3296 10387 90732
2769 5905 2146
92981 84830 90059
4706 89291 1298
9233 94416 2198
91373 88502 2200
94159 2948 727
210 90540 90942
91944 4479 89731
94349 980 93717
89081 397 88908
921 6563 4446
91778 1949 1344
2767 2829 3873
2206 10796 10223
2634 2371 93715
2203 92394 93775
5503 92988 5333
5835 2343 10981
2831 94102 3499
2583 1703 1637
91423 93262 5143
92981 90059 3202
11206 1944 5796
6519 5519 8205
488 2503 90234
1641 93775 92037
6930 94328 10060
5413 2595 2574
500 92096 4122
2670 5639 1457
3367 986 4073
22 92838 91931
92627 1298 4484
1066 9386 5721
88912 2484 4286
3191 92498 7652
1641 91240 92037
2198 90075 91188
90234 7519 6084
4083 3247 5378
5669 93612 3717
4677 5821 1442
3247 4675 3462
11797 2098 90177
5669 2829 3717
92588 5868 93881
2198 91188 89731
91240 3932 2506
8242 3478 3231
1645 90177 94372
1568 94066 92219
1504 94328 10060
6871 10243 10060
89081 214 92090
4640 3653 2782
4662 94138 5145
10387 2728 90732
9064 4245 5054
5833 5700 4643
472 2307 8196
4876 5355 9086
2817 3478 10297
3478 3231 5687
4706 873 1298
2921 2733 1703
90741 1835 9532
9233 500 91127
2921 5900 2733
8603 2975 11462
93850 5791 3881
8257 9135 11555
8809 729 91084
4359 2760 2634
2634 93715 1672
5561 4186 133
5833 9593 11388
4369 7260 3663
2728 313 4073
2102 2526 91778
90234 3296 10387
7591 5421 5830
2510 11040 3933
9521 11555 3231
2478 93262 90693
4261 615 3491
3895 11423 4888
2098 90177 7652
1366 4454 88912
9064 5873 7612
4366 1504 10060
4369 974 7260
178 9386 5721
94348 92219 84312
87245 22 91204
90741 93283 9532
88983 94138 84317
89353 4538 4488
8809 729 9865
7364 2216 3895
93165 92053 1554
94349 1843 93717
208 2203 92394
92838 92390 1233
2146 3300 1836
6084 253 7266
93165 1554 91204
91079 90123 90420
2814 2872 3592
4640 3653 1096
6098 2510 3933
6272 91778 1949
988 2814 3896
5212 4688 90955
454 92881 1442
2478 2475 90693
3594 94372 8809
93414 94308 3202
90427 90812 901
2088 6871 3851
2745 3247 4675
2780 5017 94604
90234 3296 3413
1286 2762 986
2733 2583 1703
3462 4876 9086
92840 753 1655
94364 90741 3559
93165 5333 92053
1675 7657 1984
2728 90732 4073
22 84310 221
4454 980 93717
10243 10060 1551
797 90955 2809
88908 214 90406
8605 9671 8707
9312 10180 4261
3862 1888 5809
9521 3478 5687
4487 4140 90627
93463 3814 90931
5440 2423 5789
4186 3744 3253
3487 2745 4675
3494 1591 225
1251 10171 6563
90476 8213 10477
89699 2200 92090
2112 9312 4261
91283 2072 1888
2817 3231 5687
5017 94604 1634
92881 1487 9121
6084 3413 3533
1434 912 9386
8117 7001 6433
7042 4765 5833
6272 91778 94308
94364 2634 90741
8213 10477 92875
1554 6689 1645
5835 491 10981
4071 11060 7261
2484 797 4286
3814 90931 2069
8955 1504 94328
912 84317 2839
10796 11191 9599
1076 3494 225
22 91204 221
1337 5688 11191
195 2890 6608
2137 91788 91841
2733 2583 1936
11817 8632 4552
10171 1483 2279
727 90427 90812
5472 5281 1634
2088 9121 3851
2137 9233 91841
394 2316 9324
2670 4643 9644
89253 3869 3717
2429 3314 5212
84876 7653 89629
4369 178 3663
5421 5830 235
5873 8214 89629
465 31 90540
90234 474 3413
5455 93165 87245
465 90640 90540
3881 1411 2478
921 1251 6563
3244 4006 4802
2429 5212 9619
89081 88908 214
283 4487 93672
2627 2112 15514
488 4643 10660
4370 262 2721
11462 2670 5639
3815 802 615
5294 2917 274
1620 2817 5687
769 8798 2795
7404 2165 10893
93395 1888 3863
92004 2102 1591
7042 7701 9776
5817 93612 92715
2503 7519 9723
4359 94364 2634
1366 4231 2484
93498 94348 92219
2921 1487 1703
274 85198 93395
9064 7612 2933
3088 3487 2745
92306 2627 2112
2137 91788 9233
92588 93881 92090
9593 2503 9723
89081 92588 92090
2919 1337 437
9607 5061 1675
4538 4488 92491
5455 85341 5759
2102 91083 91778
5821 1442 3500
3244 3253 4802
4369 8934 1434
5440 988 3896
5098 5873 8214
2697 790 10155
5060 90427 92505
91083 1377 91778
4083 870 5378
10230 7001 6433
94138 5145 84317
1377 90123 90199
2761 7923 769
90234 10660 10387
22 92838 92390
5669 5817 93612
2368 91448 92254
5503 304 2901
7266 1286 3367
91775 89253 3869
5017 1634 89253
5818 2733 1136
1568 93498 92219
1366 88912 2484
1408 92306 2627
5455 93165 2316
5188 91775 89253
92838 1233 4286
7404 10483 10893
91778 93133 89941
9602 4689 11144
5212 93265 11435
1755 3588 11835
2517 3227 5421
1469 11040 3933
89353 4706 4538
2140 93165 5333
7351 6452 8795
8345 1408 92306
672 3936 3345
5294 465 31
2106 2831 91931
5519 10297 8205
912 9386 84317
3744 1148 133
91788 9233 94416
9233 91841 500
5791 3881 2478
2140 5503 5333
3896 4420 4786
92988 4662 5145
1614 261 5733
2069 3934 92505
6871 4881 3851
382 7171 5835
7367 92988 4662
2890 6608 10722
93265 797 90955
2112 15514 4261
90640 274 85198
7653 89629 2506
3487 7200 4675
1487 1703 5603
92694 5503 2901
2550 3815 802
94345 2550 802
1931 5830 235
10303 1396 10981
5573 1629 91015
938 6940 3478
500 91079 4122
472 3868 5905
2975 11462 2670
366 90346 4426
5294 2917 31
3244 4186 3253
8632 6489 5355
1554 1645 3594
5452 3744 1148
5061 1675 1984
10230 8257 3570
3834 9386 84317
1614 2761 7923
873 1298 4489
11817 3370 8632
2368 94597 92254
4706 89291 4538
9607 8798 5061
90476 15514 10477
10230 6735 7001
8813 5357 4446
5573 7042 7701
1843 10477 92875
91448 92254 3494
1944 6672 9894
10303 5835 2343
1298 4484 4489
1933 5669 30
90177 7652 2547
4406 1233 91078
7919 8345 10107
2526 91778 5868
3607 5145 3594
4689 3391 5831
6084 7266 3533
4640 9619 2533
1614 2761 261
11411 9521 11555
4487 93672 90627
3896 3592 4786
4274 4478 93388
6272 93414 94308
1377 91778 89941
4274 4478 7113
1469 94469 4231
4138 11423 5110
921 8813 4446
10303 2343 10981
2697 2090 2775
1286 3367 986
84310 90351 5784
2140 5503 394
94469 4231 2484
9135 11411 11555
3877 7261 5696
1614 5733 7923
2769 2146 3300
4406 92838 1233
7265 3586 853
2733 1136 1936
10297 3253 8205
91240 7653 2506
3933 10483 2942
90420 4122 5143
90108 5793 5561
10223 6330 7591
2780 5472 94604
5145 3594 8809
11817 11462 4552
2106 2831 89878
1251 10171 133
7924 2775 8345
382 3423 7171
90123 90199 90420
454 4677 1442
91079 90420 4122
5455 2316 5759
6672 93730 2112
5145 84317 8809
5054 2933 5560
4689 3391 11144
92007 1434 9386
1931 4366 3206
3863 90151 93757
6901 1672 5810
7923 8798 6982
91283 274 1888
1629 9599 91015
1408 1374 536
1675 11114 6982
10483 914 2942
4669 6433 10000
4313 1251 5561
6735 11060 3877
4756 5212 6025
93775 92037 281
2617 3834 84317
2814 3896 3592
988 3598 2795
11423 7351 1287
4756 4640 2782
4370 5732 9486
90108 4313 5561
6424 4083 870
753 1655 281
2617 88983 84317
1888 5809 93757
5421 11817 11462
90151 93253 93414
3936 5721 3345
861 1918 2307
1843 93717 92875
84310 4286 90351
4369 92007 1434
93165 87245 91204
9894 3933 2997
7266 3533 3367
90640 210 90540
1408 536 2948
5831 3314 5212
2140 93165 2316
92037 753 281
4230 491 10107
1487 9121 5603
92394 93775 90035
1091 6424 870
4274 90151 6272
235 5098 5873
11422 170 2083
3815 4261 615
11040 980 2550
9599 8797 91015
3607 1554 3594
2997 10483 914
274 93395 1888
3813 6901 1672
1933 2767 2829
4138 11423 1287
6735 7001 3877
3206 5098 84876
9776 11388 2648
472 8196 2844
6672 6098 9894
91788 2831 226
10796 10223 11179
5212 93265 90955
92254 92004 3494
861 472 2307
6237 35101 8257
4230 10107 92306
3370 9521 5687
10223 6330 11179
9602 4689 2429
2140 394 2316
5212 6025 11435
3370 3392 9521
90640 4274 210
8798 1675 6982
90151 6272 93414
2760 3813 5598
91788 2831 89878
3391 5831 4756
5831 4756 5212
7924 7919 8345
15514 10477 3815
4370 1936 262
1933 2767 5818
4230 6672 92306
3227 5421 11462
84310 1233 4286
7923 769 8798
4274 210 7113
1251 5561 133
366 8196 4426
2919 4283 437
1944 5796 7404
11422 1207 2083
6940 3478 10297
5821 2769 3500
488 90234 10660
10230 35101 8257
2769 3500 3300
11060 3877 7261
4689 2429 5831
5688 11191 11179
1634 5188 89253
5117 4138 5110
3958 93886 5153
8934 1434 8570
4071 3588 5696
4370 1936 9486
5472 94604 1634
93016 11422 2704
3586 853 2769
835 3834 2901
1944 4404 7404
5738 4722 8797
6433 5597 10000
5573 91015 7701
4071 7261 5696
92694 5503 7367
1632 2307 8196
11422 1207 10716
3370 3392 8632
8017 10303 5835
93715 1672 5810
2844 93468 2780
6940 11075 10297
15514 3815 4261
93775 281 92570
6672 92306 2112
4765 2975 2670
3588 11835 3231
9064 5054 2933
5688 437 11179
8196 2844 2780
2760 2634 3813
92394 219 1411
382 7924 7919
3391 11144 4640
861 3598 472
4366 3206 1551
1933 5818 30
4274 93388 6272
92394 90035 1411
8955 6330 94328
3206 84876 1779
5503 7367 92988
2090 3423 5117
90931 2069 92505
437 11179 94328
11075 10297 3253
2510 2315 11040
3423 8017 5609
2574 5597 2558
2795 853 3868
1634 92254 92004
2595 8117 2574
4366 10060 1551
1634 5188 92004
6330 11179 94328
93715 8934 8570
4722 9599 8797
93775 90035 92570
4230 491 10981
1091 10673 870
1888 3863 93757
2634 3813 1672
2919 5738 4283
3392 8632 10161
11423 4888 8795
3088 90108 2745
7171 8017 5835
7042 9776 11388
2090 382 3423
3958 1779 5153
8605 8707 1469
11140 5612 3586
93016 89772 2704
5098 84876 8214
2919 1337 11191
84876 8214 89629
5440 5789 3597
1091 2745 4313
93016 1451 89772
382 7919 5835
2083 90931 92505
5833 2670 4643
84876 3958 1779
9602 2429 4640
454 906 4677
7042 5833 11388
8632 10161 6489
2761 2423 5789
2697 10155 93016
2090 382 2775
11422 170 5060
5612 906 5821
2083 5060 92505
11422 2704 5060
6098 9894 3933
261 2090 5117
7367 835 2901
11423 7351 8795
1066 3936 5721
1408 94159 2948
92694 7367 2901
2315 11040 94345
5853 1396 10981
5733 5117 5110
4765 5833 2670
3391 4756 4640
3088 3487 7200
7265 2795 853
1451 1408 94159
3088 5598 7200
3588 5696 8242
3088 2760 5598
5853 4230 10981
921 870 8813
8798 5061 2795
8707 1469 10483
8117 6433 2574
5733 7923 6982
3588 8242 3231
4404 2997 10483
90108 2745 4313
3423 7171 8017
2429 4640 9619
3834 2901 3936
3598 472 3868
5810 8570 47
11422 10716 4420
7657 5738 8797
5733 6982 5110
5061 7265 2795
2775 8345 1408
11040 94345 2550
4404 7404 10483
5460 11206 1944
2761 261 5789
6433 2574 5597
7657 8797 6908
2697 2090 93016
10673 921 870
7364 7657 6908
3834 1066 3936
1632 366 8196
3598 2795 3868
4176 366 91283
2090 93016 5789
1632 4176 366
1469 3933 10483
2917 91283 274
790 10155 93016
1984 454 906
93715 5810 8570
5738 454 4283
2919 4722 11191
4176 2917 91283
1931 3206 5098
1931 235 5098
7364 6908 4888
7364 3895 4888
2775 1451 1408
790 93016 1451
5612 5821 2769
3423 5460 5609
4722 11191 9599
2697 790 2775
5738 1984 454
5612 3586 2769
790 2775 1451
5460 5609 1944
5440 3597 3896
261 2090 5789
3597 3896 11422
3896 11422 4420
