20430
18758
13622
17401
19190
12494
16888
21430
13637
15250
21721
16503
18315
22841
15392
14855
19634
17711
14937
21621
19178
15509
21283
20284
22256
15418
17640
21094
18911
12070
15062
17288
16282
17923
22293
14154
21439
22911
15615
21357
13415
18714
8643
13319
21600
11969
17396
8388
20041
16081
16890
12990
13026
14342
17709
6777
14769
15499
19448
18444
12489
16285
14567
17981
14470
22983
12810
14207
13270
16393
8237
13124
12149
8232
11987
15851
18630
15203
12822
12565
17442
16527
23036
14927
19488
7389
17635
22554
21559
22496
12216
14369
17219
16479
17002
12089
15816
18794
22970
18887
23544
18885
17763
12696
9566
22729
21993
18244
12346
14925
23289
16240
15060
15769
14340
19355
15158
14778
17592
16524
13934
14643
17861
12343
11617
13480
12689
13820
14605
17086
17642
12126
16088
17410
13204
7739
17153
14599
23638
16515
9402
17645
14183
7299
16110
10401
18108
8642
10141
9736
33907
15038
10562
40129
15240
7207
6091
16323
14315
8637
14784
20049
10866
14919
12451
15955
12765
12814
14254
7896
17458
19052
16053
17201
16488
7570
7901
15925
18506
22722
12661
9836
21841
9656
16303
15895
18667
7619
15342
3654
13562
12751
23509
13485
14173
18783
18897
12209
19822
16175
22234
19254
15318
15996
30608
17888
15573
20547
25545
31283
22377
24575
35312
18641
18520
19376
26519
18724
17863
19833
21105
46238
29946
34193
31854
30772
35881
30480
43989
46378
42625
38750
38106
45235
42987
46155
43295
41717
46246
36925
38889
34021
36224
47141
40505
36395
38033
39668
48418
46357
39214
44569
52484
36072
44219
47013
36339
39245
39624
52554
46629
43998
38519
45256
50040
47626
44824
46520
49642
47240
47560
41785
45952
45601
46920
48270
43215
40462
36093
45265
50652
31242
42178
41940
31573
39597
46826
36768
39014
36029
43473
38667
51796
31563
42674
43789
45250
42907
39358
36787
38641
36271
36970
41221
41092
37089
35700
42659
47210
42376
35650
49627
53223
46025
42155
42598
42036
42303
39247
52916
45488
41110
37822
42714
41739
52144
45983
49996
39027
41446
44154
45956
50702
50479
50233
51914
52086
46073
47034
52980
51040
52434
52500
49680
47900
48158
42513
44439
48384
53163
52493
42311
50394
43984
51421
44000
53139
45978
45124
47065
39112
51723
49631
47051
45432
46022
46457
40446
44316
46760
41803
42366
44214
43880
43767
44162
42726
44764
44521
42383
41815
47995
52383
43318
44557
41855
52704
43991
42692
42372
44089
43902
45306
42099
42184
46842
41831
46485
42892
52511
46798
42253
44605
41856
42553
46318
43550
42933
42246
46738
42102
45418
44291
42234
40864
45355
37814
38396
45571
39175
40360
44276
31220
47061
35781
47154
39823
43933
43208
38572
41556
40181
44967
44566
37030
45582
40542
36166
45287
44379
43094
46559
41071
39421
40744
46014
25148
40823
34253
46570
39971
40818
39274
29954
40820
36319
39280
37186
39807
33376
34552
33475
31996
36394
34616
34624
37388
31376
33416
34257
35362
35763
35580
36289
32392
39621
31782
30778
30276
34047
31469
32522
32439
33559
34825
33951
29747
29252
29861
31294
30532
30536
26384
32253
40868
38534
34898
32274
40652
28019
33401
25418
26834
34900
33582
23917
30507
34902
30266
31621
33249
31559
28612
31471
32765
26326
24609
32730
31422
29330
31776
24488
29757
26726
33012
33262
27840
33281
29932
25922
25297
24075
33558
29236
27248
27339
24239
23871
19384
31011
35318
31920
26931
29470
33040
33131
25194
25500
26066
25750
25802
27328
30661
32806
25658
34205
26356
28243
23826
22417
13312
25090
28980
27225
34950
28792
29533
24085
26335
24614
25376
31255
24430
29064
27998
24627
26867
23835
29464
19367
24721
25443
27080
24891
25606
29519
25015
27109
27697
24698
26714
23177
29460
23127
20669
21168
28759
24233
22421
28240
28070
19646
23045
21797
19220
18512
18515
18700
14548
12882
7394
19442
25822
18246
19172
23062
16183
13196
16163
12200
20222
20708
16603
21281
23623
21718
19432
13863
13119
22918
20876
22197
18566
18072
20430
