816 390 728
5059 4603 2417
5059 8309 2417
3304 5775 7948
6598 1822 3473
3994 5059 8309
5059 4664 4603
7159 7743 494
487 8297 3709
7959 6733 6676
1332 2122 1562
185 8009 4337
7959 8031 7221
5326 4134 2650
6967 5119 9500
2480 2649 3381
9063 8699 2958
9223 2123 2230
3001 6733 6676
2594 8632 4548
1822 3473 7921
9551 3008 9946
7959 8031 6733
8751 2522 1217
5590 6247 1505
5326 4134 6957
185 9094 4337
7533 4865 7921
6292 4182 3608
2373 3820 8519
2127 3495 2050
2576 6670 2934
3414 7330 4134
8422 2373 3820
4134 8728 6957
2522 1217 1576
1944 9237 2604
503 4532 2646
39 2191 1798
7107 7743 494
4360 2989 6930
1761 9463 4498
4879 1526 6743
4828 2848 7174
6104 5608 7145
4348 339 7430
1060 4300 4430
3888 7761 7597
1332 9586 2122
6921 6832 4548
7020 3820 8519
7614 8437 5609
2831 7108 1874
4167 9223 2123
9586 2122 1697
6708 6854 3193
6249 672 7582
710 7299 3050
5590 4501 6247
9221 8211 6051
4542 1313 7219
2696 8974 8280
7597 1874 9386
7084 3008 9946
6265 2079 9093
8948 7349 601
8776 390 728
6854 3193 9857
2122 1562 1697
2831 7597 1874
3414 4134 8728
7004 5023 9811
3167 6696 3270
8462 1194 2565
9463 8820 1576
6514 6945 1215
1526 241 6743
6104 9182 456
3756 3001 6676
3736 7597 9386
2711 5126 7633
8422 2373 8519
2001 9551 3008
5203 2989 6930
5203 6385 6930
9227 3103 7058
7490 8527 6474
9463 4498 8820
1332 9586 1562
2649 3381 6719
726 2011 8261
7761 3736 7597
2582 5732 4584
3167 6696 70
3888 6325 7761
6104 456 7145
6921 6832 5609
7427 816 728
6854 9857 7821
6249 1761 4498
167 2079 9519
971 5119 9500
3263 4622 3010
6249 672 4498
6087 9063 2958
3049 7785 397
2040 8751 2522
726 1856 2011
6815 7349 601
3167 3270 70
6832 5609 4548
7490 8124 8527
9697 8830 3557
3003 6951 8922
726 3282 8261
7084 672 7582
6247 1505 2230
213 2032 2211
2079 9093 9519
167 8961 9519
8830 5713 3557
8689 4404 5612
1282 971 9500
6412 5551 9742
7551 5638 1866
5023 2565 7097
9268 9047 9913
4531 5133 289
1949 1339 881
9268 1206 9047
1194 2565 7097
4894 4622 4501
1726 8292 4959
31 4376 4715
9944 3756 3001
8297 3709 7608
5730 4667 627
4622 3271 4501
7863 1179 2123
1904 2192 5555
4778 9053 5931
2032 2211 2880
5590 3271 4501
1562 494 1697
3503 4515 1444
4139 2515 8109
7138 1822 7921
1217 8820 1576
1453 456 7145
4654 3001 6733
835 6405 9519
2035 5493 8070
9182 456 829
3166 1125 4545
4654 8031 6733
759 2946 988
6186 6598 3473
8382 4253 4584
8793 6815 601
8331 3780 6489
2733 7107 494
2232 1778 6910
3282 8261 7174
1577 3513 1701
2883 4182 3608
3083 9268 1206
638 7573 5643
6292 3631 4182
2733 1562 494
7299 3050 1658
7614 5609 4548
3282 7174 3142
7138 7533 7921
6718 1587 4584
3263 4622 3271
9718 3177 9154
5023 1194 7097
7158 9332 3311
4608 9805 4253
4257 1698 6719
5614 6945 1215
1778 395 1369
2540 3702 6164
2025 4101 1492
4905 7108 1874
2711 5126 1184
9221 6051 8353
6541 1041 9833
4167 1179 2123
4799 3680 5931
4566 3179 9367
2195 6611 2732
8496 4807 9081
3513 1701 3755
2625 1467 9915
6951 8922 2732
7004 5023 7097
3513 3755 156
5803 8959 3111
3171 6619 397
7551 5638 3719
260 5551 8776
6533 5421 4679
2096 7112 3624
5126 7834 7633
9706 7544 1274
2203 8031 7221
5139 9727 3028
4501 6247 2230
803 6670 3681
4360 6815 7349
8382 9614 4253
6131 7393 3413
4647 6087 9063
8517 2321 1739
7509 2168 3570
8773 7406 3413
6215 5133 289
3832 7533 4865
3360 142 1616
5066 1133 2843
4542 9200 7219
8632 7614 4548
3193 9857 7821
9060 2753 1179
167 2989 2079
5657 4360 7349
4542 1313 2011
8006 9182 829
349 7341 6243
8001 6593 9946
1185 8422 3820
6593 9551 9946
6009 4799 5931
4082 4167 1179
5590 3271 1505
2025 2790 1492
3947 1122 1075
726 1856 1125
18 2462 412
7340 7700 8636
8006 3780 829
7208 5006 7351
6186 3473 7921
9200 7219 3412
5326 2650 6957
8922 8256 2732
1056 55 1891
988 7231 3739
1303 6006 3008
5023 2565 9811
9773 2001 4060
3780 456 829
4905 1874 9386
8276 157 2168
5576 6265 9093
6841 6598 1822
2753 4082 1179
270 361 9081
2540 3702 784
1313 2011 8261
1037 7614 8437
759 2946 1696
286 2737 3837
2182 2883 2500
2649 1698 6719
4894 4501 2230
9768 6696 3270
1856 1125 4545
7187 5576 6265
3241 1636 5071
5614 6945 4799
4262 1790 3010
2515 4934 8109
1505 9223 2230
1184 1217 8820
9200 7231 3739
1985 8776 390
8281 2594 8632
2191 6967 5119
5126 1184 1217
7802 5920 8483
2582 6718 4584
759 1696 5629
6006 2001 3008
6111 2001 4060
6006 6111 2001
7159 494 1697
8768 3755 156
9221 6661 8211
5657 4360 6930
6009 8223 5614
7490 5742 6474
9053 3680 5931
4965 1313 7219
9157 3546 1815
7863 2123 2230
979 9154 6779
5614 6621 1215
3414 1037 8728
2191 1798 6967
1778 395 6910
9614 1587 4584
4259 1759 4028
6009 5614 4799
5046 7174 3142
9408 6224 6979
4259 1759 4904
1742 4965 3412
9609 7715 6256
9778 2195 6611
3953 2458 2646
8644 4036 7213
5984 8974 1485
6735 7659 4029
8223 5614 6621
7018 3049 397
353 6357 9299
5054 39 2191
9200 7231 3412
2678 5713 3681
8390 3270 70
7158 9332 3327
2515 4934 8534
8704 5540 241
9631 6842 8912
2039 5602 970
9706 7544 4905
7552 1865 1075
9335 759 988
127 2843 1299
8793 7351 601
127 1133 2843
6186 4865 7921
8320 7680 5035
6883 870 3557
5713 3557 3681
2195 8256 2732
4006 8768 156
7715 6256 5526
39 3177 9154
6993 6357 9299
3113 5522 2312
9697 8830 5713
5605 7946 6928
4965 7219 3412
8721 4968 3512
4638 395 6644
8382 9614 4584
1376 9986 2479
4905 3736 9386
4388 7834 7633
6590 6186 4865
7708 4498 8820
3241 5878 5071
9783 9614 4253
5473 3418 3512
5046 3282 3142
4648 2462 412
8059 6951 2732
3166 726 1125
1696 4852 5629
9092 270 361
3113 3809 5522
4637 4134 2650
1037 8728 6957
6769 1185 8422
2733 7107 7138
4894 4622 3010
9540 7715 1508
4828 5046 7174
3954 8527 6474
4430 7393 3413
7550 6215 5133
7355 9614 1587
5861 1647 8752
4637 7330 4134
8496 8687 9081
9783 9614 9727
9457 1037 8437
2040 2522 1576
9718 3311 9154
4360 167 2989
6329 893 4509
1798 6967 9500
7715 1508 5526
692 3792 2458
4360 8793 6815
9768 8948 601
7708 1184 8820
8331 9946 6489
3294 638 7573
6570 8281 8632
5477 7023 1697
8320 5035 8001
395 6644 6910
835 8961 9519
2728 6427 7020
7552 1122 1075
6769 8422 8519
9457 8437 5609
7 4879 6743
3832 5330 4865
9332 3327 2040
7633 8281 2594
7708 672 4498
4742 3964 4172
5477 9586 1697
5493 8070 1647
3546 1815 9768
4556 7020 3820
6514 944 6945
6785 4556 3820
9768 7351 601
3495 2050 9463
7831 5066 1133
395 2977 1369
3911 8986 7466
5948 3327 2040
9107 1056 55
6590 5330 4865
221 6232 3299
9047 9913 6743
2728 7020 8519
1597 9335 759
9609 6380 6256
9060 2753 4082
8644 3131 7213
1286 2710 3795
8152 386 3594
8568 5141 9355
6769 3680 8519
5732 4253 4584
6289 3397 3657
4082 4167 9223
1109 1880 5959
8070 1647 8752
3166 8556 4545
2855 6051 8353
256 9252 6709
6267 4648 5773
988 7231 3412
5415 6541 1041
3657 6921 4548
7406 3809 5522
1109 6582 1880
2182 2500 1556
5139 9614 9727
503 4532 1075
2604 8309 2417
2203 1696 4852
5126 7834 1217
4965 1313 8261
9470 5600 9292
5657 6385 6930
2664 6256 5526
870 3557 3681
7136 7732 2880
7406 3809 3413
5402 7427 816
8620 127 1299
349 3576 7341
18 4648 2462
2116 8674 4172
4448 4432 2242
7355 6718 1587
7889 4466 2313
349 6243 1100
9457 1037 6957
8723 1492 9981
2244 1944 9670
7521 7569 3966
6057 6590 5330
7107 7743 7138
813 9936 2967
2917 1282 9500
8986 8743 7466
4036 7213 1274
2664 4486 5526
5185 5510 8345
9605 9347 7745
9831 333 6133
8001 8331 9946
7312 9658 3837
2855 3083 8353
5555 692 3792
6841 1564 6598
9636 339 7430
5783 1167 1072
6292 9157 3631
39 1798 9154
7208 9768 7351
8323 4856 1405
1517 1282 971
3145 6329 7789
2576 1210 6670
3171 3624 3530
8922 7340 8256
6289 3657 6921
2855 6872 3083
6593 2001 9551
8110 3294 7573
4648 5773 70
260 5551 9742
7312 6533 18
2728 7430 8519
5595 9200 3739
5298 8390 70
3263 1790 3010
8556 1856 4545
7084 9946 6489
4348 4778 9053
878 7802 5920
9670 6100 4664
9773 6111 4060
4376 4715 4459
7084 7582 6489
9867 7077 2657
5883 4515 1444
4036 9706 1274
2917 1798 9500
5661 944 289
1060 4430 3413
5719 5984 8974
9768 8948 7349
4899 5210 7785
7355 5139 9614
726 5046 3282
7312 3837 18
7834 8751 1217
7 9913 6743
1815 9768 3270
6632 2032 9783
487 4891 3709
4654 3994 3001
7831 5066 2843
6922 7463 6479
7412 31 4376
6289 7816 3397
6570 8632 7614
9439 5719 8974
6249 7582 6489
4531 5661 289
9334 5510 7659
4018 8723 9981
7406 5522 2312
286 3837 5298
4399 9608 3299
158 4836 1279
9121 2493 5035
1985 5551 8776
7208 9768 6696
3686 2211 2880
9203 6872 2879
6670 2934 870
307 6357 1100
7525 7551 3119
7208 6696 70
803 7355 5139
5612 6357 1100
9880 2576 2934
2023 8693 5141
6009 4778 5931
840 8150 1153
8689 353 5612
8974 8280 3756
2576 9742 1210
9722 6289 7816
3025 7680 1303
51 4960 7745
2203 4654 8031
9092 361 8687
260 2582 5732
6562 9831 6133
3114 2680 9299
1181 1961 6772
3272 2565 9811
6670 870 3681
9285 4700 818
9867 9158 7077
7708 7084 672
4348 7430 9053
2195 7340 8256
361 8687 9081
7521 5857 7569
2319 6662 5287
7816 6160 4028
8568 5364 9355
7552 4478 1122
6249 3780 6489
6380 2831 7597
8297 7608 9203
1248 8001 8331
4531 6565 5661
9670 4664 4603
9566 9877 5773
7544 4905 3736
1688 6644 6910
5738 5861 1647
3443 2774 6479
9735 6922 2843
3072 2733 1562
6841 1564 8752
3953 3792 2458
1597 759 5629
7194 8152 3594
1866 5139 3028
7186 1976 9184
7093 7823 7369
1827 3272 1155
9773 6593 2001
8150 1947 2764
2096 7112 7018
2674 6993 9299
7427 8776 728
9944 1485 3756
7023 7159 1697
1191 6 5883
1688 2232 6910
5605 4262 6928
5477 6621 9586
8110 7573 5643
5595 988 3739
2192 5555 692
353 5612 6357
8509 4659 8356
2802 7680 1303
2802 6006 6111
8320 7680 8001
6977 6383 5636
9332 3311 7834
6833 4979 84
9670 4603 2417
803 2678 3681
3296 5857 7569
1980 479 7
3131 7213 1274
6922 2774 6479
2203 1696 7221
31 4715 4459
7452 8595 4960
8390 1815 3270
7151 6541 9833
9714 3953 9778
3953 9778 3792
2802 1303 6006
6872 3083 1206
6709 3114 2680
7341 6243 5612
51 9605 7745
2674 3114 9299
8006 6249 3780
1339 8870 881
4608 5732 4253
1949 8870 881
5560 9722 6289
4965 8261 7174
6940 13 5738
8974 1485 3756
3131 7544 1274
1944 9670 2604
6945 4799 3680
51 8595 4960
8070 1564 8752
2604 3994 8309
5415 158 4836
8922 7340 7700
7148 9605 9347
487 8297 9203
2050 9463 1576
2192 692 2458
618 8223 5477
6380 3888 7597
2802 8001 6593
4259 6160 4028
6803 9862 7097
9237 2604 3994
6297 8346 3570
2883 4257 3608
2488 5540 241
6297 7509 3570
6634 9877 9707
9880 6883 2934
307 349 1100
4887 3003 7023
39 9718 3177
4532 1075 2646
4360 167 8961
7128 6151 3631
1153 9184 1072
1056 669 1891
4360 8793 8961
7816 2493 4028
9776 926 8483
4637 2650 6957
9060 7863 1179
4591 5141 9355
1167 9184 1072
9086 5643 8556
4965 2848 7174
13 5738 1647
8223 5477 6621
2681 8912 2764
8935 9540 2977
3832 5330 8636
1865 2458 2646
8417 5510 8345
8490 970 9062
349 6782 3576
6979 1944 9237
9936 2967 525
9217 4024 9915
6979 8429 9237
2182 1556 1698
479 4879 1526
6993 307 6357
2182 2883 4257
414 5054 4388
2396 8986 8743
7503 1155 7699
1866 9727 3028
6678 4047 2848
9862 4899 5210
2390 3780 456
260 9742 1210
3272 1505 9223
7946 2500 6928
4293 5742 6474
1976 3446 9184
9285 2307 3686
3025 7680 3657
2649 1556 1698
7946 5636 6928
618 6009 8223
6883 2934 870
1453 5608 7145
1976 3446 2887
8767 4104 9895
2182 4257 1698
669 4353 1891
4700 818 9805
1865 1075 2646
173 4514 878
7208 5773 70
2050 2040 1576
9931 2094 1279
7077 2300 8644
1166 487 4891
4388 7633 8281
5783 6661 6442
6785 1185 3820
3841 8959 7769
9916 9328 6133
7769 3113 2312
5298 4648 70
1060 3809 3413
526 2625 1467
7427 5732 8776
7708 7084 3008
5203 2989 2079
5861 6565 5661
5591 1636 5071
2576 6412 9742
1888 8693 5364
1839 5006 7351
5185 8417 8345
2962 6297 7509
286 5298 8390
260 5732 8776
2533 6267 7897
6533 7897 4679
6267 7897 4648
8966 4252 6619
2488 1526 241
7708 1303 3008
9060 6661 8211
7608 9203 6872
4353 2493 4028
3837 5298 18
7148 9347 7745
840 8150 1947
5738 5861 6565
3416 2649 1556
6057 5330 8636
2479 8346 3570
479 7 4879
7312 5014 9658
979 1798 9154
2100 1577 1701
5783 1167 6442
2802 7680 8001
5203 6265 2079
7732 2887 2880
6782 4486 5526
2664 4486 3055
818 213 9805
8826 7550 6215
6243 5612 1100
3179 3912 1751
9722 7816 6160
6833 9227 3103
8540 1597 9335
1041 9833 4029
5402 3327 816
5861 6841 8752
7161 3294 3166
8935 2977 1369
6883 2946 988
2073 9931 6297
835 8793 8961
8136 5689 3103
2313 185 8009
9609 6380 4638
9158 7077 2300
3414 1037 7614
8870 4353 4028
2533 6267 3050
6769 6945 3680
5783 1153 1072
8454 8070 1564
4566 5107 4515
1866 9783 9727
9867 2657 8773
6833 84 9227
5997 6782 3576
414 6570 8281
4608 5732 9805
7769 3111 2312
2681 1947 2764
7430 3680 8519
858 3966 3780
8701 7153 3340
4659 2917 979
5810 4557 6434
9285 4700 5993
4566 3179 5107
7802 9776 8483
2852 8941 9328
6289 6921 5609
8587 5364 9355
618 768 6009
9877 7208 5773
4262 6928 1790
4478 3947 1122
5638 3719 8699
6131 9706 4905
213 9805 4253
9631 6842 9268
6837 7690 8699
333 3688 3293
6872 1206 9047
7946 5636 2500
2802 9773 6593
6329 7789 4509
3241 5591 5878
4891 4894 3010
7427 5732 9805
8809 2879 9047
3446 7732 2887
4667 627 386
9697 7959 6676
2711 7633 2594
4894 7863 2230
6533 5421 412
3025 2594 4548
7466 970 9062
2279 4399 3299
4968 3418 3512
4328 1054 4807
9134 5657 6385
2533 710 3050
2100 8059 2732
7831 9735 2843
84 9227 7058
9047 241 6743
8568 8693 5364
2096 7018 397
7430 9053 3680
1248 3966 8331
3327 816 390
4887 3003 6951
2191 971 5119
9670 2604 2417
8376 4082 9223
4659 979 6779
6533 18 412
5850 7148 7745
627 4315 386
4700 5402 7427
3179 1751 8106
6383 6151 2883
3830 5810 6434
414 4388 8281
3049 5203 6385
8496 5058 8687
2625 320 2035
6 5883 4515
9540 395 2977
8870 4353 1891
9367 4404 5612
1553 1109 6582
6922 2843 1299
6439 8587 5364
8109 3055 6325
768 4006 8768
6131 7077 2657
6224 6979 4852
6570 3414 7614
5421 4679 412
6735 9833 4029
3241 5591 1636
6662 7924 5287
803 7355 6718
4899 7785 397
9714 9778 2195
768 4006 156
3025 7708 1303
4899 6619 397
926 8483 4337
9877 7208 5006
8935 9540 1508
6380 6256 3888
2946 9697 3557
8454 6186 6598
3966 8331 3780
479 2488 1526
3446 1153 9184
4101 8699 2958
533 5023 1194
6391 5190 8839
3025 3657 4548
5298 18 4648
6267 3050 1658
7834 2040 8751
7690 2696 8974
2192 1865 2458
8150 8912 2764
260 2582 6718
858 2390 3966
8568 8693 5141
2100 9778 3792
6735 8417 9833
618 768 3513
8110 3294 3166
858 2390 3780
6224 4852 9196
5415 1041 4029
4852 5629 9196
7077 8644 4036
2234 8517 2321
3072 5861 5661
2657 8773 3413
4697 9107 6019
8773 7406 2312
2733 7138 1822
8935 1508 9216
8959 7769 3111
2664 6256 3888
8454 1564 6598
2790 1492 9981
2696 8280 3756
9335 5595 988
6131 2657 3413
1577 4887 7023
353 2680 9299
5014 8826 7550
4328 8496 4807
9063 3719 8699
5948 2050 2040
9060 6661 4082
2790 4916 9981
803 1210 6670
7555 5850 7745
8696 5058 2179
6883 2946 3557
2917 979 1798
2454 8684 5058
6735 8417 7659
8684 8687 4904
2817 4647 5562
2127 3495 8006
1059 6224 9196
589 9092 270
3294 638 9200
2802 9773 6111
9636 2728 7430
6977 3263 1790
2852 9328 6133
2249 4027 3898
3503 2500 1444
2500 1556 1444
3072 5861 6841
4448 4432 2774
7690 5638 8699
638 4542 9200
5602 7466 970
6468 4486 3055
4293 7490 5742
8534 9158 2300
1726 4959 6353
2249 4027 4018
3072 9586 1562
1553 1955 6582
8509 6640 8356
7186 1167 9184
3281 9867 8773
5977 7503 1155
2100 3561 1701
2127 5948 2050
1577 3513 7023
3841 2232 1778
1475 6019 4459
3360 8723 1492
1839 6634 5006
8721 4968 2058
2096 3171 3624
768 3513 156
6872 2879 9047
8376 6661 4082
3366 2204 4132
7816 2493 5035
2390 1453 456
9332 7834 2040
320 2035 5493
4047 6412 6640
5473 3512 7136
5636 6928 1790
3507 4794 710
4388 9718 3311
4101 6087 2958
221 3299 3145
173 878 5920
5058 7238 2179
8809 8704 9047
8006 6249 1761
720 9680 4591
3055 3888 6325
6632 1866 9783
8417 7151 9833
6151 3631 4182
9237 4654 3994
7112 7187 5576
7680 3657 5035
4388 3311 7834
9930 1286 2710
7018 3049 5203
6412 1985 5551
3003 7159 7743
6979 4852 8429
8483 9094 4337
2817 4647 3719
7584 1866 5139
158 5997 1279
6977 5636 1790
9285 818 3686
2678 2696 5713
260 8040 6718
5415 4836 1279
158 5997 3576
256 9252 4006
2058 9936 525
8620 5148 1299
4566 9367 6
2703 5605 4262
4198 1243 7249
7816 3397 5035
3507 2533 710
307 349 9216
213 2032 4253
6678 4828 2848
7004 7097 3271
4252 4899 6619
2032 9783 4253
3503 2500 6928
8628 8178 4104
4542 1856 2011
6769 944 6945
9784 7584 2678
3397 3657 5035
6709 4778 353
7551 3119 3719
2664 3055 3888
6883 1742 3412
6709 353 2680
9609 9540 7715
7128 9134 3631
3416 1556 1444
818 213 2211
3131 7761 3736
9631 5783 1153
9931 5997 1279
2703 9334 2027
710 7299 4132
4068 9658 3837
4891 4262 3010
9217 9915 9470
9221 6661 8353
7769 1688 6644
9859 9944 3001
6803 7097 3271
349 6782 5526
4466 8941 2313
5613 3360 142
9735 6922 2774
6151 2883 4182
526 2625 320
7136 2566 7732
9636 2728 6427
4566 6 4515
4466 8941 9328
8376 6661 6442
4914 2703 2027
9334 2027 4029
720 8612 9680
9334 7659 4029
4353 9121 2493
3131 7544 3736
51 8595 9605
8704 9047 241
9252 6709 3114
6131 4430 7393
2096 3171 397
7584 803 5139
7551 6632 1866
1880 5959 3150
9880 6883 1742
6940 320 13
9747 8612 7821
16 2479 8346
7177 8490 9062
5124 7341 5612
9880 1742 4965
5560 7238 2179
2962 9931 6297
818 3686 2211
8006 1761 9463
4659 6640 8356
1467 9915 9470
6634 9877 5006
8935 307 9216
7584 803 2678
4647 9063 3719
7 9268 9913
3898 5977 8462
2488 8704 5540
3025 7708 1184
638 5643 8556
2454 5058 7238
4068 286 1746
3113 3809 2831
8628 2710 4104
4557 1739 9605
4887 8059 6951
3830 9561 6434
9986 3145 6329
4700 7427 9805
6662 7924 8493
3495 8006 9463
7833 4979 84
3507 4794 1888
4198 1839 6634
9176 3702 784
4328 4959 1054
6883 988 3412
8417 5510 7659
3171 835 3530
8540 3304 5775
5473 3418 1453
1904 5555 3561
3887 5977 7503
6620 8109 3055
3512 7136 2566
8376 1167 6442
1210 8040 6718
5175 7831 9735
3443 7463 6479
3841 1688 2232
8490 2039 970
9930 8645 1286
4557 2321 1739
9859 5059 4664
9540 4638 395
9092 1759 4904
349 1508 9216
5730 2967 525
6267 1658 5773
8110 9086 5643
9092 8687 4904
9439 7690 8974
4821 6662 8493
6057 7340 8636
1248 5035 8001
5920 8483 9094
256 6709 4778
2276 7128 6151
4910 6337 1161
6289 9457 5609
8323 526 1467
3179 3912 5107
1166 2703 4891
9916 333 6133
8534 2300 8644
4068 286 2737
7136 3686 2880
7158 3327 390
8136 333 3293
7186 2817 5562
2279 4399 9608
5576 9093 9519
9285 2307 5993
8568 2023 5141
5984 9944 1485
2203 4852 8429
8966 4252 4899
2946 1696 7221
9697 3756 6676
3841 7769 1688
4300 4430 7108
173 4514 3964
3289 2396 9680
1839 8793 7351
3416 5883 1444
8136 5689 3293
9776 7369 926
6562 2852 6133
669 2558 4353
2887 2032 2880
6632 2887 2032
5415 8106 4029
5124 3576 7341
6309 6100 4664
2946 7959 7221
2073 9931 2094
4849 5173 7194
8509 6412 6640
9867 9158 4676
1060 4300 7108
3072 5661 944
1191 7309 6
3003 7023 7159
7112 2455 5576
7509 157 2168
3887 3898 5977
9714 503 2646
6620 6468 5997
8540 1597 5775
3272 9811 1505
16 1376 2479
2276 6383 6151
9714 3953 2646
7249 2023 8693
9121 1248 5035
6842 7 9268
1517 2191 971
2558 4353 9121
2100 6611 2732
9707 3366 2204
1827 1155 7699
5014 7550 5133
2515 8534 9158
7186 8376 1167
9859 8523 5984
3809 2831 7108
2100 9778 6611
7946 3503 6928
926 8009 4337
4068 5014 9658
9859 8523 4664
2276 9134 6385
8935 1778 1369
3832 7700 8636
3131 6325 7761
5560 9722 6160
4068 2737 3837
4024 2625 9915
2100 1577 8059
9747 1880 5959
1577 4887 8059
4430 4905 7108
5977 8462 2565
3667 5730 525
6309 9670 6100
5124 158 3576
5613 9930 8645
3931 2179 4637
8684 5058 8687
1190 6837 4101
1985 3311 9154
4198 6634 7249
2946 9697 7959
4659 9154 6779
3931 5054 1517
6562 9831 8124
2276 7128 9134
3512 2566 7732
9784 2678 2696
8684 4259 4904
7897 4648 412
1060 3809 7108
6837 4101 8699
2010 9747 1955
8454 8070 6186
2576 4047 6412
7897 4679 412
4659 4047 6640
5993 2127 5948
4910 6337 7093
3072 6621 9586
7187 5203 6265
4428 9158 4676
2010 9747 7821
6303 5185 8417
9631 8150 8912
8110 9086 8556
3667 5730 627
831 9916 5556
349 1508 5526
3072 6514 944
9784 7584 7690
5719 8523 5984
221 6232 4315
745 1181 1961
2703 4891 4262
5560 6289 9457
4448 9735 2774
2817 3119 3719
320 5493 1647
5054 4388 39
8509 4659 9154
9631 3083 9268
5124 9367 5612
9831 8124 8527
1132 5613 142
320 13 1647
8136 9831 333
1549 7924 5287
4432 7924 2242
3914 6118 1616
4794 710 4132
840 3446 1153
9880 2576 4047
7831 3841 8959
7743 7138 7533
5657 9768 7349
7769 4638 6644
5636 2883 2500
5997 6782 4486
3340 5014 1787
8509 6412 1985
5607 1980 7
8889 7249 2023
7309 9636 4404
5576 6405 9519
2249 3898 8462
4348 4778 353
618 3513 5477
6309 8523 4664
6620 6468 3055
6661 3083 8353
7833 1161 4979
7946 3503 4515
6319 9335 5595
7525 2817 3119
3688 4509 7058
1955 6582 1880
3049 7785 6385
3513 5477 7023
1132 8645 142
835 5576 6405
2279 1376 9608
9784 7690 2696
8110 3166 8556
6131 4430 4905
4968 3296 3418
4388 39 9718
4934 8109 6325
5555 3792 3561
7153 6940 5738
260 1210 8040
87 5591 5878
6468 5997 4486
7525 1976 2887
2073 6303 9795
2855 8211 6051
7004 3271 1505
7004 9811 1505
3023 6993 307
6678 4659 4047
7309 9636 6427
55 8870 1891
6841 2733 1822
2010 6854 7821
9561 9333 3594
1132 5613 8645
4794 3366 4132
1949 8870 4028
3072 6841 2733
8941 4293 6474
6383 5636 2883
414 3931 5054
3887 9607 6087
8826 6769 1185
8941 4293 7490
8743 7466 9062
8509 1985 9154
1059 5775 7948
9609 9540 4638
4911 5014 1787
2479 2168 3570
3003 8922 7743
5415 158 8106
2100 3792 3561
8376 3272 9223
745 7594 1181
8152 4315 386
8889 8568 2023
1746 2480 3381
5054 1517 2191
9157 3631 3546
9776 7823 7369
9631 8150 1153
9636 4404 339
9880 4047 2848
2094 5415 1279
6769 944 289
4700 5993 5402
5605 7946 4515
4027 4018 4916
4911 1787 6533
3667 6232 2681
5605 5107 4515
3931 4637 7330
7112 7018 7187
4428 9867 4676
5689 3293 3103
3667 6232 627
2028 3702 6164
9680 3193 7821
2455 5576 3530
4914 2703 5605
1985 7158 3311
9859 3994 5059
4711 1549 6708
8070 6590 6186
9916 5556 893
3023 8935 307
8674 4742 4172
3624 2455 3530
1467 9470 9394
9859 5984 9944
5977 3272 1155
4914 5605 5107
9408 6979 1944
3954 9831 8527
1985 7158 390
6309 5719 8523
840 5988 1947
2962 7509 157
3072 6621 1215
1190 6118 1616
803 1210 6718
7369 926 8009
1839 835 8793
4794 6634 7249
4018 4916 9981
8674 1549 5287
768 9252 4006
9157 8390 1815
768 4006 6009
3023 2674 9252
3072 6514 1215
6303 9795 1980
5560 4259 6160
1787 6533 7897
7112 3624 2455
6309 2244 9670
5810 9776 7823
6977 3263 3271
9862 5023 7097
5065 3023 9252
2674 9252 3114
1904 2192 1865
9607 4647 6087
1059 5629 9196
7681 6439 8587
589 8767 270
9877 9707 7299
8612 9680 7821
3887 4027 3898
7525 7551 6632
5993 5948 3327
2279 5607 1980
9092 1759 6164
6309 5719 3583
4711 6708 6854
4328 1517 1282
5657 3546 9768
7521 1475 6019
1746 3381 6719
4514 3964 4172
4024 2625 2035
3954 8941 6474
9566 9877 7299
4794 1888 8693
7690 5638 1866
8323 1467 4856
1553 1109 4899
8489 2313 8009
9217 9470 9292
831 5556 893
3931 3414 7330
8767 270 9081
7521 1248 3966
9134 3631 5657
2599 1701 3755
9457 4637 6957
9859 3994 3001
8809 8704 2879
1109 8966 4899
9707 2204 4132
6620 4139 8109
9585 7161 3166
8941 7490 8124
3887 2025 4101
4697 31 4459
5878 2244 5071
5977 3272 2565
3830 5810 7823
3281 4428 9867
87 5591 9408
2307 7136 3686
4328 3931 1517
9707 7299 4132
526 6940 320
6803 6977 3271
6232 627 4315
1888 6439 5364
6922 5148 7463
7521 1475 5857
1553 1955 533
8767 4807 9081
835 5576 3530
4027 2790 4916
3296 3418 7569
5065 3023 2674
4849 7194 7789
5993 5402 3327
4911 7312 6533
9747 8612 5959
4328 8496 5058
9880 4965 2848
4794 7249 8693
4591 8568 5141
4404 4348 339
3281 5803 3111
8689 4348 353
7309 6427 7020
3688 3293 7058
1949 1759 4028
9585 4828 5046
3887 9607 7503
6922 5148 1299
1827 5562 7699
1278 6833 4979
466 4018 8723
1191 7309 4556
7584 7690 1866
2276 7785 6385
2599 3561 1701
9566 1658 5773
6769 6215 289
9585 726 5046
3293 3103 7058
8689 4404 4348
4068 5014 8826
1059 1597 5629
6434 2234 2321
2599 8768 3755
8376 1827 3272
813 4376 4459
589 2673 8178
4794 6634 3366
2127 8006 9182
9585 7161 6319
6019 1339 8870
7194 8152 7789
2160 2599 8620
479 2488 8704
3416 5883 2649
9425 1955 533
5124 158 8106
9107 1056 6019
3911 3443 8986
3911 5602 7466
3296 1475 5857
1880 3150 8568
6803 9862 5210
8826 6769 6215
3931 8696 2179
2058 840 5988
7802 7452 8595
1980 479 8704
4911 7312 5014
1549 4432 6708
9566 7299 1658
3887 2025 2790
5738 4531 6565
4697 6019 4459
3914 1190 6837
2276 5210 7785
4557 6434 2321
6562 2852 8124
3111 8773 2312
5993 6104 5608
1746 4257 6719
2898 2116 7594
7018 7187 5203
2898 7594 1181
2307 5993 5608
4697 9107 1339
286 9157 8390
2396 9680 8743
3025 2711 1184
2127 6104 9182
7309 4556 7020
3887 4101 6087
1191 5883 2649
9697 2696 5713
5473 2307 7136
1166 2703 9334
5993 2127 6104
2857 3281 4428
6634 9707 3366
8721 2058 840
1549 4432 7924
5473 1453 5608
3667 2058 525
8767 8178 4104
1553 9862 4899
5473 2307 5608
8540 6319 9335
7525 7186 1976
4959 6353 9895
9585 3166 726
6292 4257 3608
7503 5562 7699
2203 8429 9237
9107 6019 1339
9680 4591 8743
9795 2279 1980
8628 2710 8178
173 3964 5920
1376 9986 3145
1787 2533 7897
1243 8889 7249
4542 8556 1856
9747 1955 1880
256 6009 4778
1191 6785 4556
2396 3443 8986
2073 6297 8346
9561 2234 9333
4328 2917 1282
3025 2711 2594
2203 9237 4654
9561 6434 2234
466 3360 8723
2039 526 6940
1243 8889 8568
2160 2599 8768
3667 2058 5988
6309 5878 2244
3631 5657 3546
414 3931 6570
4910 7093 7823
4934 8534 8644
2073 9795 16
7093 7369 8009
87 9408 6224
9425 1955 6772
4968 3296 2058
7525 6632 2887
286 6292 9157
4328 8696 5058
6309 5878 3583
9607 4647 7503
8674 2319 5287
6803 6977 6383
8701 7681 2533
7831 3841 1133
1059 1597 5775
6842 7 8912
1949 2540 784
2852 8941 8124
256 4006 6009
9631 5783 3083
9697 2696 3756
6380 3113 2831
9107 55 8870
589 8767 8178
5783 6661 3083
720 4591 8568
2073 16 8346
8136 6833 3103
720 8612 3150
9217 5600 9292
8612 5959 3150
6785 8826 1185
7077 4036 9706
638 4542 8556
2028 9176 3702
2234 8517 4667
1243 8966 6619
3954 6833 9831
720 3150 8568
2962 9931 5997
7833 5173 84
8701 3340 1787
4432 3443 2774
5730 8517 4667
813 1475 4459
8489 8941 4293
3418 2390 1453
2073 6303 8417
3289 4432 6708
1467 4856 9394
3709 7608 9060
5560 2454 7238
9916 333 3688
1109 8966 5959
386 9333 3594
2319 9916 9328
4891 3709 4894
9107 6019 8870
1278 1161 4979
6131 7077 9706
8376 1827 5562
1839 3171 835
3911 5602 5406
2599 8620 7096
1880 8966 5959
3340 5014 5133
7309 6 4404
286 1746 4257
3931 6570 3414
4934 8644 3131
3667 5988 1947
7412 813 4376
8292 6678 4659
3289 6708 3193
9367 6 4404
3912 1751 5107
7924 8493 2242
7161 3294 9200
2249 9425 533
2116 8674 1549
533 9862 5023
3914 1190 6118
2962 6620 5997
3360 4101 1492
8674 4742 2319
3179 9367 8106
2249 8462 1194
7525 7186 2817
7186 8376 5562
3281 3111 8773
2028 9092 6164
1376 9608 3299
4466 2319 9328
4914 1751 8106
1553 533 9862
2035 8070 6590
589 2028 9092
3667 2681 1947
2039 8323 526
4557 8595 9605
8839 8620 5148
4914 2027 4029
3512 3446 7732
4914 1751 5107
3887 4027 2790
3709 9060 7863
127 3023 6993
5591 2244 5071
1166 9334 5510
5124 9367 8106
3688 893 4509
6391 9470 9394
2599 7096 4478
3289 9680 3193
2160 768 8768
4934 3131 6325
1278 3954 6833
1059 3304 7948
9585 1726 8292
8839 7096 4478
2319 6662 9916
6803 2276 6383
4849 7789 4509
7889 4466 2319
7521 1056 6019
3964 185 9094
5185 8704 2879
5185 9203 2879
3709 4894 7863
1949 2540 6164
9217 4024 9714
4448 8493 2242
7177 8587 9355
8647 8276 157
221 8152 4315
7161 6319 5595
8489 8941 2313
8721 840 3446
5607 6232 2681
4914 8106 4029
9176 4697 1339
5560 2179 4637
466 5613 5850
2599 7552 4478
9795 16 1376
8647 4448 9735
5613 5850 7148
5415 7151 6541
5810 4557 8595
9408 2244 1944
87 1059 6224
8721 3512 3446
4849 5173 84
8839 8620 7096
3360 1616 4101
7412 8517 1739
3289 2396 3443
466 5613 3360
4647 7503 5562
7177 8743 9062
286 6292 4257
6391 9470 5600
1949 1759 6164
3832 7533 7700
4821 8493 8276
6803 2276 5210
6319 1726 6353
3418 7569 3966
589 2028 2673
5560 9457 4637
1190 1616 4101
8490 2039 6940
8767 1054 4807
5560 8684 4259
127 2674 6993
4328 3931 8696
2249 533 1194
878 7802 7452
3914 87 9439
9176 1949 1339
2898 2116 4172
9930 2673 8178
3911 5406 3443
7161 5595 9200
8839 4478 3947
8489 6337 7093
4068 6785 8826
3015 1278 3954
8647 2962 157
4711 2116 1549
7153 3340 5133
9176 1949 784
7769 6380 4638
6057 2195 7340
3418 2390 3966
5607 2681 8912
2073 8417 7151
4742 3964 185
7681 3507 1888
7412 813 2967
2479 8276 2168
8136 6833 9831
5560 2454 8684
9930 2710 8178
6303 5185 1980
4276 51 9605
2094 5415 7151
9217 9714 503
8292 4659 2917
1376 3299 3145
6745 466 4018
8645 142 1616
1243 3171 6619
7681 3507 2533
2039 5602 1405
8767 4959 9895
5175 7831 8959
8767 4959 1054
8489 7093 8009
6837 9439 7690
9795 2279 1376
3289 4432 3443
9916 3688 893
7153 4531 5133
7889 4742 2313
7769 6380 3113
3296 2058 9936
4821 6329 893
2279 5607 3299
2039 8323 1405
9217 503 5600
127 3023 1133
4742 2313 185
8647 2962 6620
7608 2855 6872
8839 5148 7463
7681 1888 6439
87 9439 5719
5175 5803 8959
5607 6232 3299
3964 5920 9094
2073 2094 7151
5185 1980 8704
5607 7 8912
3296 813 9936
1243 1880 8568
5065 8620 127
2160 5065 8620
8540 6319 6353
5065 127 2674
5591 9408 2244
6662 831 9916
4849 84 7058
8152 3145 7789
221 8152 3145
6785 2480 2649
4711 2010 6854
1243 1880 8966
4428 2515 9158
4198 1243 3171
5065 768 9252
8701 1787 2533
6391 5190 5602
4024 6057 2035
7153 5738 4531
7802 9776 8595
4276 9176 4697
87 5719 3583
8839 3443 7463
87 5878 3583
3015 6337 3954
6391 503 5600
3914 6837 9439
6057 2035 6590
7521 9121 1248
5810 9776 8595
7521 1056 669
2352 8839 3443
2898 6745 1181
8292 4959 2917
5175 4139 2515
9561 4910 1161
3830 9561 4910
2599 7552 1865
7521 2558 9121
2352 5406 3443
4849 4509 7058
8839 3947 1075
4198 1839 3171
4667 386 9333
7833 9561 1161
8540 6353 9895
7889 4742 2319
4821 6662 831
8647 5175 9735
4328 4959 2917
5613 9930 51
6391 4856 1405
9585 6319 1726
8647 6620 4139
7833 9561 3594
2234 4667 9333
3830 4910 7823
4514 7555 5850
3296 813 1475
2710 3795 4104
5175 2857 4428
3841 8935 1778
6391 5602 1405
5613 7148 9605
3015 6337 1161
7521 669 2558
3914 3304 3795
2160 5065 768
9585 8292 6678
7833 7194 3594
5175 2857 3281
8645 1286 1616
1191 6785 2649
4514 7555 878
6391 4856 9394
4821 9986 6329
9585 6678 4828
5613 51 9605
5190 2352 8839
3015 1278 1161
4276 7412 31
8540 4104 9895
1961 1955 6772
4821 831 893
8922 7743 7700
7555 878 7745
2898 4514 4172
7743 7533 7700
878 4960 7745
2599 1904 3561
5190 5602 5406
7412 8517 2967
7833 5173 7194
4276 9930 51
6337 8941 4293
5175 3281 5803
5730 8517 2967
8489 6337 4293
4276 9930 2673
9060 2855 8211
878 7452 4960
4276 4697 31
6337 3954 8941
1166 487 5510
8490 7153 6940
7608 9060 2855
9986 2479 8276
4711 2010 1955
7177 4591 8743
7177 4591 9355
7412 1739 9605
3304 3795 4104
3023 1133 8935
3914 1286 3795
6745 1181 4018
6745 466 5850
5190 2352 5406
3914 87 3304
6391 503 1075
2599 1904 1865
4068 1746 2480
4024 6057 2195
8540 3304 4104
4024 9714 2195
8701 8490 7681
5185 487 9203
8701 8490 7153
4276 7412 9605
7177 7681 8587
7177 8490 7681
4711 2116 7594
5185 487 5510
3914 1286 1616
4068 6785 2480
4711 745 1961
6391 8839 1075
4711 745 7594
8647 5175 4139
8647 8493 8276
87 1059 3304
2898 4514 5850
4276 2028 2673
8647 4448 8493
2249 9425 6772
5175 4428 2515
4276 2028 9176
4711 1961 1955
3841 1133 8935
4821 9986 8276
2898 6745 5850
2249 1181 4018
2249 1181 6772
