9745 7972 2476
8745 4130 1439
60 5679 5239
3674 2721 4982
21 2368 1760
9304 6018 8183
9494 2815 7595
6616 8824 5042
5276 1569 6035
4102 2815 7595
21 8350 1760
7205 7972 2476
5375 2586 1344
7281 1782 5667
2961 5679 5239
6018 1276 8183
1047 2862 9393
7588 5375 1344
2586 8707 1344
2586 4075 8707
6568 9298 6008
1150 9745 2476
6099 5944 6209
1902 8395 1097
4299 3674 2721
5276 6209 6035
4810 8306 2317
8183 6481 5214
7885 6892 6876
1663 1097 4595
6285 2129 5151
3275 4075 8707
6829 4102 2815
4675 4130 1439
9298 740 6008
513 3297 7972
2433 4065 632
2961 9587 5239
476 4181 3750
6836 4978 364
6836 364 7554
1276 8183 5214
7730 1106 1569
4950 6099 5944
6291 8183 6481
1604 6836 4978
1047 7267 9393
8676 5467 6998
8407 7467 2766
9342 2584 6978
4231 5667 1212
8395 1097 4595
6554 4595 2803
5795 2555 2329
2229 7896 1691
9853 2725 2062
3219 7885 6892
8433 6377 4181
3516 2129 5151
202 2433 4065
513 9745 7972
4181 3750 7595
7281 1782 7966
2862 9803 9393
9972 9655 8884
79 218 7811
6616 7024 8824
4339 632 8672
6099 5276 6209
6552 2862 9803
1276 6481 5214
9084 2448 4231
1047 2862 7267
1604 6836 2165
8350 1760 8884
2726 6596 5463
7873 6554 2803
3297 7205 7972
3516 364 2129
7730 5276 1569
1748 5439 6829
4933 9661 5597
6198 2851 7665
1276 1225 6481
1855 3989 8433
6421 9870 5667
5964 7987 9197
6291 1225 6481
172 6998 4097
5755 7281 1782
5309 6998 4097
2626 4950 5944
9587 5234 3849
369 2605 4950
6673 8209 3297
6333 8472 8296
7443 2721 4982
8209 3297 7205
6818 6264 8051
5715 2433 4635
7873 4595 2803
8445 8217 5944
1585 5795 2555
5243 79 7811
7767 4339 8672
5332 3458 7345
3925 5309 6554
2731 2555 2329
8148 631 6713
9594 7397 9796
8445 5944 6209
5234 3849 8988
1150 513 9745
3191 3989 8433
2633 1585 2555
1760 9655 8884
9661 9494 2815
476 3750 7595
7682 1276 1225
3849 6285 2129
9715 4933 4851
2448 4231 1212
1693 8988 6324
5332 6510 3458
6995 2862 7267
4562 7767 8672
8445 6209 6035
774 9972 8884
5618 1585 5795
7665 4065 632
5503 6978 6871
5597 3458 7345
5309 6554 4097
4949 9796 1691
8980 2698 2584
2725 2062 7966
5755 7281 5667
3849 8988 6324
4538 6266 5301
7417 8051 836
836 9587 5239
8433 4181 7595
172 6554 4097
9396 5597 3458
2698 5513 2165
3849 6285 6324
7682 1150 513
8745 2605 1439
2961 9587 3849
2505 4851 4114
3654 5243 79
631 9594 6713
1569 6008 6035
740 6008 6035
4438 9908 2636
8981 1693 6291
3654 6316 79
9342 8980 2584
2327 301 9803
7328 2731 2329
8083 1855 3989
1150 7205 2476
369 7934 4950
7934 2626 4950
35 7267 9393
2103 5795 2329
3948 9935 9876
2505 4933 4851
7436 7873 8395
7682 1150 1276
5755 4231 5667
942 1403 9908
4810 5969 5463
3654 2923 5243
6552 4562 7767
364 7554 6377
3344 6510 8229
6695 7691 9197
1855 7554 6377
1855 8433 6377
7873 8395 4595
9730 8650 8619
21 8350 8884
287 1663 1097
7862 5301 3592
2368 1760 740
8772 2726 5463
9594 9796 1691
5129 5964 7987
172 6554 4595
3344 5332 6510
4810 2317 5463
631 9594 7397
2584 6978 7575
1693 5234 8988
8507 8680 8229
1693 5234 6291
1915 632 8672
7417 6264 8051
6014 9850 5972
5234 6291 8183
287 1902 8395
8550 5375 2586
287 1902 1097
8445 8217 1760
9084 7682 513
8981 6291 1225
6552 6995 2862
832 6324 6568
4102 8433 7595
6480 6552 9803
8981 832 1693
8445 740 6035
7691 7987 9197
460 5513 2165
8445 1760 740
6978 6871 7575
5503 6871 7575
4810 8306 5969
5486 7684 8129
5439 6829 2815
1091 3687 5801
4477 9382 719
9382 476 4181
2103 5618 5795
1915 5715 2433
1208 4933 5597
1748 5439 203
9084 7682 1225
9896 4949 1691
2851 7665 632
9896 2229 1691
1915 2433 632
301 9803 9393
8650 8619 4075
9382 6377 4181
2070 9822 9345
8745 2605 4950
9972 8217 9655
832 6568 6008
6892 6876 7873
6596 2317 5463
1403 9908 2636
6480 2851 7767
2078 2379 58
3283 6596 2317
2296 4562 8672
1915 5715 4635
6659 7328 2731
6198 7665 7467
942 9908 8692
6659 7328 2329
172 1663 4595
719 3849 2129
1106 1569 6008
8051 9304 8183
4438 3537 460
1915 2296 8672
6695 7934 7691
4477 9715 9382
4949 6480 9796
4851 1507 4114
5129 7691 7987
8217 1760 9655
186 2327 7397
6876 7873 6554
5332 5597 7345
232 5618 1585
1915 5764 4635
8324 1150 1276
6070 1091 6198
7588 8707 1344
8680 3344 8229
6836 2165 7554
6480 6552 7767
836 9587 5234
7417 6264 9691
8051 836 8183
3640 9730 8619
3687 8407 2766
2267 9068 4786
60 1507 5239
2078 4299 2721
6695 7934 9197
2267 4786 587
5301 4055 3592
5764 2766 4635
7467 2766 4635
3687 6198 5801
832 1693 6324
2368 9298 740
9715 60 5679
2698 460 5513
1855 2165 7554
9935 6812 9876
8324 626 9870
3537 460 2165
6198 8407 7467
2851 7767 4339
9678 7024 8824
2851 4339 632
2448 5667 1212
2327 301 287
186 2327 287
2532 9229 6596
400 1782 7966
9822 9345 5486
2726 227 6596
1412 1604 2165
6285 6324 6568
6687 1611 4738
3687 6198 8407
6673 513 3297
369 5964 7934
1091 6198 5801
1424 6818 3592
3654 2923 6316
3617 8692 8083
1412 2698 2165
9825 6070 6198
1915 2296 5764
6648 7281 1782
2078 7443 2721
6480 7397 9796
6333 8472 2425
8148 186 631
3537 1855 2165
9342 8980 774
7665 7467 4065
9588 6673 8209
2626 8217 5944
9935 6812 5439
6648 5755 1782
9853 4888 2725
172 5467 6998
202 7467 2433
227 3275 4075
8772 9073 3275
3219 6892 7873
7730 6099 5276
232 2633 1585
5964 7934 9197
6285 6568 9298
3283 9229 6596
4055 6818 3592
3224 942 8692
8772 2726 227
202 7467 4065
2698 2584 460
3891 7436 7873
9876 301 9393
9396 9661 5597
5439 9661 2815
6070 1091 8083
1208 2505 4933
2267 7684 587
7467 2433 4635
4438 9004 460
1412 774 8884
4738 2919 9073
3687 6995 7267
1052 663 3836
9715 9382 476
6812 5439 203
7417 836 5239
4055 6818 6264
3617 3224 8692
35 203 7267
836 5234 8183
4438 9004 7575
5408 942 1403
7934 2626 7691
227 8619 4075
4738 3275 8707
3191 8083 3989
8550 2586 4075
186 631 7397
2636 5503 7575
186 287 1663
1208 5332 5597
1412 8980 2698
8342 8550 5964
6333 2425 58
9825 6480 2851
2448 6421 5667
9345 5486 7684
6648 4888 7281
1611 4738 2919
9084 8981 1225
8148 6713 172
9825 4949 6480
4438 2636 7575
9825 6198 2851
172 7896 5467
3925 6876 6554
6713 7896 1691
1604 21 2368
3344 2229 7896
4929 8772 5463
2267 9345 7684
2923 5243 6230
1604 21 8884
301 7436 8395
3224 9825 6070
5243 2633 7811
9084 2448 6673
9594 6713 1691
2451 2070 9345
663 6616 7024
2103 240 2329
3537 8083 1855
9004 460 7575
4738 9073 3275
9084 6673 513
8650 8550 4075
400 2062 7966
1952 9678 8824
8472 7069 400
1412 1604 8884
9876 35 9393
301 287 8395
2243 0 5503
2451 2267 9345
4008 5965 1424
8472 8296 6316
3687 203 7267
8692 3537 8083
2296 5764 4562
9715 4933 476
3344 7896 5467
3219 7885 8229
7541 9853 2062
3891 9876 7436
9715 2961 5679
6552 5764 6995
4438 9908 8692
9876 301 7436
0 9822 5486
9715 60 1507
9715 4851 1507
4477 719 3849
1952 2425 626
5408 3224 942
4438 8692 3537
6341 374 9896
3640 227 8619
3219 6510 8229
3836 9562 9301
2451 6687 2267
8324 9870 1150
476 9494 7595
9588 2448 6673
4929 8772 9073
6316 79 218
8550 5964 5375
2584 460 7575
626 9870 5667
1412 8980 774
2725 7281 7966
2633 218 7811
8772 227 3275
5243 2633 6230
2243 2636 5503
240 6659 2329
6093 9972 7691
6093 2626 7691
444 2923 6230
6818 8051 9304
3344 8676 5467
9730 8650 4675
9382 364 6377
6264 2505 4114
8306 2317 3674
8324 6018 1276
6264 9691 4114
9382 719 2129
6648 7730 1106
9588 8209 7205
7069 400 626
3976 2267 9068
4929 5969 5463
476 9661 9494
232 9480 8808
444 2633 2555
3617 3224 6070
1952 8824 5042
2243 7684 8129
2532 444 2731
1999 9562 5784
6713 172 7896
832 1106 6008
444 2731 2555
626 1782 5667
4933 476 9661
3948 3219 6510
3976 9068 4786
6552 5764 4562
3617 6070 8083
5965 1424 6818
2327 7397 9803
3948 3891 9876
6812 9876 35
6648 5755 1106
3191 4102 8433
3344 5309 6998
9588 2448 6421
5527 9850 1965
3344 8676 6998
400 8808 2062
8148 186 1663
9691 1507 4114
8148 172 1663
7541 2103 5618
9342 5503 6978
1101 7619 7443
8414 3191 8083
7541 8808 2062
3948 6510 3458
8342 369 5964
9730 8745 4130
6480 7397 9803
4271 1208 5332
8507 8680 3925
4888 2725 7281
3403 2379 5042
444 2633 6230
9850 4538 5972
232 2633 218
6812 35 203
7885 6876 8229
9825 9896 4949
1604 2368 4978
8680 3344 5309
2425 2379 58
6687 3976 2267
9382 364 2129
232 6316 218
8414 1091 8083
5965 9304 6018
8414 6829 4102
9730 4675 4130
8680 3925 5309
2243 5486 8129
7417 9691 1507
5965 6818 9304
3948 3891 3219
7440 2078 2379
7417 1507 5239
3976 4786 587
7541 232 5618
1748 203 6829
2368 4978 364
7440 2078 4299
4008 1424 3592
8414 3191 4102
3687 5764 6995
3891 3219 7873
2368 6285 5151
1952 8324 626
5784 1611 9685
3687 5764 2766
6421 9870 1150
5129 7588 5375
7619 7443 4982
3948 9396 3458
2070 9342 774
1611 9685 6150
2368 6285 9298
6687 3976 6150
5965 8324 6018
8342 369 2605
6341 5408 3224
5755 832 1106
4477 9715 2961
1052 3836 9562
7541 9480 8808
1965 9685 6150
1570 1101 7619
2532 6659 2731
2368 3516 364
9850 4538 6341
1239 2080 240
2368 3516 5151
1999 5784 431
4477 2961 3849
5129 5964 5375
2243 0 5486
4538 6341 374
7541 9853 4888
400 626 1782
3403 2425 5042
1403 2636 7684
9562 5784 9301
5408 3976 1403
3948 9935 9396
5250 6005 6648
2532 444 9229
8472 7069 626
1239 2103 240
9972 2626 8217
6266 5301 4055
2070 0 9822
8507 6876 8229
2070 9342 5503
6687 1611 6150
4055 6264 2505
6333 8296 6316
3403 2425 2379
1952 2425 5042
1052 663 9562
8342 2605 1439
5129 9972 7691
5250 6648 4888
5527 6341 5408
8414 1091 6829
4538 5972 5301
4738 7588 8707
8472 2425 626
9588 6421 7205
6421 1150 7205
1965 9301 9685
9084 8981 4231
3976 7684 587
8342 4675 1439
4929 2919 9073
5250 6005 3640
4929 8306 5969
5250 7541 2103
6014 9850 1965
6093 9972 2626
3976 1403 7684
6341 3224 9825
2070 0 5503
7541 232 9480
7730 4950 6099
6005 3640 9730
5250 1239 2103
8507 3925 6876
8650 8550 4675
4929 7936 431
2080 240 6659
7100 6648 7730
6616 2379 5042
1570 444 2923
5784 7936 431
4929 7936 2919
6014 9301 5972
5527 9850 6341
6341 9825 9896
2451 6687 4738
5755 8981 832
4271 3344 5332
3687 203 6829
9935 5439 9661
2243 2636 7684
6014 1965 9301
232 400 8808
4271 374 9896
5129 774 9972
2451 5129 7588
1965 3976 6150
4271 1208 374
3836 9301 5972
7936 1611 2919
1091 3687 6829
5784 7936 1611
5755 8981 4231
5527 1965 5408
8472 232 6316
5784 9301 9685
4008 7862 3592
6333 2078 58
8342 8550 4675
8472 232 400
3640 227 6596
1101 2078 7443
9935 9396 9661
5250 1239 2080
4929 4299 3674
5250 7541 4888
4271 9896 2229
663 1999 9562
2451 2070 5129
4271 3344 2229
2532 3640 6596
5250 3640 2080
444 3283 9229
7730 8745 4950
4929 8306 3674
8455 6333 2078
8455 1101 2078
1570 2923 6316
4929 431 4299
1965 5408 3976
1570 7619 4982
1208 4055 2505
2317 3674 4982
2451 4738 7588
2532 3640 2080
4538 6266 374
2070 5129 774
3283 2317 4982
7100 9730 6648
1570 8455 1101
2532 2080 6659
6005 9730 6648
6266 1208 4055
6266 1208 374
3836 7862 5301
4008 5965 7024
7440 431 4299
7100 9730 7730
1570 8455 6333
3836 5972 5301
5965 9678 7024
1952 5965 8324
1570 6333 6316
4008 7024 7862
663 7024 7862
1570 444 3283
1952 5965 9678
7440 6616 2379
1999 7440 431
9730 7730 8745
663 3836 7862
1570 3283 4982
663 7440 6616
663 1999 7440
