4330 2052 9802
7340 928 7700
4856 1405 8700
1140 5723 9481
5723 9481 2303
2765 9450 5648
3052 928 9897
8000 4132 5294
6182 573 3940
2765 9450 8636
5020 9761 635
9971 6610 783
7545 1504 3940
3985 4364 582
9450 5648 8636
503 4532 2646
6469 5020 966
2837 9558 5599
1672 6490 436
5103 8419 8561
655 7603 8328
6708 6854 3193
2765 5648 5330
710 7299 3050
1667 9206 6082
3302 2743 7990
1551 9971 6610
6854 3193 9857
5421 4679 1504
7237 8328 573
4574 3372 635
2765 5330 8636
8188 8579 8173
928 7700 9897
8256 5120 2732
8328 573 3940
5145 1525 3069
3345 4020 5593
8000 5294 9373
1140 9481 2303
5421 7545 1504
7237 7603 8328
2462 412 644
1294 8575 2589
9971 4116 783
6854 9857 7821
8763 1961 6772
6611 5120 2732
7700 9897 8636
145 6611 5120
3242 5082 2572
1667 6082 795
3345 5593 4998
5020 966 635
145 8256 5120
9206 6082 795
9883 3034 6182
1564 3069 8752
4998 4364 582
8328 1504 3940
7560 5593 4998
4757 582 2303
6469 5020 9761
7504 9205 5794
4757 3985 582
655 1671 8328
3372 323 635
5000 7137 5347
2035 5493 8070
1672 8025 2854
4574 9761 635
4752 5581 9307
7299 3050 1658
1564 5145 3069
7545 6182 3940
8756 8487 4530
5794 9971 9225
8487 4530 3175
3242 7091 5082
4679 1671 1504
2195 6611 2732
8090 5384 5900
2625 1467 9915
5145 7031 1525
362 4583 9904
7622 4525 124
412 795 644
1565 5294 9373
6495 1903 8487
9046 2950 3845
3193 9857 7821
4525 124 5908
1671 8328 1504
7560 4998 4364
7340 7700 8636
9358 3402 5099
9358 5099 5909
5403 145 6611
1620 6490 436
9470 9394 9292
1651 2238 3496
5976 2322 2745
8949 682 7674
3749 4530 3175
6877 2943 5409
3253 4418 3218
6495 8487 3175
2322 2745 966
9883 6182 573
1421 2322 966
8553 5103 8561
7560 3985 4364
2645 3749 3975
5627 2589 3218
5780 7011 5649
4648 2462 644
2204 4132 5294
9558 5599 5308
7011 2645 3749
198 3052 928
7340 8256 928
7377 6469 966
2431 6495 1903
5581 8756 4530
3345 4998 582
9971 4116 9225
9778 2195 6611
5773 795 644
7318 2839 3243
7377 6469 9761
2768 2950 3508
3817 8253 4012
7137 5099 5347
4626 247 1903
2039 5602 970
1590 6828 3402
4986 1551 6610
2195 8256 2732
5361 7729 5000
2054 1498 9199
6745 8763 1961
1294 2354 2589
8173 6828 5650
1784 4583 9904
4648 2462 412
4848 2320 2572
4370 406 3251
5976 2745 323
7729 5000 5347
2745 323 635
1525 3069 8752
1672 436 2854
9206 7545 6182
1565 5671 9373
3317 2716 4417
8025 4574 3372
4794 7249 9018
3345 4020 582
1174 4392 9030
2745 966 635
5645 8419 8561
5493 8070 1647
8253 4012 4116
5976 4218 323
3404 5600 9292
3911 8986 7466
8553 5645 8561
1651 3404 5831
8949 682 8889
3404 5831 5600
4958 5145 7031
2854 365 3893
9052 3817 8253
9046 2950 3508
8568 5141 9355
7137 5099 5909
9446 406 2201
1109 1880 5959
8070 1647 8752
4283 8575 2589
6267 4648 5773
5648 9897 8636
9307 7011 5649
2322 3372 323
3189 3253 3218
1291 7137 5909
4583 5000 7137
4583 1291 7137
1109 6582 1880
9030 3879 5780
362 4583 5000
1658 5912 3034
5432 4958 7031
2116 8674 4172
315 4417 9364
6635 206 2052
4611 8000 9373
4986 1140 2303
6057 6590 5330
1565 101 5671
4648 5773 644
2716 5048 4417
9651 9514 3496
5421 412 7545
8986 8743 7466
4626 1903 8487
3879 5780 5649
5767 5189 8090
1291 3749 3975
4794 9018 3366
467 5497 2320
8323 4856 1405
8253 4116 783
1415 7318 3243
5048 315 4417
1687 1565 5294
9206 412 795
8978 4611 9373
3189 5627 3218
8579 8173 6828
6495 3749 3175
3386 8889 2023
13 5738 9710
2768 3508 4284
6828 5650 3402
4330 3817 9802
5497 3251 6101
406 2201 3251
9307 7011 3749
8886 2645 3975
5593 5648 5330
7879 9710 1525
2743 7091 5082
5723 2303 6610
5581 9307 4530
9046 9364 3845
3249 5645 8419
4112 5648 9897
2023 8693 5141
5650 3402 5099
8188 3950 8173
1658 3034 6182
9446 4370 406
6745 1181 1961
3872 4112 9446
6101 2943 8995
2195 7340 8256
9018 3366 1687
8568 5364 9355
1532 2303 6610
4112 3052 9897
9202 714 7860
8978 4611 8000
8188 8579 7237
6590 7560 6186
2238 9514 3496
6106 3522 4116
7153 3340 5226
2320 3242 2572
4534 1590 3402
2839 1405 8700
503 4532 5600
8253 6610 783
9018 6545 1687
315 9046 9364
9307 3749 4530
4417 9364 3845
8253 1532 6610
8978 8000 4132
7560 5593 5330
4265 8025 2854
8553 7853 5645
1784 2431 6495
9714 3953 9778
9206 412 7545
6925 4370 3251
6590 7560 5330
3227 4284 101
344 9514 4370
3135 5384 5900
8070 1564 8752
856 5403 198
5216 4838 8485
6106 5308 4116
8949 3386 8889
3331 3249 5645
1140 5723 6610
860 6759 4418
4283 5627 2589
4591 5141 9355
13 5738 1647
3227 101 5671
9710 1525 8752
4986 1140 6610
8490 970 9062
467 4986 1551
856 198 7977
9217 4024 9915
5738 9710 1647
3226 2935 5002
8756 4626 8487
5432 7031 1525
6940 13 9710
2396 8986 8743
9710 1647 8752
2331 5767 5189
3879 5649 4218
9052 3817 4958
6925 2943 8995
5097 2054 1498
1532 4757 2303
455 8756 4626
526 2625 1467
9030 4534 5780
3135 228 3665
3522 4116 9225
7006 198 7977
6937 1340 8485
9205 3522 5794
1888 8693 5364
4392 9030 4534
344 3872 9514
3135 436 2854
2533 6267 7897
228 3665 365
6267 7897 4648
3135 436 5900
666 655 7603
3226 2935 4838
5413 7504 9205
6057 5330 8636
4392 4534 1590
2354 2589 3218
5976 3879 4218
7794 3465 2686
5413 7504 5794
1667 1658 795
3817 4958 9802
7860 6877 5409
6893 3317 2716
5428 1784 9904
3522 5794 9225
6925 6101 8995
1667 1658 9206
5432 6635 2052
8949 3386 7674
436 8090 5900
2533 6267 3050
5428 5361 5000
1787 1608 7897
8454 8070 1564
2201 4020 582
6893 2716 5048
8701 7153 3340
8587 5364 9355
5432 2052 9802
5403 145 8256
3950 8173 5650
344 9446 4370
344 3872 9446
1608 7897 4679
7466 970 9062
6925 9514 4370
1658 9206 6182
6925 3251 6101
4986 582 2303
1174 4330 2052
2854 3665 365
2533 710 3050
8568 8693 5364
5413 5794 9971
4112 198 3052
2625 320 2035
8651 9394 9292
3302 2743 7798
6439 8587 5364
5421 4679 412
1651 3496 5416
4265 7377 966
1620 436 8090
362 9904 5000
9714 9778 2195
5432 4958 9802
9628 9975 1172
4534 9358 3402
9030 5976 3879
6027 7798 228
6267 3050 1658
2839 8700 3243
2768 2950 3845
3872 2238 9514
8568 8693 5141
4110 860 4418
9358 7011 2645
8553 7853 7729
3366 2204 1687
5599 3817 4012
6495 1291 3749
8886 3975 5909
6095 6027 4265
1291 3975 5909
2071 1787 1608
6095 6027 5413
8978 7299 4132
3465 8700 3243
5428 9904 5000
5599 4330 3817
8553 5103 7729
2204 1687 5294
5602 7466 970
9059 5097 1498
8651 3404 9292
7798 228 5384
2743 7990 5082
3302 2054 7990
3950 5650 5099
2952 860 6759
3366 2204 4132
4110 3253 4418
2952 6759 2354
4503 9046 247
3227 5671 9373
320 2035 5493
8978 5912 3034
3507 4794 710
6095 9205 3522
720 9680 4591
9358 2645 5909
1620 5189 8090
5780 9358 7011
8886 2645 5909
4532 5600 2646
3226 2686 5002
7990 5082 2572
6759 4418 3218
1340 1172 5416
1658 5773 795
4265 365 3893
4265 7377 9761
3331 3227 9373
3507 2533 710
2952 1294 2354
5599 5308 4116
887 5685 4283
1532 4757 3985
7729 5099 5347
1955 6582 6772
8387 1620 5189
8978 9883 3034
5599 4012 4116
8651 4838 8485
4856 8700 9394
6095 5413 9205
4265 8025 4574
4534 5780 9358
8454 9052 1564
710 7299 4132
4265 2854 3893
9217 9915 9470
1784 4583 6495
4423 507 8966
9527 6668 5908
526 2625 320
3135 2854 3665
720 8612 9680
3135 228 5384
4265 1421 966
5428 3227 4284
2743 7798 7091
1651 5831 5416
887 4283 8575
1880 5959 3150
6940 320 13
9747 8612 7821
7177 8490 9062
6095 6106 3522
5048 315 9046
1467 9915 9470
4848 8531 714
6759 2354 3218
856 7006 7977
1672 6490 5581
3507 4794 1888
3872 2238 7006
8387 1620 455
4265 4574 9761
8490 2039 970
4974 4830 2768
2071 655 1671
8978 7299 1658
8025 2322 3372
7853 5645 7729
6267 1658 5773
6057 7340 8636
8978 1658 5912
4020 5593 5648
4112 9446 2201
6937 1340 5416
8323 526 1467
8651 3404 5831
5428 3508 4284
467 5497 4986
4112 2201 4020
887 1294 8575
1672 5581 8025
5403 198 928
8568 2023 5141
4752 9307 5649
9052 4958 5145
3465 2686 7491
2686 5002 7491
3872 7006 198
3289 2396 9680
4583 6495 1291
1340 5216 8485
4974 4830 2125
6937 8651 8485
3226 7794 2686
6545 1687 1565
4974 1910 2768
5002 9394 7491
9975 9651 9514
9714 503 2646
6027 7798 7091
9714 3953 2646
7249 2023 8693
2935 8651 4838
3465 9394 7491
5403 8256 928
5428 1784 2431
3872 4112 198
9975 6925 9514
2331 6213 5189
666 1590 6828
6704 507 682
4024 2625 9915
9747 1880 5959
9052 1564 5145
4112 4020 5648
1172 3496 5416
7897 4648 412
6937 5831 5416
2010 9747 1955
8454 8070 6186
467 2320 3242
4848 7990 2572
9628 9975 6925
7897 4679 412
9059 2331 5767
2010 9747 7821
1340 1172 5216
6732 4514 7571
7798 8090 5384
745 1181 1961
320 5493 1647
320 13 1647
4794 710 4132
1172 9651 3496
4752 5581 8025
3465 8700 9394
1415 7598 7318
507 682 8889
6732 6704 887
4848 8531 7990
1955 6582 1880
5428 2431 1903
1415 7794 3243
7598 7318 2839
1620 455 6490
5413 3242 7091
8531 714 7990
5497 6101 2943
2010 6854 7821
1174 4392 1590
4794 3366 4132
9052 8253 1532
8763 6582 6772
1174 206 2052
9558 6106 5308
8743 7466 9062
2935 5002 9394
4525 6668 5908
5048 4503 9046
4848 714 7860
5097 2054 7990
7794 3465 3243
745 7594 1181
6027 5413 7091
7249 9018 2023
2837 9558 6106
8889 8568 2023
5413 1551 9971
2125 2952 7674
2071 4679 1671
4830 7622 124
3249 5103 8419
3953 3404 5831
9680 3193 7821
7879 5432 1525
3950 7729 5099
4711 1549 6708
8070 6590 6186
8188 7237 573
9975 1172 9651
1467 9470 9394
9528 6745 8763
4514 7571 4172
7798 5767 8090
9628 2943 5409
7681 6439 8587
5831 5600 2646
6937 8651 5831
6490 5581 8756
455 6490 8756
8612 9680 7821
6027 228 365
4752 2322 323
4711 6708 6854
2071 1608 4679
7598 6668 2839
9569 7598 6668
4752 5649 4218
4024 2625 2035
4794 1888 8693
8323 1467 4856
6027 4265 365
9217 9470 9292
9628 6925 2943
4503 4626 247
2837 5599 4330
4752 4218 323
526 6940 320
2054 5767 9199
1888 6439 5364
666 2071 655
2238 856 7006
8652 9059 2331
1702 887 5685
4848 7860 6877
9747 8612 5959
666 8579 6828
7560 6186 3985
8188 9883 573
4794 7249 8693
4591 8568 5141
3953 5831 2646
3331 8978 9373
1910 2768 4284
2935 8651 9394
8999 6893 6213
1651 3953 3404
5428 3227 5361
1174 2837 9030
4752 8025 2322
3302 2054 5767
3911 5602 7466
9059 1498 9199
1880 3150 8568
3399 3911 8986
8454 6186 3985
1549 4432 6708
3249 8978 9883
9628 1172 5216
7153 6940 9710
4830 2768 3845
8999 2331 6213
8454 9052 1532
2898 2116 7594
7879 5226 9710
2898 7594 1181
4830 4417 3845
2396 9680 8743
3950 5103 7729
3302 7798 5767
467 3242 1551
8188 3950 9883
3386 9018 2023
7153 5226 9710
9680 4591 8743
1787 2533 7897
9059 5767 9199
9747 1955 1880
3331 3249 8978
3386 2125 7674
8579 7237 7603
2837 9030 5976
2039 526 6940
3340 2071 1787
1243 8889 8568
3331 5645 7729
9778 5403 6611
1174 6635 206
5497 2320 2943
9569 1415 7598
3317 7622 4417
666 8579 7603
8701 7681 2533
4848 6877 2943
3227 5361 7729
6095 4265 6106
6732 7571 4172
5413 3242 1551
720 4591 8568
8387 455 4626
720 8612 3150
9217 5600 9292
8612 5959 3150
4848 2320 2943
720 3150 8568
3331 3227 7729
8701 3340 1787
1910 4284 101
3289 4432 6708
1467 4856 9394
1109 8966 5959
9528 6732 4514
2837 5976 2322
9628 7860 5409
8652 8999 2331
3911 5602 5406
1880 8966 5959
9528 6745 466
1174 2837 4330
4423 8763 6582
1910 6545 1565
1651 2238 856
4830 7622 4417
3289 6708 3193
2116 8674 1549
4974 3386 2125
5097 9202 714
3189 4283 5627
2837 1421 2322
9059 5097 3226
9628 9202 5216
9628 9202 7860
2035 8070 6590
4265 6106 1421
1651 856 5403
2039 8323 526
5097 714 7990
1910 1565 101
8454 1532 3985
3289 9680 3193
8652 9059 3226
9217 4024 9714
7177 8587 9355
3911 5406 2839
666 1174 1590
2837 6106 1421
6704 682 7674
3289 1549 4432
9569 4525 6668
507 1243 8966
6213 8387 5189
6704 887 1294
7177 8743 9062
6893 6213 5048
4423 1109 6582
4423 1109 8966
3226 5216 4838
8490 2039 6940
2898 2116 4172
2201 4986 582
3249 3950 9883
4711 2116 1549
9527 4110 860
9528 4423 8763
5497 3251 4986
6057 2195 7340
3249 3950 5103
5428 247 1903
7681 3507 1888
1651 3953 9778
2952 7674 1294
9217 9714 503
9528 6732 6704
7681 3507 2533
2039 5602 1405
5097 9202 5216
3911 6668 2839
3189 4110 3253
2039 8323 1405
9217 503 5600
7681 1888 6439
3386 9018 6545
507 1243 8889
1243 1880 8568
8914 8674 4172
8914 3289 1549
9527 2952 860
3189 5685 4283
4711 2010 6854
1243 1880 8966
8701 1787 2533
9528 466 5850
6704 4423 507
4024 6057 2035
4974 3386 1910
9569 6893 3317
666 1174 6635
6057 2035 6590
5602 2839 1405
5097 3226 5216
2898 6745 1181
2201 3251 4986
4830 124 5908
1702 8914 3289
3911 9527 6668
8914 8674 1549
3317 7622 4525
3399 3911 9527
3289 2396 8986
4514 7555 5850
4830 2125 2952
7879 5226 5432
1651 9778 5403
9569 3317 4525
3386 1910 6545
5602 5406 2839
1702 3189 5685
8652 9569 8999
2071 5432 6635
1961 1955 6772
8652 3226 7794
666 2071 6635
2898 4514 4172
9569 8999 6893
6704 7674 1294
3399 1702 3189
9528 7555 5850
9046 3508 247
5428 3508 247
1702 6732 887
8490 7153 6940
6213 5048 4503
4711 2010 1955
7177 4591 8743
7177 4591 9355
6732 8914 4172
9528 4514 7555
6745 466 5850
9528 6704 4423
3340 5226 5432
4024 6057 2195
1702 6732 8914
4024 9714 2195
8701 8490 7681
8701 8490 7153
7177 7681 8587
7177 8490 7681
4711 2116 7594
9527 2952 5908
4711 745 1961
8652 1415 7794
4711 745 7594
3340 2071 5432
2898 4514 5850
4830 2952 5908
4711 1961 1955
6213 8387 4626
8652 9569 1415
3399 3289 8986
3399 9527 4110
2898 6745 5850
3399 1702 3289
6213 4503 4626
3399 3189 4110
