4336
8011
6392
4084
2809
2225
5826
1491
8
2047
8558
9386
577
3213
2345
246
4221
9726
3723
7793
1874
9009
7527
5088
8441
4614
6867
2553
7646
1932
1875
8608
8892
3673
9213
3545
7921
8360
3068
4758
6060
8726
8385
8491
2197
8642
1458
7329
8046
6024
9505
192
9666
1584
1697
1374
867
3265
5283
8636
6881
901
5877
9774
2903
3933
6688
5075
9509
9989
1309
8659
837
7110
1983
1832
7779
4451
6396
8245
6531
9440
5907
2568
846
5205
7957
4251
5478
2803
9488
5081
7169
5214
2205
1536
9145
8338
3519
4865
6481
859
3940
3153
6222
8837
4114
7597
9964
5895
6929
4344
3290
6823
3777
8781
2417
3632
1576
8508
2200
573
1451
783
6311
3342
7407
494
6610
7405
5485
2821
2381
4327
5230
5254
5771
4188
2920
9724
3653
3285
3473
7910
8653
4412
4009
9813
9604
2335
8820
7814
635
6707
5678
4603
2
7079
5684
2580
230
3736
4686
2860
2476
67
4086
2303
2888
8519
6957
7972
7410
7145
5100
5862
4898
115
4498
4712
5453
4992
849
3747
7606
4119
2074
4595
9603
122
6599
6496
865
3603
5536
739
6140
1234
96
7911
7724
4019
9481
7108
2281
9616
4548
2117
1504
6182
8728
1084
6283
28
9745
4496
6327
4748
4726
1302
1520
9555
2137
161
1217
826
1975
2650
1799
6736
6547
7979
5723
8095
1992
3252
829
3487
8213
3044
9897
8607
3868
1624
5248
6824
1246
9764
708
2486
6298
7570
2439
4609
305
1379
470
6770
8969
3045
9430
9189
9102
8183
9138
8067
6228
541
6816
3194
5785
7558
2542
56
2793
5452
778
7997
1652
250
2145
6902
4023
1765
542
5609
7835
4543
4285
1818
6233
4664
8654
4980
1511
4097
9404
969
6176
2230
5187
3028
2008
625
8139
1791
950
2831
456
48
4134
5981
2588
2410
5425
5326
3375
6141
9037
5610
9500
6035
717
1236
8907
966
582
8327
1822
8838
3361
1489
1225
3698
9463
163
2108
2144
1535
7696
6966
2375
6073
1562
6973
6194
5855
9663
9770
2735
601
2123
522
6598
4379
6489
4463
2183
7059
8170
2522
8916
7595
9458
715
644
9223
8328
4395
752
7700
1097
6840
5696
5864
3820
9866
4364
6676
9869
2613
5504
3379
2677
6242
8783
2122
3158
323
5834
6555
9498
2601
9265
93
795
3029
6554
3367
8965
9794
868
3584
3856
7297
1114
1164
6587
7545
75
3806
5917
9352
8309
5330
9111
611
214
7013
8751
5257
8107
9065
5480
7075
6976
4528
649
8884
7347
4109
5119
6461
6733
1752
8861
2484
8395
9912
8307
1388
4596
1296
1162
1756
5722
4032
329
7737
3284
9946
3909
9340
3076
4579
4584
2427
6008
7820
8857
684
9225
3165
569
1274
7286
2504
4518
2161
6516
5916
7698
6808
2178
4599
5804
6911
8137
2529
4512
5716
6832
880
3750
1951
3196
5709
8052
1344
593
6609
7171
6217
2614
9082
5012
72
7533
8368
2247
9371
2684
2786
6967
1276
5367
9182
8374
5706
3364
9032
9893
6869
7056
8220
8388
2832
2732
6134
4011
7612
2539
2865
1452
7697
9434
833
439
1505
8437
4746
4431
4956
4181
6674
9933
6100
3008
3412
1775
6741
7930
1007
1053
5523
6021
9370
5256
3748
2447
4214
8522
7511
2936
871
9550
7138
8094
309
3014
8844
8657
6921
789
6556
9657
9997
6018
7883
9917
6999
3985
2877
770
2311
7205
2999
9519
7233
7080
9586
1876
2148
2438
6377
4268
7614
3001
1663
9262
4998
4116
6058
9263
1789
7330
3372
5616
1031
1868
9485
9375
3780
8798
7988
4002
8867
5569
7741
9761
1997
8516
5704
740
3419
3235
6219
6178
91
4218
1215
7945
7415
2475
9289
8225
3259
9899
1657
4545
1141
7947
4255
9064
6628
242
1634
5481
5020
1902
8707
5443
5151
6092
1861
5664
4061
1804
2283
685
1179
9948
7638
3011
4117
5120
6778
2056
6512
3464
7743
7464
3175
3961
5986
2082
3875
4772
940
299
6567
4075
4905
1332
906
5227
7603
1035
9504
4568
585
6279
6992
6469
5865
174
5758
5272
971
7748
8453
9551
6584
1873
5648
3136
7582
6211
3142
8898
212
1131
9258
772
7351
5096
6389
9251
716
7130
5588
1712
6998
3844
5171
7873
9450
7554
6209
5583
7258
6809
5663
8713
7243
4975
9109
1202
518
4147
6200
2748
9655
5260
3585
8427
1260
9536
7926
9971
2357
6651
928
9660
1587
3498
6273
2388
5781
5242
8256
1569
572
2030
6247
8632
5608
9638
70
4060
5839
4637
7938
1453
2373
9977
2020
2924
8433
5593
4572
1212
9459
5750
4871
9861
6779
5615
6048
7400
6743
7015
7037
3172
797
9298
7174
8770
700
3630
7349
5837
890
4993
8695
2083
7717
2343
2899
6367
2018
7772
2644
5365
3163
4619
3052
5575
5955
6104
5011
6102
6394
810
842
8881
678
3663
5655
5887
3297
8633
5353
7020
3502
3560
9397
8439
9839
9093
7219
5323
6129
8643
590
6621
513
2579
1125
2141
8752
527
4238
8401
7744
3893
8261
7445
7618
477
1943
5276
2701
1371
6926
633
4402
4253
4662
8424
4694
9395
1678
758
9119
9100
2079
6774
8035
7340
3627
2848
3672
2586
8753
6053
2001
1137
1022
7857
8290
3356
9085
292
8672
9598
9486
1541
1150
6968
7919
8567
7761
2389
9398
3346
5386
5926
1845
9384
2546
741
9903
8814
2840
2594
4635
4384
4199
2621
1761
5239
632
8616
5919
5818
5468
9025
7301
9210
2912
4792
4501
5909
1037
9723
5932
2960
3906
187
2607
5050
2129
8997
5244
5735
7107
6127
8300
341
1531
5574
3282
727
6791
3034
1196
6423
8428
8264
8409
5017
915
7159
2284
2383
2772
6081
6291
1929
8062
2392
4682
7221
8586
7989
5519
102
5640
9374
9847
5006
3876
5989
7173
1610
6376
4900
1551
6414
4096
1266
5010
629
4381
3198
676
4878
7813
128
6293
5153
1760
2114
3989
2765
2236
1411
5770
2162
8031
5059
6422
5268
8883
3511
9727
5532
4153
8744
4339
126
2956
4826
6287
2929
6568
1378
74
7585
7797
6340
7155
4530
6226
2745
4940
6815
7078
2366
8098
7702
5667
6718
7775
596
7227
8588
8505
3656
1028
1229
6611
5601
3832
8054
8247
8583
7848
4656
7605
5016
8329
8262
5931
105
9002
1119
1304
3423
9749
9982
844
690
2011
5962
1357
8487
7345
4819
6504
5325
9099
7199
8339
6601
5970
364
1514
3414
2502
2337
3540
5699
1057
8043
2022
3634
5925
9637
8336
1627
672
6843
3033
1680
7995
1134
6184
6174
6962
2758
1507
241
5817
1771
3445
5247
5541
6241
2990
3159
6460
1313
6171
3813
5741
3588
1391
8788
4411
8991
8571
2442
6775
1346
3596
2324
8896
3756
958
7175
337
9393
1361
347
3635
5793
6870
9617
8931
1602
62
6664
8784
9136
5448
9269
9583
9682
7778
6153
4847
2987
1140
9472
7890
668
4493
1617
8634
6731
8948
1178
8128
182
2894
9154
4757
9775
8235
8613
7519
1426
9487
7682
8281
6930
3054
5651
3458
2815
4340
4020
4795
3358
4193
9662
3645
5347
7777
733
6346
4495
576
2224
6786
8762
147
543
1338
5508
3345
5798
5886
4410
6147
7036
9494
9294
1314
6447
3362
8956
6719
1090
4041
5429
2973
3067
8193
1713
1945
4324
5335
6143
2359
9214
9144
5649
3262
5409
7633
5598
2989
5945
8475
7451
9468
968
3921
2272
9095
9688
9281
3565
8510
5597
4480
4220
728
4065
6697
5437
2871
4049
2872
9792
8675
6067
642
453
8502
6681
7959
6944
7795
2107
6156
7421
1510
931
4927
1143
1522
8557
6593
4793
697
8028
1669
263
7544
2932
1184
4915
4978
5159
365
7118
2766
257
1468
8218
5152
6910
3975
4573
4048
2795
3804
2509
6560
3843
3749
3715
5535
4148
2468
6324
2675
4136
2519
4017
9962
3983
6170
3053
7966
1566
1030
3591
1065
3541
9443
9633
481
6330
5973
6754
7367
6800
2670
3766
2637
8988
8331
3460
8192
3271
6155
7346
413
237
6254
9998
36
9431
6199
5558
4744
5407
6148
8649
9284
7165
4277
3647
2157
1301
3881
1927
7699
7515
7267
9110
6897
4059
1267
3614
4592
8350
5155
156
6725
1727
1662
9925
7084
4805
3963
2596
2189
1579
9860
5130
4661
2026
3994
7207
7767
7375
9621
2810
6430
8001
6386
4903
6577
8961
5359
787
281
6860
5128
1532
6253
412
9533
9565
6249
2788
884
8008
2218
9702
4872
3670
9083
1400
7801
9834
7508
3613
6458
9641
3300
1782
3864
1331
3681
4471
3680
877
2462
3982
3092
3270
325
390
3659
3035
6730
1337
4207
7181
5392
6653
5761
7856
2280
2163
9803
5397
6082
3600
4079
4385
4439
1509
9167
3312
66
2253
2240
5046
1360
866
7787
7086
2092
7414
5099
5626
7454
6696
2564
6069
5455
4851
7863
8563
4658
289
3712
6285
4352
7641
1528
5879
3069
5944
4445
8761
1689
9614
3516
90
8593
1912
4456
1155
8793
9330
8214
4799
6847
9824
8199
7335
1785
1100
5824
3365
6186
379
3529
9513
9535
8823
8286
2043
9429
432
7176
2780
8979
3577
5091
1516
9906
7244
5590
8142
167
2433
110
9051
8200
6580
5985
8760
7404
3718
6002
7213
6964
1180
181
2666
6747
4828
4908
4737
8382
7666
3199
3913
7250
3456
2827
9206
7083
5338
5900
2306
4107
7281
5809
3408
7768
9700
3764
6880
5679
8153
8950
8177
6799
8995
4000
7137
2640
3579
2925
5465
2245
135
6945
3978
9074
8921
2368
1995
2785
8712
3740
9620
5974
1042
7701
8224
7237
9913
5139
2260
7790
239
4407
1798
59
8828
485
4014
2700
8905
7534
1479
1525
2862
8585
3489
3557
6390
9231
9212
7902
6826
5430
8203
3845
8311
9016
8378
9706
7031
9643
760
8946
6660
7510
410
3177
9403
9768
5642
8776
4171
4523
3438
3992
1903
7837
3763
5212
7007
3422
8691
1026
3849
634
3746
7765
7758
4142
8922
317
650
4843
9819
6117
6454
2733
1486
352
3967
7005
5991
824
3075
9114
194
215
3779
2604
9549
9283
4146
1757
1922
764
2208
6907
7374
21
6328
2165
9512
3695
9639
7193
5856
5896
5145
7052
6359
5506
6553
3538
4436
4607
5656
1871
9938
8097
475
4598
6875
4562
6900
4323
4102
5960
7071
6836
1169
5369
5715
2380
1401
1698
785
3085
7272
1450
4660
9053
5815
9879
781
1289
2121
1970
3705
3601
9007
9669
6272
6746
6864
735
6099
4360
5188
171
8611
2009
419
322
4926
1198
3065
5447
2391
981
4594
6608
4406
7270
3669
1429
9793
145
6139
7436
2328
1336
4558
3919
809
6787
3139
7467
1721
4210
1291
8850
7941
4012
9523
7028
1671
5441
6284
2645
2466
7285
816
9219
7209
3755
3643
8019
5467
870
7379
1856
6738
6790
3524
6387
5234
3442
6010
5840
9197
428
702
304
9484
4679
8357
7073
5218
5213
8976
40
1834
7710
1439
2996
9369
7742
5893
6694
5316
7438
3147
4570
2220
7621
4625
1829
4963
782
1066
5806
1848
7289
9546
6111
8003
2358
5765
6507
9826
3851
2492
6144
2288
3861
5412
7539
2076
2662
7576
4986
726
1640
1080
4072
5094
3107
2003
8397
9299
8706
1423
5617
9802
1046
2797
3215
4092
2930
8341
8769
3826
8827
6006
1884
8708
3734
4624
2177
9373
2048
900
3934
5614
1413
9076
8006
1355
2052
8265
3463
6591
3280
12
604
5479
7377
9924
8358
5279
3061
9584
3944
8758
4654
9612
4511
2744
4699
1495
6265
6677
6623
4103
7560
9353
6909
2315
7413
3665
8004
1870
7540
1982
2957
1647
3694
8601
3106
6356
3739
9173
5880
4124
1869
6477
1931
205
4581
4394
9805
9721
9304
1731
5881
2490
1323
1773
6953
9380
6357
8283
2859
5500
7575
7791
3244
7725
9650
3936
2115
2325
1996
5294
7389
1204
1741
7538
2422
8627
5838
3102
3234
9022
8998
1939
9177
9228
5000
1038
8886
4627
7053
9661
5343
6546
4791
8236
474
8243
7578
5832
5168
19
6225
5700
4099
2761
4205
7629
2995
8476
5936
3782
8665
8351
1683
1406
2572
3434
104
8412
1282
2747
1221
7394
544
2939
6524
857
4232
4314
6344
2024
6149
7373
4706
7475
3957
4537
6595
4267
8858
9623
3254
894
3255
4413
160
7043
1554
8875
8868
6951
9499
4306
1723
5021
5994
7156
1077
2916
6590
909
1145
1395
8280
9313
7740
655
476
32
1352
6748
370
2521
6995
1855
3787
7292
6325
302
2312
8668
248
6543
2332
8887
7640
8403
3500
9001
4033
2963
2943
4036
2665
2514
8369
5315
377
4902
5549
3212
711
5688
3275
5378
4499
5797
8800
5652
2906
892
3012
8184
9573
6776
6204
6004
1641
2285
7987
5732
6700
4767
6861
5379
3453
2036
2708
989
5038
5384
9832
8718
7376
4756
6644
3888
6537
9412
4132
3744
464
7940
1691
8248
8805
2179
7231
1887
308
6566
8621
9200
8663
7731
2510
9852
819
229
5759
425
5179
7617
2858
3928
4750
9553
3413
2913
1442
5713
4093
1490
7792
6793
9396
2603
3728
1465
2998
4948
483
4745
7047
2934
8577
4801
9192
9582
6689
7218
3402
7766
5918
2006
4628
944
643
7192
438
4869
2863
1200
6532
4334
6425
5666
4827
4167
1693
5341
1730
1540
8440
9166
1582
8122
1539
2980
6385
384
8015
4709
7287
1650
2086
9967
7691
9648
1519
1564
9652
4922
7300
8578
3357
83
9237
2113
2334
3129
3574
6410
7968
9670
3062
2616
1004
4408
3027
3155
7430
9474
4231
7251
8932
3448
8741
9120
1393
3974
1106
8217
8340
9171
4608
4163
9005
82
1183
2329
8007
7566
3093
6101
5773
2933
7033
7914
1032
5764
5953
3923
1067
2040
9701
8566
5683
2755
5567
8364
60
8560
8121
3086
7609
8231
4140
7895
9659
4082
1144
2615
1363
9047
2195
95
5007
4938
2676
7457
8506
7143
7716
3148
3228
8002
9829
4790
168
3552
7146
5313
7479
6706
4236
6877
3167
8863
7230
5405
3534
3802
7040
9587
5433
8902
6470
2688
1743
5912
851
9993
378
9506
4730
1206
6318
8416
3484
8030
855
6321
1604
3497
7477
7834
5288
8556
4062
999
6958
9141
3095
7591
9029
5418
5319
1916
1596
6980
4374
6456
4168
7563
7493
2864
2377
4788
6971
5421
6427
6063
550
7012
8058
4130
5539
6670
6838
5031
3131
896
4361
5643
8197
8815
2757
4369
876
5135
4824
2250
9754
6450
1485
7903
8974
3251
979
9928
3968
6768
3231
1629
8468
934
788
854
2346
9421
9595
73
2041
1842
3246
9196
409
7154
1078
6052
7402
9698
4893
3753
9907
4710
5592
1369
7720
6080
3006
4932
1559
8539
5937
8353
8209
1487
9003
3328
4839
9821
447
4161
514
3980
7306
8964
9966
2057
1821
9405
5266
5653
4763
3839
4984
7671
6206
2763
7393
6509
9626
6310
5436
4281
8415
1455
847
7238
7817
9457
1366
1389
5193
5671
9286
5522
4517
2273
2491
7011
1684
9995
3238
4186
206
8000
1899
4651
7819
9624
5388
4158
988
8216
9050
5828
5442
6109
8832
381
1364
7102
1550
6286
2971
1047
9773
3048
5024
6585
3608
9720
1128
2485
3987
8090
2191
5295
8132
5004
2687
5056
2440
8831
3772
3997
4950
5061
6538
1088
8422
6404
9312
7654
5258
279
4242
7799
6229
734
917
8372
235
9088
8241
2612
3743
3998
4551
4671
9354
3572
276
2266
2215
5533
9902
7999
380
8532
7977
6889
1780
4430
2084
3229
1061
2648
7195
1005
7254
8080
5322
9195
303
4895
2776
2016
2512
1218
222
2110
5281
5619
4311
4279
4319
7046
2904
6639
4574
6961
9963
9808
4457
4297
5540
1375
2555
5906
838
9343
1016
2301
5707
9191
7208
3013
3077
8919
3431
4170
7478
2538
5572
4951
8481
3544
9268
7935
7589
1435
8354
296
1716
1591
1544
8603
9341
1814
9495
6011
4030
6384
7212
9622
561
3896
9137
273
4958
3451
4227
9511
665
259
4933
3481
4010
557
3010
6901
1207
3475
4648
8194
3266
5957
8555
8362
1040
925
461
5451
1303
6495
9878
5035
9812
7023
9014
6855
1618
4931
6393
3151
5477
553
4653
651
8326
2808
5067
334
9781
5703
8408
4216
3629
5131
5650
4797
3611
648
8528
6783
1329
9508
9526
7913
5229
1592
7637
1325
8169
2062
4173
798
7057
7574
4425
7496
3809
2977
3790
8785
3589
6049
2961
8580
3619
1920
8768
92
2206
5126
2353
4796
2271
4291
480
2695
5854
6573
339
4300
1013
4520
2166
4645
517
737
4722
245
25
7034
274
3384
3389
5221
5348
8162
2172
4122
3539
6539
4375
7706
198
2811
7583
9317
2567
7408
1703
9357
7615
8874
3803
6462
7672
584
4569
7097
4919
3657
5924
744
6416
9376
265
3134
6037
2527
6094
350
7859
3504
5462
2626
5456
6345
939
7355
7352
9841
8565
6683
3397
8295
8250
395
2275
6295
3353
5082
8671
3083
2169
4080
6804
5181
9972
1526
27
9543
5249
29
5201
6506
3831
5403
7557
1575
6701
23
1231
9811
4331
6046
4066
2152
535
2951
7122
4247
9116
4031
6405
8050
9568
1594
983
3610
5665
2294
6960
9777
2850
6552
7827
5
832
4834
264
1968
7094
9961
9606
5933
3409
6627
2293
7484
7222
8807
6302
3454
5203
1158
836
3382
8102
7528
6534
7311
957
3852
6231
9762
1242
6829
1709
8274
8082
1351
1079
1060
176
6152
5795
253
1483
555
5255
7689
2537
9537
2412
4295
8736
6535
7581
4400
9350
9364
8513
9709
6916
1173
4178
2471
7399
9338
8040
8333
4342
9455
8407
4866
3021
4884
9467
1121
4862
7680
68
9705
7713
4704
4567
3479
1936
8253
6442
8429
2895
1126
830
3993
5921
6445
620
4397
4622
7843
6466
3311
8198
4777
9642
2854
1284
7252
2846
843
2880
3420
7385
1407
9900
563
659
5253
8750
3039
7841
4473
5502
6571
9717
9086
2356
3327
2185
2217
1233
2582
656
4894
8660
7111
4937
6795
8226
6635
1545
9983
570
7984
2477
1025
5763
3664
9780
5710
7019
5794
7923
3650
7314
9668
725
4675
8937
2536
7929
7006
3070
4519
7934
2879
5904
1462
2120
8503
5612
1960
2421
3811
5375
6326
8835
7140
3863
4688
7516
4533
8301
7756
458
9960
4965
6243
2900
5682
9593
6050
1449
5876
6514
9891
1895
4629
8644
7085
1146
7547
8356
653
2730
6761
3818
1103
8733
1027
8851
2605
226
6205
3098
4294
9750
2565
2824
9291
6408
8123
4536
9220
3860
8161
6261
1380
6871
1711
506
3593
5513
1546
1377
8819
5238
5545
9098
6113
6110
1941
1348
995
5309
2180
2053
8413
7044
2143
7896
4254
8020
3515
1311
5180
793
2563
2917
8745
1944
3164
5191
4739
3642
3381
1210
2711
875
6820
4222
9692
3570
2764
4508
1176
7517
7901
7735
8112
6939
5721
6034
2992
9272
2483
9041
7499
564
9783
2463
1530
2351
5992
2246
4825
9332
8562
5964
5789
7543
5697
1481
2544
6312
3138
9541
8486
4196
101
9883
2838
7465
8258
2000
2680
8320
200
4665
7983
6762
8037
5956
6828
8879
3046
1813
1157
4632
6072
1185
4284
1701
6698
719
5282
4094
131
6918
753
7116
6331
615
9567
4029
1419
5291
8719
2050
1365
2322
397
7665
7091
2090
4426
9875
5184
5868
353
7980
9153
2702
6032
4860
1893
2237
5416
609
7101
3735
5802
9742
4735
6248
7089
1681
7753
4028
6500
4879
7644
7685
1307
7828
1605
9833
4941
18
7065
4286
8223
9898
6130
3058
580
7395
1677
9358
7974
5104
4817
1792
3405
4740
2201
628
7035
5133
5087
2342
6165
4996
7708
4779
5729
8154
7185
6145
8078
8244
6751
9061
4224
2505
8604
3506
8609
2868
8897
1866
9437
1676
3176
6643
3535
4405
7382
6763
8661
7383
202
9117
2282
9226
5062
3758
4725
6347
5913
1585
7123
8967
7875
9554
8334
7998
4850
8445
9758
8343
2844
8952
3910
3778
4182
8972
4778
9305
8915
2299
6196
9743
2158
8830
8159
247
5746
7851
460
1295
3724
8992
4835
1547
4997
8156
4054
2211
8658
1953
8799
4716
1139
7427
5400
2415
9632
119
8748
7535
953
7788
348
5799
3143
2545
9072
3966
4449
2691
8033
9276
6760
9542
2801
8495
3433
4815
8584
8398
8641
1063
3505
3769
607
9718
3880
9904
7398
2259
748
335
4157
4630
9618
8599
1076
5489
3495
238
9402
9611
7635
298
472
7693
922
9140
8111
4953
2646
366
2296
2032
4785
369
4151
1958
3287
7002
3041
2416
5629
7074
3616
2911
1555
9704
7593
6658
3469
6191
8096
7800
639
6373
2728
2431
2557
6528
422
2095
8958
7131
5491
1901
4200
6342
3902
8257
7645
7782
459
9307
7229
3166
501
9103
4288
5089
6604
1908
7344
756
9779
5463
694
3407
9096
4195
1072
3385
1235
8229
153
7692
9142
383
961
7378
6160
2069
4465
3203
3428
5661
2458
7855
2731
613
687
4421
172
6874
2978
6578
8070
4776
2418
1847
297
5780
6887
5691
9892
195
4540
2525
8804
1642
9124
4590
7106
1444
2361
9864
6051
8436
1915
6502
5395
4861
8893
6764
2142
6845
435
7711
3714
9108
9710
5531
9990
7158
7333
9981
6251
6574
9039
985
433
6841
4583
7216
424
9944
8141
2802
6090
3038
7836
3200
5950
7505
6551
9337
9023
8716
9482
7051
8664
6022
534
7406
6576
1473
9763
6350
1409
3725
9411
1081
9870
1098
4292
913
5220
1811
7215
7573
2861
5471
1675
287
3817
3482
4751
2098
6157
7134
2991
5354
9675
4853
6690
100
6207
1786
5562
8662
4553
3156
8099
2168
398
1116
636
17
9424
4576
7587
2184
3217
8888
8289
2517
5686
9423
2617
7435
4670
2223
3467
7491
1815
9055
8619
7356
5633
6564
7781
786
8924
683
1254
5127
9081
8704
120
7341
4307
1347
6927
9791
1177
3508
4257
9644
7204
991
3873
5182
463
6978
8862
4235
2531
1790
4434
154
7805
7082
2390
7282
406
393
1581
3114
2456
9734
7872
1250
671
8990
912
1937
2081
6180
4435
1858
2072
4013
9247
4459
5526
9987
9296
1885
8211
5529
6679
7981
8813
5871
1909
5637
4330
7210
1252
9444
2856
3237
2922
4541
1048
5677
8400
9036
8304
8773
4674
667
1561
6865
6975
2268
657
2631
1879
9433
8809
1556
9798
164
5551
4470
1700
4085
1094
7453
1288
3201
1626
4626
4842
3788
3263
9574
853
5289
7688
3501
430
4370
9288
1853
9382
3437
8756
1628
1646
938
4228
1404
2950
9510
5116
3530
3272
4398
532
3848
6685
3571
5070
324
3303
5069
2833
177
4852
1503
411
3561
20
5808
5618
4857
8091
6208
8302
1778
3496
4162
209
2696
2146
203
6928
1310
4415
423
4115
7546
9422
7115
3421
2511
6693
869
1394
7601
2469
4636
6991
392
4606
4554
6801
5092
9368
9741
7474
6424
9746
2044
701
7060
6866
306
4211
2507
8470
9796
5393
2851
3301
3935
4488
2752
4947
7973
9575
3101
8617
7139
6230
6876
812
7419
5068
7348
2213
568
6009
8087
6402
8423
8348
2291
732
7503
4337
6825
1985
6358
454
7907
2658
6640
6844
3020
7993
3245
1867
3363
8734
4058
6277
5820
1265
7721
9772
679
39
2255
5222
6932
2523
3218
4687
7066
4022
2274
8138
8180
3440
1658
2209
3207
2589
8389
6517
4057
3726
5514
1194
1342
165
4643
2609
3625
612
5138
5414
2304
7994
1248
8970
1667
5023
3210
1917
8637
7962
2372
2214
7228
6294
6737
7387
9122
9323
2493
1199
6455
2897
7303
6457
2927
6135
3321
3185
7190
5576
5045
4266
9279
2535
8053
7751
3268
3042
5055
8420
151
9292
2873
2398
1124
4611
262
6421
4985
5503
1827
8377
362
3240
6530
1589
4313
5498
2722
9139
6103
977
9887
219
5725
3513
6695
2876
1725
6123
7816
5308
8499
5490
4064
6954
7304
2997
7664
2210
1926
8168
6017
7182
7353
9324
6164
2958
9845
7358
2106
188
2584
9321
2620
943
1499
7900
2823
7323
660
835
8219
2378
2884
436
9121
8009
7310
8025
2657
1257
1557
8079
4213
3216
765
4191
5596
6544
5232
1086
5984
4380
7129
5109
3554
3622
134
5801
1706
7411
3242
9052
3805
9254
4502
8134
6797
9234
396
3907
5787
8521
8686
1111
3559
1012
7324
6661
6750
1238
8973
2150
8484
3477
3152
7869
7444
9951
3239
6583
7397
2186
2740
9451
9943
1168
1055
5788
9020
9728
5842
5554
8349
7317
4994
4695
94
5766
2170
6478
3879
1964
8466
2091
6494
9524
7738
7590
8682
2111
1967
4634
7068
4641
8725
5394
1670
7630
5882
9855
774
5351
8479
3170
8173
9814
1565
6234
5209
6096
258
7189
2725
3050
6474
2133
1578
4212
5507
9446
8118
363
3462
8904
2470
4904
1947
8602
3474
9104
3305
2367
5380
9387
3675
9929
2193
4346
8688
5892
3546
5053
6656
8221
975
8926
7531
8561
4952
3518
558
762
7965
724
8705
7867
2826
8699
8435
8174
5845
6475
346
7179
3450
3051
4201
2364
8765
4487
767
7054
1428
1632
9034
567
8779
8524
9221
4841
9162
6672
4982
4820
260
2698
5852
8802
98
4582
7643
9319
8228
4542
4194
7391
2370
9445
6289
6115
2874
2235
1942
4034
4250
619
6276
784
9619
9089
8085
5600
8069
7418
3522
3470
9985
2232
4003
2983
2870
4589
3173
9344
7259
7092
5432
4037
3326
3542
7072
1580
6788
6215
2881
9806
7260
5869
3336
6557
2403
8204
2216
1769
1891
3719
2222
7548
6195
9715
2756
312
1973
3236
8456
4858
5757
4357
6575
6673
954
8989
8252
8013
5377
6480
6429
2449
8464
5796
4489
3834
5712
4949
8811
721
6138
8822
3897
6895
5206
9697
5963
7969
9303
5621
6412
3576
5466
8480
6526
1074
9208
473
5611
7246
997
6343
7321
2051
4920
6000
3533
6198
7038
301
5329
7113
4350
4348
1685
965
8182
8234
1823
3380
9248
1892
486
5073
6459
5382
9184
4190
8383
1696
1071
1041
2241
3056
4416
2618
7328
769
2292
4720
5200
8957
1742
1898
8676
2678
8841
5657
9817
7776
8026
4783
4123
5695
8454
3722
9786
3060
2450
2198
2914
1928
886
5496
2085
7319
4258
7202
9711
4332
1135
9207
1759
35
8232
1075
4274
4741
5147
1130
4322
2455
5627
114
7392
7755
7729
213
6409
7224
5792
2005
7109
6188
5859
4683
9205
3521
6016
603
7364
8322
9028
7898
6834
6510
6622
3969
8527
5586
8968
5439
5923
45
7458
858
3871
5008
9400
4698
5302
7299
5948
8314
7796
1448
3797
4505
8876
4521
2199
8549
1612
1142
6360
8854
1659
6979
228
8980
9126
610
8687
3684
1438
1488
3819
7893
2891
8202
3615
2229
6540
3074
8927
4112
9579
6903
2693
7513
8550
7707
779
6040
8940
8929
3525
1099
7604
8895
1197
8910
8271
4007
5760
7081
5074
4047
9836
1900
2252
1459
8759
7225
7141
4490
38
7694
8059
2581
6565
8853
2948
2338
6657
5982
8284
6872
5252
4868
8084
157
8552
8498
3543
4587
5410
952
1277
8279
2374
9769
8923
5459
109
3055
1914
8913
2310
623
7167
695
4571
5174
8530
6892
808
2034
2890
1537
7652
3693
9277
9388
624
1732
7010
5125
4106
8808
8109
8546
7849
2741
2570
5030
9006
3652
3457
2399
5816
7401
8469
5841
6452
751
1558
5321
6428
951
9216
4486
2559
6856
5744
1957
8547
4733
8206
964
5342
9538
4888
4472
8390
1115
6709
1687
4652
2500
6647
7273
9571
5790
9788
9736
6369
2099
7897
8812
9886
3532
5332
71
3485
3113
6300
9479
6256
3624
7359
6982
5398
1152
5090
9024
3609
6905
2947
8093
3047
4455
4308
2799
3604
3334
9097
6453
3528
6686
2887
7811
5333
2883
1062
5143
492
1008
218
6570
8735
7368
5604
7944
310
9589
1350
5402
693
2928
7866
8908
5724
814
193
4021
5636
3661
8380
3886
4577
5298
5659
8345
8488
1153
6630
7892
5595
3837
2204
3257
3710
5122
162
2946
9101
2488
9010
2985
8367
3592
6625
9689
4259
3388
803
3687
4719
4118
1768
8936
4353
8135
888
1353
6269
3314
986
7821
8953
1527
6121
4672
2649
9349
6218
4642
7004
1754
6619
3393
1492
4771
8928
6771
776
546
5235
932
2446
1517
7104
7745
6713
3394
1986
9017
8393
6956
465
5668
5167
9063
5638
7580
6263
1784
658
1024
8698
8021
4678
7647
3925
9147
3288
4358
9420
7925
686
2709
46
5476
4262
385
2231
8801
9653
3258
9246
881
9677
9973
3553
3783
923
3097
759
5186
987
4987
9418
1552
462
1129
7734
1138
1160
9476
8596
5271
2593
78
2140
2015
7288
8310
1770
5786
8458
7976
4816
7992
452
6354
7103
2434
2474
6883
2562
440
7187
6987
4831
9427
6592
6782
4531
5875
314
9069
5673
5482
197
5740
8419
1112
1436
9782
9514
5320
5036
7804
3636
2690
2203
3003
7719
8703
437
4389
2771
5169
5034
1622
6724
5511
6814
3306
5861
399
9597
7240
1017
8051
3267
8541
1718
4006
1033
88
7951
8303
3135
1878
3243
1978
9320
9327
6521
5654
1590
5361
1595
8267
8473
9767
7785
5371
6093
1704
2467
6363
4074
904
8405
5692
3959
811
9691
4807
6485
7235
771
6723
3702
4015
5680
1513
8894
3676
5581
9681
6722
9694
4887
9057
6636
5278
521
4004
5911
3449
2286
9627
6684
8679
4333
5976
6705
33
1508
802
2902
6419
3531
7845
3631
1287
8947
8523
76
3007
3352
5571
5293
2576
5449
5337
5424
7960
5745
4936
7949
8029
3472
5297
5599
434
7390
8017
7063
3623
3842
4349
361
8074
862
9394
6794
2639
4507
2720
7105
8500
5197
3256
3938
8598
7119
722
1285
8467
3120
4782
9799
4260
2448
9331
1259
8195
5344
706
5458
1577
2623
5544
9261
1117
4345
9837
4169
9164
7715
8313
1865
4469
9347
2721
5550
5672
7381
175
3775
1171
6948
6065
9448
3298
3094
4464
8700
7588
5546
3800
2339
4450
9828
7058
5693
4317
9787
3644
2530
8880
1421
595
2068
2300
2955
8514
2705
2097
3214
6305
244
6769
1990
5537
5228
856
1405
2413
990
8117
4038
8575
8411
6548
7449
7732
1661
8981
9703
7906
9932
7162
7420
5002
7459
5885
5115
9222
375
2855
2921
7276
7567
2187
1881
280
2258
4917
9737
3846
8005
2753
7991
709
8963
7316
3049
9910
7332
5423
5951
638
5969
1085
4388
1793
3828
2457
6372
6106
1245
3103
3979
4798
8246
1299
8443
2629
8462
7062
408
6476
9355
1772
4338
5019
8987
4417
9594
3674
2445
6124
7277
3230
407
7512
1824
5563
9578
9372
1988
7188
9060
2966
9273
7550
3847
9046
9409
9146
8406
7077
2256
121
9255
6671
2109
710
7933
8077
7774
5233
8115
2498
7501
3415
7338
9757
1370
6784
1226
3082
6169
3575
3366
3295
3792
2915
4976
8843
2592
7663
6498
5580
7473
9067
9233
5356
311
3277
6142
1367
2739
1699
8944
4890
2667
1571
8848
1165
3202
2155
6086
850
8083
675
6267
7948
4506
3227
9520
9884
2972
7572
7428
421
5534
8158
3699
2984
2806
1064
5961
449
8912
9914
3580
4524
8754
9157
5095
822
26
7881
3662
1795
6181
7164
2792
1354
8600
8723
910
3206
9179
7441
7506
9143
1082
5833
5990
4856
7372
3491
8359
3171
7918
8319
6650
4969
1316
6924
8346
7331
5339
5150
129
4202
4692
4550
7569
3689
3430
5594
4509
5938
7486
2754
1298
5080
1240
5362
1794
1445
79
8939
4867
1003
9435
4845
5457
2394
7932
3186
8150
3121
1010
9419
2382
9156
136
907
9889
3128
3895
6631
3930
6411
7263
6806
4090
5225
5739
482
9106
3833
8190
5117
3999
6950
7683
2452
2647
4946
9815
3956
2327
8125
641
1654
4100
586
5217
1385
9859
7712
1306
8100
6336
8579
6850
201
6490
6703
7746
7770
520
6451
3677
7157
8317
388
8027
2320
9751
1315
3466
4638
1410
7439
3025
5566
761
7350
3181
7426
3866
7982
86
4620
3810
3590
5285
3162
4373
2878
9477
1387
6282
4897
3789
566
1279
2317
5894
7
1292
2813
4822
1417
6212
3751
6680
3713
8018
5819
6278
3537
1705
7730
9532
1434
4999
8294
9707
9094
2238
4928
6519
1806
6952
9128
9181
2598
7600
6292
5858
3564
9596
6499
6173
3568
6852
9000
3566
1319
233
2566
8543
5103
3220
6323
5493
2798
2362
2290
6596
8870
2867
4988
9635
6125
3191
2791
8656
9849
2481
929
4585
5472
2461
879
3446
3406
8576
4612
9922
499
5161
2569
1167
1431
4646
3984
7509
3221
6994
504
5029
948
8163
6395
5112
6523
677
4696
138
6401
4717
5194
4476
349
9674
8285
6033
6857
8448
6435
180
587
4078
8404
2671
9857
6239
8639
9366
225
1744
1362
4659
6043
8732
3439
2190
9885
2316
6493
699
815
185
1638
4152
4731
3671
65
8512
4766
9336
6984
4823
4494
5009
9716
8529
7469
982
6974
6175
315
2585
2365
3548
5427
9160
3308
9342
565
9363
3441
1586
9267
7771
6479
9800
3638
996
7613
4753
2354
3286
8394
3169
1976
3822
8308
9209
5908
8504
1749
2556
9610
330
130
9084
9466
166
7504
2686
6728
319
7739
1327
3633
6131
7659
6549
5108
6798
713
707
2638
4650
1113
8960
5980
3465
57
5420
6066
6934
8795
4916
4458
9271
7871
6400
3823
6202
512
845
389
113
5284
4957
1147
5303
4491
7232
3929
7733
9605
8618
6379
2664
5162
3950
4673
9816
9976
1312
3517
9201
6432
5738
9778
336
1070
5783
8631
5587
9934
6407
1800
8145
9199
220
4588
5123
2689
8537
3678
2853
8738
7197
3686
7409
4477
3154
4404
261
2387
108
1523
736
9848
6366
4422
8205
5860
2734
2289
8270
8471
6990
3483
5404
3872
9656
5646
52
6246
9470
8764
3127
6682
1464
4183
4329
8983
5743
3333
2012
2262
7736
1300
7747
8421
6541
6885
4420
7709
631
1163
5111
6757
5525
9804
4768
3079
9491
9996
443
9877
4301
6518
2704
3955
7302
2918
4485
2590
8140
6533
3370
6740
3773
2742
4326
3081
1189
4728
2819
9329
2543
9880
4962
9441
8376
6087
4138
5178
8306
8856
144
5141
7639
7806
4460
3857
5290
9895
8056
5434
5553
8648
5275
6753
9428
9351
7961
80
7860
664
2228
6659
5137
5054
1733
936
9863
6810
1688
9810
6842
8151
1224
7655
5079
1460
7018
9391
1859
484
2796
345
4901
9557
3977
3607
6446
1244
691
4552
1954
2419
5306
1469
7885
5071
8129
7275
4923
9048
5189
4101
680
919
6827
4639
9559
6128
5497
7532
6463
1339
295
1149
4534
6972
1864
3798
255
4786
6663
7150
4532
3427
4535
6667
405
4113
8391
4283
3599
9250
7842
227
6420
7455
7361
7684
5935
7899
5078
6758
3767
8291
7586
2633
143
5899
8709
4787
8426
1272
2127
8483
9079
3063
2949
4613
1294
5164
7623
7690
7602
6151
4265
8276
8042
5318
3791
7325
1588
1728
8572
1416
8747
994
5324
7846
5999
3730
7151
2037
9227
5486
926
7022
5874
9326
2397
24
4556
8315
4703
8238
8797
7660
4942
9556
4702
8871
3597
5755
7114
3799
391
5411
8185
5645
2355
5195
4960
1073
5149
9722
8978
8624
1454
3594
5391
2049
3024
7759
9078
3717
8431
2014
2699
583
455
269
4515
9667
6380
2558
3223
3551
3000
2219
4077
442
3066
2430
8447
2432
1776
8188
4474
9590
3195
2993
9239
4056
7858
5483
9540
6441
1674
9566
4468
2065
6250
4215
1889
7423
307
5831
6137
6371
3945
9994
9522
9480
692
2953
5977
1739
1237
5314
3581
6913
3742
3901
516
3130
2591
8685
2060
6925
9310
1102
8451
371
1463
3059
2344
9456
5223
1054
351
4446
6224
7112
5767
2269
5779
6652
3368
2707
2627
5273
2093
9493
9534
7443
4913
4818
9602
754
3341
893
6236
1619
8899
7870
3126
7978
5762
2694
1205
2347
8396
9163
4335
7495
152
8911
2019
2175
3558
6501
7247
5717
9591
2909
8859
4414
8597
8667
6418
6448
2790
5988
5264
5997
9496
6525
8133
5428
4219
8681
2408
2244
3105
6569
820
4647
9068
4912
6417
9149
6675
3404
5949
1863
6415
3030
600
2685
6353
4390
2131
6796
3208
537
6633
5364
1521
6482
8233
140
8840
7284
8240
2135
2472
4443
5043
488
6150
9518
2843
1095
5349
124
2583
5687
7773
2465
2636
8920
1480
4296
3424
1538
8962
4141
9113
7498
3503
500
2182
6235
7958
673
8917
7211
7714
6183
2526
9941
7990
9172
6264
2608
652
55
4812
4145
2634
1907
3209
4676
1330
8694
9158
8039
1308
9577
9252
3031
2227
3278
5578
9295
6306
4391
8780
2411
2910
7611
7191
272
9953
2820
5823
4104
873
5058
7226
6818
7061
189
7026
300
9011
4055
3556
1422
9127
1220
288
132
6734
2944
3132
8646
9148
3182
4128
2907
6969
4806
7634
6550
7838
9151
61
5998
5690
4930
9345
9564
2777
6313
5564
3274
6012
6403
7396
9300
8731
1608
8722
2407
1456
8518
2787
1840
3488
7524
2480
4206
818
8650
9867
3981
7904
2025
2942
5005
5118
509
6444
9672
8542
3140
530
9150
2578
2628
588
8482
3307
800
2035
974
1672
204
357
1268
7728
326
1993
2760
5751
3835
9636
8526
1830
6041
3032
5993
1317
3137
1305
5334
270
417
3351
503
1209
7446
4204
1502
1318
6765
5772
5470
5555
5172
5883
3637
3814
9075
4229
3927
4713
9876
2849
7127
1852
5488
531
8545
9135
8316
6993
6168
9073
5101
1424
293
3918
1443
5370
1972
1283
9673
5769
2265
4961
637
3146
6362
6076
4382
9026
8906
8325
9631
4691
7651
6054
6868
7476
8266
9563
9753
5510
6237
6812
9062
8064
4769
2681
1441
4001
5177
8787
9452
9203
2595
7463
4368
3017
4880
4467
7424
5884
6036
614
1089
6179
7624
2828
2540
8063
2794
3354
3807
9651
7492
8955
7280
9958
538
2239
6933
7371
7955
1963
8036
3510
3444
4759
5136
6465
8669
7789
8591
6813
3318
7322
9851
9588
5903
6255
1825
2414
8610
3882
6055
7670
8485
9080
9432
8666
7283
6098
8935
7088
6329
5107
5231
3492
7268
7975
240
1133
2360
2839
6572
4863
2533
852
9940
1227
768
2248
1359
9789
2176
2221
7298
2287
4203
5674
3892
8146
6348
4803
8119
3953
2643
2597
1341
8446
1820
8477
223
4885
3941
1913
5198
1851
2257
7971
3104
7017
4175
1807
7553
2103
3970
4708
7055
8023
7853
7937
2096
4362
2401
4561
3319
5142
1156
178
7704
6085
8049
294
5528
1682
7172
4681
3294
6600
5292
7599
2812
6744
3330
6558
8449
184
7480
2118
828
2889
7070
5756
6003
4367
5028
8312
3562
8215
4966
8693
3855
3658
9475
1108
196
6545
9759
7362
8520
4270
191
1620
4563
332
2023
6849
2119
2033
8143
3707
3249
8010
6917
8496
7549
2768
6383
3795
8171
8379
7320
5897
6597
6097
8287
669
5102
6749
4343
7126
9365
7337
1420
4111
3776
5714
5083
7798
8544
2994
6805
3410
2847
4321
3335
3371
1606
9333
6878
9004
1211
4371
9959
8536
4854
3344
9999
4761
3111
4925
5445
3850
8361
316
3401
7471
8982
186
4185
6819
8573
1735
618
4237
4043
3018
2976
1432
9240
2513
3995
1014
6515
7627
6491
1412
9469
8254
338
7241
1087
9497
848
9302
8065
7826
9739
525
4351
9699
8103
5494
8568
1560
9830
4602
8110
401
8826
6959
8208
4126
4105
7049
6406
6858
5694
2651
1223
2737
1498
9385
3620
1648
7763
1193
6632
7001
7021
5888
3004
4073
3697
1470
4973
8864
2726
9245
8089
916
1748
2102
6257
1946
4108
1593
1737
5843
9224
2027
8720
2054
670
984
8535
1251
2207
5040
8533
2919
5265
1949
5049
7417
9978
2550
6511
8692
1979
7470
9920
6064
7754
9581
9822
5210
4564
5631
7142
645
9927
8167
3692
5573
5032
8782
5037
9335
54
8772
7815
9359
3494
3119
6026
8684
6320
3840
9679
5358
2136
7460
402
5634
2783
8509
5148
3757
5422
7908
9190
3193
8534
1935
5891
2841
9077
5552
9956
742
9547
3087
2341
6721
5941
1280
6638
7705
3219
863
9915
376
7952
4310
3009
8417
1833
9134
47
1846
7769
150
1203
5958
5966
6487
7121
3951
9264
217
903
9955
1477
4383
343
6946
8332
1107
6042
5440
8878
2672
7559
1616
6879
9377
9287
6935
7551
5720
970
9132
2959
2067
4810
1335
8222
827
6988
7136
8181
1501
6735
4461
1805
7468
2130
2385
4217
1262
6381
6692
5775
6322
441
6201
7132
7128
1729
1467
7565
4724
9229
1322
5368
3292
978
1297
1091
6767
5444
7865
3411
7625
2167
6375
4883
5286
5547
9853
3890
801
3160
2154
3825
4249
3325
9501
1293
6070
8834
6031
5942
7520
3915
5202
7466
6720
2007
9235
4907
8104
7757
7518
8810
5635
1746
1
4234
9607
9894
640
608
9676
2254
918
1940
3037
5711
3720
5548
1021
1850
7909
1241
9911
6603
8737
2424
7939
3124
9908
4316
6536
6030
4396
8553
2968
4187
9306
3595
3168
2267
1533
8463
5401
6029
9979
2630
8901
9033
6648
9840
3683
7718
1844
5742
7206
6057
4403
5622
5140
3768
681
9823
882
2326
6965
5381
2100
6989
3700
2307
4418
5460
4325
963
6508
5328
2192
7339
7608
581
9131
9316
2982
360
6602
4743
9339
7429
4401
8951
1228
4016
5113
6038
8739
2986
6977
3078
8866
1320
9133
1273
6431
3685
9654
3583
7274
5920
578
4846
1548
256
6
3122
7386
9087
3040
5807
7087
2506
6015
8702
8130
3348
7416
8187
8638
4705
2941
714
5241
7305
4290
8869
4387
1651
4989
4225
6314
4991
1515
2767
7200
5556
5975
6315
8670
4544
5243
8149
2842
897
4121
2147
7336
1029
8531
3387
1679
5300
2101
3858
9732
3197
8106
490
9125
6258
9030
1966
9218
3260
5846
8108
321
9018
6777
4510
3071
3322
4934
4685
2464
8746
1838
2663
8386
9539
6088
5196
5782
1023
2573
3376
1774
2724
606
1446
3991
9521
4546
5003
5144
4896
4899
9092
4083
5705
8113
1461
7354
2524
1666
1447
9058
6158
3926
2459
3324
3161
8943
6919
4176
5106
9873
4318
1904
0
559
9871
4967
8683
3072
3145
5630
626
5776
5417
536
9038
9483
4616
7257
4500
2817
6001
5063
8012
2454
9193
4808
7261
7912
386
6899
689
1399
2774
1643
4504
4492
5718
1692
3347
9713
5093
3937
7882
2548
4052
654
103
804
6133
1630
6981
8024
1872
1959
3703
6260
249
6443
3563
416
9862
6189
5727
8124
2692
5719
718
8954
1783
9645
8126
5857
1476
6699
2814
2087
5658
445
3269
7249
597
864
6071
9311
2126
2151
5777
9054
4964
7220
8903
8269
8375
8277
1418
3480
1009
9896
7168
3821
3331
1002
6821
749
4035
529
9325
2080
9801
5280
4441
9658
7027
1890
9447
7434
2066
6193
6316
89
418
3187
4838
5331
8273
5939
8777
5350
5538
3190
796
2661
7295
4909
11
1392
498
7946
3824
3691
8551
8592
7152
9242
2520
4366
2836
5086
4762
354
9843
5749
8882
5207
4120
5813
2075
4981
8889
4631
4135
5805
7888
41
4655
3283
8324
8444
5216
6301
6468
63
5905
4781
2770
755
13
2674
6742
8771
8047
4836
1216
7616
1905
8569
2743
3801
142
2834
8696
7920
1175
3261
8587
170
8697
2423
7437
2002
3904
6894
3898
1049
7861
4669
3696
1668
6439
4479
920
158
3612
2516
6581
1998
4617
4070
1969
5830
947
7596
3972
344
7676
4859
9609
9872
6563
5726
6634
9882
6665
5812
3986
7807
8251
712
3150
6091
5579
107
8865
8230
3452
3302
7214
9517
7752
6112
2112
7117
7675
1403
1989
7687
4438
4580
5530
1649
1466
5396
149
3682
1601
8342
3932
8595
9473
9416
251
571
7884
9572
1977
8157
2979
1494
9035
2104
211
7822
7632
1597
1854
4315
6075
400
4223
5208
1263
8381
8434
6216
6472
510
6339
5791
8299
5821
9241
627
2719
9383
3903
84
5641
3273
8515
7764
1195
7223
8055
5211
1261
6317
3976
3110
5524
3080
5487
2869
5346
243
7840
8792
7279
320
1201
9731
4503
8160
2226
1256
8296
3455
9187
5606
1896
58
3264
1888
7854
9152
4026
9558
5915
9012
2750
8438
1512
8574
5301
3116
1883
5647
5419
49
4804
2386
6605
6915
1172
6846
3870
3211
2336
3547
9453
2967
1386
5954
6613
1644
2321
9752
9729
883
5450
872
4208
8178
3709
5033
1835
6854
8959
8825
5042
8255
8148
7794
3854
4098
112
1384
4575
5959
6882
3447
3222
2896
1000
6019
3293
1044
5025
2497
2682
6335
3374
9937
2710
7850
9874
5415
1034
7124
1056
5199
2495
8414
6304
1170
3304
5836
5435
6970
6807
9389
8172
8605
4154
3514
7927
9107
7472
1255
3378
5681
3520
2789
5129
8461
2330
1269
5064
4133
5689
2940
4837
3184
6497
3711
9844
9266
2042
7490
2988
5872
1136
3550
1381
8933
5922
7762
3688
6922
2515
7163
5943
6122
747
8689
8717
9974
6520
387
4447
224
616
4959
7497
1886
8635
286
554
4943
8176
6668
1239
4800
6859
5224
1518
2174
8872
9600
4559
1787
9502
9735
4848
5778
834
8590
5014
3023
2712
9049
6759
4794
6949
9969
9367
9042
9308
4955
9580
9968
6678
9417
1188
328
8803
9186
5844
5296
9346
9318
4042
4483
5267
6529
3360
2779
1745
5312
9544
3648
210
232
5847
2503
5165
9570
3908
8743
7953
5577
5952
5624
4252
15
3952
2625
6513
6433
2937
8651
8292
8492
9130
495
9170
3279
1290
3733
4354
4481
508
3704
889
9952
622
1356
4164
1719
8821
3785
998
6013
1529
1383
3036
3512
9334
4067
1639
9730
9820
8120
3108
7264
6197
7248
1751
3418
1636
5438
8849
4718
8845
3100
479
519
7312
3233
7536
7067
591
127
807
2384
6167
7530
4891
7723
5366
972
5015
5675
4604
935
6822
9733
4754
2426
7256
4025
4280
3332
2188
8460
8934
373
6589
2376
5048
560
9918
9260
9807
4263
9683
9356
6606
5585
8032
9696
4727
4855
5084
8640
7186
1122
7656
1906
283
1328
1340
9129
4591
3920
6146
9919
4640
1015
44
4877
9008
208
6629
5866
4184
2600
9328
106
4246
199
5639
7433
2038
6154
2318
1841
3741
7014
6227
5995
7009
5454
4833
146
9123
9056
7483
3931
2668
3291
333
6078
5902
4150
9881
8116
4811
7135
8425
4715
8891
1036
2642
2805
6061
6920
1980
4299
2653
8994
4125
8774
7726
8352
3461
6766
9390
5516
5317
403
4427
8938
2443
1050
7526
6132
9738
7584
8975
6561
7954
4667
1275
183
9183
7648
9630
8365
9414
6114
9613
7452
2128
3738
2738
8966
8459
2830
7315
8152
6449
2746
9407
6712
7099
511
3299
3827
7369
1425
8387
9531
2641
1398
7313
2499
9905
2171
5105
524
8625
6618
414
6398
3947
374
8189
7029
8724
3841
6888
1118
6361
5251
5584
4156
4018
2021
7812
8789
902
5947
4747
4442
6626
1433
284
9169
723
2482
9168
4248
3398
1343
4906
8824
9045
9503
7844
2363
4377
2402
3651
4180
8075
4876
8207
2046
6708
9921
9790
4045
9665
8517
8147
2882
7144
8742
3555
705
3416
2479
7686
1726
630
3900
8986
2276
4376
5863
3527
7669
7293
1603
7032
9112
7862
6047
4256
1934
4356
7678
2800
8127
4700
7120
5515
3862
7357
5867
327
4129
9198
7050
4979
5373
4918
8711
3002
2251
840
266
469
5878
9825
3949
9685
3761
533
1656
9490
3459
9194
6296
3390
1609
7024
9552
6785
5736
5413
2379
7217
6079
6559
1984
9831
6059
1358
9211
2371
3924
6853
2077
8478
8227
9835
4095
6027
7456
1665
7166
8066
2534
4478
2654
688
7942
3391
1839
9865
4680
2078
2313
3891
1715
2473
8494
4087
2575
4160
4046
3247
8925
5066
1924
8677
502
5890
7523
5041
9285
5822
8909
2574
7529
2017
4165
2713
5277
2425
5848
8877
1427
394
3084
1694
8511
1497
3425
821
4174
6772
1911
1763
7096
599
3309
1286
3867
3125
8628
6074
6637
8371
2071
5685
6830
9236
8297
2969
3912
9890
556
3808
420
2298
4601
4773
806
9975
9629
5669
6116
1006
9044
7823
621
6297
5183
3737
2202
1880
5259
2132
3323
1264
7525
4764
1567
7194
9785
9827
9647
31
3486
2923
4832
6023
7514
8321
497
8620
5835
4027
1105
1894
6833
7442
5305
2773
1159
4305
117
8629
7750
5628
662
4525
9118
4044
8985
1382
942
7069
4365
4177
2577
4529
7541
7561
9360
3958
7360
1154
7677
5226
6172
3117
1836
9901
9516
773
179
5047
9408
4809
7667
7271
7649
9576
9766
6607
1475
7098
3088
7832
4971
14
3628
3885
2622
6413
6056
1637
1093
9439
2234
3179
4166
1484
6940
7521
9916
7673
946
1349
2478
8144
6986
6119
6118
5803
7658
8690
5469
2829
5098
1045
4610
5311
8337
10
2297
5114
8594
3877
548
8355
6542
7148
4189
1148
3582
1753
9413
1127
8680
6438
7487
252
1777
8790
1092
9625
99
1043
1740
9695
4039
1414
4050
4
9776
4802
8791
6349
5898
8589
6240
6863
3794
6997
467
2528
6886
7147
4131
3765
8945
7622
2652
2935
6203
5065
5520
6083
5967
8836
7922
5752
5605
9936
1219
4889
2243
9290
3884
9243
4513
1897
602
9180
6522
5076
1600
2061
7180
3878
8842
3654
9202
9984
1247
3089
6437
7307
6252
3123
9608
5670
6213
6711
1020
6582
8210
2055
5492
7318
5946
6617
8615
7783
4644
1994
3606
6702
7025
9991
468
6374
1921
8971
7877
4304
3350
4886
5473
4328
4278
8239
7380
9309
5737
7825
2736
6937
8165
5077
9986
2775
7916
4139
1956
1714
7956
4293
3019
594
799
2965
97
5702
6364
9507
5940
2908
1019
7626
7239
646
5389
8501
340
9687
2723
4303
3443
551
6089
9858
6955
3883
2825
9970
6669
6368
6666
1011
6851
6039
2697
5215
2242
8614
6187
2094
2233
2058
268
4386
4970
3377
6126
7309
5426
5870
4372
7552
6214
2905
8282
5219
2975
5044
37
4864
4935
9297
647
9013
8678
8507
6505
2435
1208
2428
4977
2460
6614
6275
6802
1457
9529
4983
3679
3224
1573
7802
4453
6594
5561
4526
5753
8363
9680
6912
4264
7598
5072
3022
6161
155
3917
4428
1186
2954
4392
960
9274
5263
3894
3403
9935
133
4689
5811
2405
8260
3090
7461
3948
7722
1376
8612
9259
7679
6891
3605
8900
2181
9449
9671
5928
9756
738
6464
9992
4399
5730
4053
3343
7653
1574
7879
34
5132
3838
1613
123
549
8493
6837
6727
839
1614
8101
51
8278
1950
5446
9256
1862
9678
3762
696
9649
1069
3276
3988
4071
3417
1214
813
1109
1123
8673
4697
3889
9471
5287
9442
9838
4566
3478
6370
6641
7201
2970
1151
6942
2004
8630
6773
831
2305
6232
6185
9381
3507
1812
743
5853
1472
3971
7839
8373
7905
6936
2673
4239
7290
4271
5173
7326
5559
2270
444
7668
574
5345
8757
860
8452
7255
2541
9071
7093
5978
9489
6007
5542
6803
275
6163
5701
921
8399
9238
5408
9931
6192
2837
6943
5971
2759
1764
3523
5124
9868
7234
234
1059
9686
2139
6107
766
3248
254
7786
3887
9253
3310
9165
5121
4302
4341
1563
4159
9945
5261
5625
526
874
2212
7864
1981
8442
8044
5591
7048
9204
6467
2587
7829
1843
4829
450
4091
8472
6309
8071
1415
3340
8846
9115
4945
7008
7674
4462
5499
898
4539
8645
1809
4814
4954
8038
487
3771
2437
6752
4892
3706
2350
6579
5965
1779
6162
2159
1923
7537
6290
2952
1249
4454
1372
887
1051
8860
8164
7924
8323
4870
8092
9464
861
7500
4432
4738
3759
3315
746
1230
1599
1955
7619
4452
9021
6471
5731
6586
2606
2089
4721
1948
3586
1635
5505
6691
1174
3549
3646
2624
7562
9740
7153
1611
8996
3057
9066
7985
7607
4069
4068
4240
6434
9465
7076
7462
682
7592
3690
4600
4911
4752
342
1333
1408
7894
7198
3141
1738
8237
16
3781
5927
2703
6262
5406
2706
5698
4261
7831
8977
945
2331
3640
8136
3526
6136
6095
8941
7809
429
552
540
2602
5934
1191
8347
805
5800
7447
1826
949
6266
2717
2782
3183
5607
1324
1187
9957
2279
7628
8582
3005
2395
5662
6923
9714
2611
6334
2926
6062
9091
5204
8570
5747
2070
1402
5914
125
8330
3869
4497
3316
2659
6941
9640
4944
547
3296
7950
4209
4243
6616
7184
4448
6333
5340
3499
2845
1549
4557
2125
2551
2277
7178
6717
7365
2420
1039
169
9401
4684
1190
4527
3731
9461
3796
111
3250
2263
3587
3621
1816
3339
7133
4968
3578
6397
6483
4668
2518
3226
7450
3729
993
2532
5170
5509
69
1796
4881
7818
116
899
4597
7522
4774
967
4172
598
3618
7041
6028
3471
4657
3112
8131
5310
9176
5097
2494
1222
2715
9059
3395
6687
720
148
908
4939
8263
7780
9888
3943
4921
3639
9712
5889
7266
1166
6739
8767
6341
6896
905
3946
3064
2835
3144
318
5085
5387
5464
7265
5461
6662
6931
358
22
8465
6645
6020
6729
5560
2436
431
6714
8839
2751
5979
7760
1910
9942
7880
3954
6906
6382
4440
9159
3435
1961
3964
792
1440
1767
4419
3916
2501
5185
5052
7245
1707
5357
2632
3253
9988
7963
8918
2013
7931
356
2875
8186
4355
5274
2196
7064
1987
478
2818
5057
2264
3178
885
750
941
7542
6620
3617
6963
7291
731
9315
290
7847
446
6045
2302
3096
1788
5039
3429
1397
6338
8392
3784
7996
6781
5013
9646
6789
8298
6908
7631
9615
8450
2063
2716
3149
8852
927
7183
4882
973
3026
7852
3338
4275
9664
1345
9
4873
5160
9690
7808
8430
1553
4244
6245
4363
9043
8335
3204
5987
8175
7749
5930
4663
914
7568
5363
7936
6646
3701
4437
4555
2406
1542
1083
5158
2451
8564
9693
4226
4707
1831
3649
2619
6817
4040
592
1925
1192
4197
5850
4309
5270
4110
5327
2489
4269
9809
4241
7662
2278
3386
9784
9415
5385
5372
3708
1952
4282
3241
7388
9230
5475
6108
528
2727
9426
7412
2508
5518
4830
7489
9410
1623
3602
8778
5304
976
9601
9282
4972
5240
9634
4565
2807
7482
5602
2635
5474
8293
5027
2769
3281
1837
8730
7967
3349
3786
1686
962
3732
9954
9155
9965
2816
1849
9950
372
5910
8191
3476
7432
5521
3874
6105
2561
7253
7970
878
2679
6848
9599
6319
9280
8885
313
8721
1232
9592
5603
7196
8114
5754
7203
4089
7556
2778
575
5676
6210
9628
1991
9527
1607
841
5026
3392
8105
1583
6077
9771
1182
5557
5972
496
8818
7343
1734
7695
4005
6780
8740
5060
5237
9725
1860
6378
8942
3727
2031
42
6120
891
1161
4482
3973
4272
331
2429
3225
6351
8581
5543
2134
1258
4914
4693
9947
7334
9530
6715
216
5748
4149
6898
271
1496
3667
7555
2444
8060
777
207
2105
2029
9301
7090
523
1817
6873
8418
6436
1437
137
7042
2319
1373
5146
9760
4273
775
1974
2852
9175
9392
9795
4621
7874
6488
5728
8457
2138
7681
6726
4024
9747
4287
5501
8432
5495
9425
8763
2400
7366
6388
1500
9939
9278
64
2892
2893
5734
8410
6337
3812
118
7571
8076
4378
6244
1631
8344
1653
3816
2393
4910
2718
5632
5644
1471
505
7928
8833
4466
924
8045
5018
6299
7294
8048
8275
5299
9244
9846
7620
8949
666
448
7296
4245
4789
1766
6280
4008
8366
2124
8155
2039
6281
911
3853
515
6527
1781
7370
6862
9765
5810
2655
8497
8890
7161
1819
605
791
1181
7030
4929
3133
7308
661
7830
3668
6177
6831
3760
3922
2945
1965
2962
4298
2571
3313
221
9040
6288
7448
7481
1101
4088
6307
5336
9854
4701
282
7431
4230
4312
5399
9561
190
7650
355
1882
489
3990
30
3396
3355
5784
2028
5582
85
2610
2352
698
3911
8489
2396
5154
8288
3829
3859
4560
5390
1645
236
8166
3099
7833
1572
2156
1543
1243
790
2554
5968
2249
6025
2045
9930
2340
3091
6624
8755
1278
7045
4538
7422
2453
7342
6426
1750
4198
2714
3942
4714
4849
6005
6947
5620
4742
4784
8817
9378
959
2309
9585
9525
2560
9980
3774
7876
539
617
6440
5157
1930
7577
1755
7636
6562
5613
1213
9188
3118
4549
1633
9454
6274
763
415
1810
674
493
3666
8490
7642
9275
730
8259
2153
3373
3432
2323
3232
1396
4144
4076
3721
9744
3996
9684
4618
3899
6303
4586
1132
43
4974
2064
2822
8701
3317
9850
491
3180
5250
4723
2552
6365
7868
4765
7095
6473
8873
3939
4760
7594
2938
6756
9217
817
6332
9215
7964
8984
5827
3626
6159
4444
3289
4514
7915
6223
2729
5623
9926
466
2073
8622
3157
6983
1482
4775
7160
5849
507
6221
6238
7149
2669
4433
277
5192
1747
4051
7727
8749
9708
589
5589
4081
4813
3770
8249
6755
5512
3320
8034
6655
2931
4749
9362
1018
1919
2010
1368
6503
2866
1390
2885
5355
9257
9562
8016
562
4409
7986
5134
8088
4063
6745
8993
955
7384
7488
930
9949
3043
1001
6268
7878
6612
4924
7657
8540
1717
3641
9797
9379
7236
3329
2857
1802
4875
9818
1933
6985
9090
8474
9185
6084
4522
7242
8715
7278
7403
5176
2261
278
9348
3493
3536
267
404
3754
3509
6486
8318
8201
2194
4423
3192
159
1877
1762
4424
1736
823
7100
6835
2749
7327
2886
426
3400
7170
2804
992
6270
231
6308
7917
5829
6484
1720
4734
9842
4127
6904
8554
937
579
6704
5022
1068
4429
2660
7262
1430
4840
7889
4736
7440
1096
8655
8806
1803
8057
8402
3490
4137
5307
3369
9019
2149
4990
7003
81
9031
4770
1808
6839
4666
4578
3830
3960
8930
9361
6938
4547
9460
1857
3468
7824
2656
2349
9293
427
4821
3109
7485
6190
3383
5983
1655
3745
8855
1334
5001
2901
745
1660
3655
8538
5901
2496
8714
8081
8384
2369
7891
4605
2173
8674
2164
5166
1710
5484
50
4320
3815
6716
2549
6893
2981
1524
4844
4484
5774
3426
6220
8775
933
8727
8847
3174
1058
545
5814
87
9314
3436
5245
6492
704
359
77
4755
4347
1534
4233
8041
6166
9492
3836
8829
4677
8786
7810
2599
2404
3567
8999
9027
9909
956
5517
5660
173
1321
5246
7803
7363
139
8729
8766
9322
2059
1110
2116
5236
8086
5376
6649
8710
4516
4179
471
1625
4649
6352
5051
5262
3337
3865
980
6615
7269
4475
9856
8455
5156
8061
8606
7000
2441
5431
1506
285
825
895
1722
367
1999
9178
3189
6792
4623
9105
1962
9249
5929
8626
1493
9015
5527
8073
6914
1758
5851
5269
4874
7502
663
4995
8548
8022
9755
457
1664
6710
1478
5996
2088
703
4711
7610
9478
2160
5383
4393
7661
8179
8370
9436
8212
1598
8014
7177
7579
9174
7784
8268
9545
4780
5352
6068
5733
1918
1104
5374
4289
7494
141
794
3660
8914
6732
9232
2547
3188
1474
8242
2409
1708
9569
8794
4732
5568
7016
9548
3752
5190
3016
7703
6890
3205
6399
5708
2314
9399
8816
5825
3015
4359
6014
5873
9161
4729
9923
780
1695
6391
7125
2781
3073
3962
1270
1271
2964
1971
8796
1797
9719
2295
1724
1690
2683
2762
8068
6811
4690
7039
3905
757
9070
3793
6259
3914
9270
368
9515
8525
729
9560
1120
3598
6884
5175
9528
451
4615
2784
5565
4276
6654
1568
291
6588
5110
5768
1326
5360
3716
2898
8623
3573
2308
9748
53
3965
2333
6996
8196
3115
7886
4192
1052
7887
8652
4155
1570
7564
1673
8647
3
1801
1281
1615
1828
1253
8559
7425
2487
2348
6355
1702
1938
3569
8305
8272
2974
9406
6044
6271
3399
1621
4143
5570
3359
7507
382
9438
5163
7943
8072
9462
4633
6642
4593
