2935
2931
2930
2929
2932
2928
2927
2933
2934
2936
137
2990
2992
2987
2991
2989
1316
1312
2993
1311
2986
1314
3004
1317
1246
3013
2984
3014
2995
1533
3007
1420
2194
3006
3011
1421
3003
201
1844
3015
1289
691
1978
1568
2022
2791
1633
1378
2846
2485
2206
2104
1843
1812
1232
989
2594
480
689
199
1017
3012
1372
566
2834
644
1703
1949
2123
2734
932
1225
1256
2892
2707
2994
1107
2058
708
688
1254
880
998
404
377
1233
1742
1805
2838
1561
1929
470
2885
687
794
3008
1639
1530
2542
1157
2452
625
2430
2682
2676
2018
2166
1806
2354
2484
2267
238
2714
1501
690
2363
2333
2051
25
61
2544
2300
1841
1119
302
879
2048
2918
540
2487
2319
892
1379
146
1226
2298
1065
2641
2397
1942
2401
2839
2654
1304
210
2049
2513
1976
587
1132
2299
68
1907
2736
184
389
2726
2061
2462
1174
2524
1056
1159
1373
337
2062
1320
710
2585
2562
2364
1721
1019
2068
111
2287
1128
886
1736
306
2122
41
944
2833
31
1838
163
2453
891
1951
2561
2458
2423
1877
2196
631
799
1601
177
1301
664
2012
2322
173
1207
1870
282
2822
2835
2612
2130
1804
2015
1247
2355
3010
1654
2793
171
1099
2361
2243
1603
2100
2105
1908
2674
619
2558
1706
415
1070
2244
1915
2353
2718
1698
2649
1528
1158
2358
665
2886
429
716
1218
1562
1538
1025
2390
2849
1882
1240
2643
1598
2832
1024
1294
98
807
58
119
2902
12
2549
2837
1842
795
1166
2884
1106
1848
1318
1050
2648
2650
2919
852
1018
2582
647
694
1377
2362
1674
1535
2387
2249
2328
1248
2326
361
1883
1606
2334
1574
567
810
1707
2856
2823
1556
1608
24
2295
384
1684
2681
523
701
2386
2887
311
1002
2098
1946
758
1875
1917
1511
2054
1569
692
577
2893
925
923
2847
854
839
787
2606
277
2575
2034
2324
1768
930
166
409
276
2133
2070
1097
643
966
76
2557
2288
2851
1924
1529
2459
1740
2502
2129
1986
2675
249
471
2327
2647
1947
1700
1743
2794
1227
1096
2321
2553
2858
407
35
1100
2420
579
1156
881
2169
2303
2168
1749
248
79
273
1871
1948
2845
997
522
698
2666
2683
2318
2138
2611
1600
718
2680
2756
60
1979
1635
2543
2694
64
846
1103
1845
1573
2128
1074
26
1874
2021
1266
2325
2545
243
2297
420
919
845
2661
2914
2820
693
1890
1965
2595
1176
1773
1815
1255
711
2202
696
788
2809
156
2013
2578
2772
2067
99
1567
27
2908
78
2162
1673
542
344
603
2673
437
2165
1253
1741
2688
707
2642
904
353
1135
348
2134
1262
2302
1813
1810
1260
993
924
2167
1048
2191
1645
443
2579
2854
987
2200
2277
174
890
2246
851
2523
1052
2109
646
1102
1049
2330
2126
1918
1175
1261
410
592
2056
1059
2903
2555
247
2808
755
2883
2587
1133
2099
44
1778
590
1181
117
65
39
2897
1195
2483
2426
1928
326
962
1283
2265
1570
964
2124
375
1219
67
602
2900
2293
564
832
2088
1641
780
2431
2541
1640
614
2662
2911
507
2614
32
897
325
2692
2910
2223
894
1051
202
1671
1068
2204
1745
1613
1807
2825
1496
2400
1209
1779
1498
2419
1101
2679
1780
107
1984
1120
2577
264
704
2922
2367
1146
112
2715
2107
740
1849
2515
2556
2429
679
2406
2896
376
2580
863
798
2983
1923
96
1098
2898
1676
1295
1563
388
1746
1293
676
1760
2157
2159
1298
697
2525
2894
182
1026
1475
2551
612
314
2713
1605
1235
1913
675
1543
121
2289
593
481
1229
251
2351
2656
1959
1299
580
2687
1396
74
2840
2470
717
2226
1016
960
198
1245
2192
1682
1244
1290
1063
2424
744
2052
885
2776
1704
833
751
2852
444
622
2030
1710
2488
2804
1422
2657
739
363
2646
1001
2238
2385
2193
1450
2089
301
1230
2269
926
2522
2160
479
2047
1910
125
2294
1575
835
608
2909
2472
42
2279
2913
1012
2729
200
147
1637
1711
2313
1173
2132
436
2554
1677
1678
1095
2706
1151
2454
1129
1977
2836
1136
1983
1497
2025
1852
1956
629
1221
1916
2158
319
390
543
1257
382
2870
650
2339
416
1499
2891
1160
2032
123
1943
2064
1180
360
1057
8
158
735
1820
3002
1502
1808
2576
653
1564
784
2514
1840
1985
797
478
595
69
1507
2550
2356
161
2050
2563
120
645
589
2566
2848
988
934
347
1170
1990
1701
1539
620
1858
286
402
331
2405
752
2755
623
1958
2125
378
1887
2810
2607
1145
882
1599
1572
482
29
2252
1720
1989
670
2024
1837
853
126
2428
714
604
2352
2433
1941
1210
2195
1644
59
506
2329
128
786
667
2366
1784
1033
1504
232
700
671
1138
2394
551
2630
1013
209
2904
1747
1919
250
1250
2137
2921
2581
559
1267
172
109
565
809
36
2173
806
2653
2477
2644
254
1650
2492
918
75
299
1064
1032
237
1643
975
1839
1168
2198
1769
2410
2819
654
1991
900
789
456
741
1975
417
2645
2440
1263
618
2312
1112
929
392
2096
43
1733
617
1716
943
2895
1648
1286
167
18
1980
2057
594
596
208
297
2029
2447
1770
568
1614
1774
850
585
2622
2422
1193
2257
2331
3009
1114
2441
893
183
2863
2658
2500
1577
725
2889
965
1921
1306
1738
621
715
55
661
2253
1953
680
1022
2821
1920
2065
1284
1853
2467
2589
2711
803
906
1582
2463
2464
1206
271
483
759
1836
2574
457
2017
54
1105
2717
2144
2730
1523
2695
1811
438
2890
1571
601
244
1047
513
204
630
2609
2393
2684
1516
1217
149
2093
896
0
100
266
1506
2859
1309
2693
2783
547
2207
1893
994
1028
66
196
778
2072
327
992
2307
2063
2915
657
2685
1292
1171
101
9
2677
2705
2190
1816
2552
1011
2224
898
838
1540
2163
466
1546
796
1251
2140
1744
106
970
2203
367
2255
1786
2026
2434
1872
2066
352
3000
1565
1927
287
2092
1280
1020
2716
1212
2372
1612
2699
1220
2830
1163
2014
1424
1822
2073
1754
2691
475
572
766
1785
105
423
2489
1067
1509
285
727
1276
2296
648
2864
288
1140
28
1618
1231
781
901
1880
2232
2829
34
70
1053
921
712
2245
157
1239
1809
2197
1772
1142
1190
859
1879
2735
1847
1634
927
1282
1035
136
2771
2020
473
1753
823
1242
2305
357
1988
1739
2091
1303
2773
591
168
2106
2651
2527
669
503
899
1950
2189
1036
2360
1211
2059
2728
2402
1167
2906
1201
185
387
2285
1649
685
562
2291
2028
1204
1139
674
2862
524
1617
1987
175
2869
1073
2306
560
627
2469
2174
1512
1532
1610
996
1534
1249
2855
726
113
681
2256
278
1375
961
2774
411
340
2425
1061
1869
753
1169
549
2613
2724
1522
1268
1714
298
782
1776
1737
2136
303
312
3001
421
1094
1055
1609
2392
449
1259
1873
1177
599
1699
1925
808
1982
151
1110
2335
1039
1878
89
1705
971
2905
1302
2723
955
2732
159
245
2102
858
2923
1541
1216
2234
1285
1826
2725
2239
1034
1228
548
2131
907
2482
2146
736
2170
446
607
313
329
1252
1579
2860
2708
2035
2690
290
1296
1023
1642
1885
1646
30
2564
706
1150
1141
2404
1781
2722
1702
1884
2343
597
216
702
1846
1954
1889
857
1503
802
2060
2490
2436
2369
2678
2455
300
257
719
931
1310
2233
394
837
77
2264
2164
414
274
2850
613
2407
2520
205
1527
2548
1243
2053
2236
178
1814
720
738
1542
1470
152
134
1782
1143
1750
1670
1505
703
2590
1651
275
207
1241
1713
1683
2258
1960
2341
7
1717
1006
1130
2075
1131
649
1537
1194
1236
2127
655
2457
1137
37
1952
1817
1021
2689
1723
71
2112
1588
2399
1040
976
757
1072
154
1888
2698
291
1115
2228
488
1993
1526
864
73
1726
1922
695
785
1144
2871
1536
1566
2873
2617
1819
986
2323
2535
1945
1912
1777
713
1855
651
6
129
1544
2055
1321
2560
2608
439
1652
5
750
218
677
1914
2396
2831
1191
1271
1775
902
346
1891
2199
81
737
544
330
541
2493
2180
373
95
553
2824
841
155
2161
883
2147
790
1761
369
967
940
1043
1371
383
1685
732
504
1823
110
865
1856
10
2731
920
1183
743
1752
419
895
2090
2101
284
2672
812
826
2843
1029
1046
2282
127
1403
1118
1851
1709
1576
2628
350
1394
1279
332
1821
1675
1515
1604
887
990
1038
2071
800
563
2301
928
2373
422
639
1071
2171
310
1258
102
935
179
2586
2618
17
1391
783
255
1491
217
239
2519
606
1876
867
626
2337
2456
2621
399
768
2530
2901
2460
2997
709
792
834
2652
108
406
1531
181
2229
2320
1992
1472
1708
1058
2336
2876
2208
1909
428
263
97
1288
1172
315
338
2205
972
575
2501
2473
652
1014
1313
1237
816
1300
2999
1116
754
2912
557
2268
1859
281
1134
2142
1580
16
2857
2389
529
2348
939
2135
1857
2377
2201
1208
1679
2494
1686
355
372
468
322
2559
1054
598
633
905
2547
1787
2591
328
1681
1632
1892
2357
2517
1615
1748
1386
2411
1583
1668
2803
1027
2094
2290
469
539
1758
2019
836
2359
999
203
80
212
888
1669
1621
889
663
2584
2841
1854
1936
1265
496
1995
1078
705
550
2274
368
1117
847
476
2866
2842
219
2314
379
169
2538
160
2659
968
1861
345
1607
2403
2338
1069
628
1757
2655
283
761
435
162
2027
1638
1957
2998
2844
1319
1224
936
827
2177
2450
2669
2074
359
131
354
2719
745
1955
2117
336
2023
2449
2532
1404
1179
2103
659
742
1508
144
791
1545
395
2292
1933
33
1395
1798
2172
1041
1719
241
2143
662
1291
225
2179
2225
2757
1972
1287
588
413
188
153
1687
309
295
2861
316
1272
2349
403
1015
1062
90
2110
1083
1712
2141
534
2737
1999
2069
1037
1793
2777
820
2412
576
2209
371
1383
2569
2376
762
2445
1238
569
400
574
699
884
1030
349
1759
493
2468
937
1655
2507
2212
304
1886
1587
860
2709
1831
2977
2899
1663
1866
2368
1680
1297
2210
1445
440
2592
2623
963
1455
849
2916
2888
1108
2371
1751
2033
1076
2546
38
2721
1688
1305
380
2037
138
1584
259
872
1998
1715
2620
495
2284
942
1205
871
1881
813
2533
1636
176
570
398
489
1079
666
370
2108
258
424
2435
2427
2565
2497
1490
922
2516
118
1602
1111
296
1273
2248
2139
1406
581
206
2597
811
180
1423
2697
1493
956
2278
2095
913
2664
491
1031
2696
2996
1410
1818
2382
2388
490
260
624
15
1322
342
426
418
2982
494
1430
45
1104
978
1981
1214
47
1215
2750
2081
1004
1234
1147
93
2311
1007
458
170
2521
1864
1203
933
2868
1510
2115
2598
381
2235
908
270
2797
191
825
801
2461
638
292
1665
2308
779
1850
1766
844
2097
279
528
1944
1370
1
862
2784
1308
213
2391
2828
1278
2503
1611
1495
1722
1481
3005
2491
2344
294
2495
642
946
1783
1788
1315
223
341
1432
305
333
2381
520
2230
2792
1462
578
2512
82
412
2416
2365
1492
1427
233
1126
240
1667
2211
2437
947
2567
733
1863
385
763
2000
1865
519
391
1647
840
748
2259
448
2534
632
453
2629
545
772
374
682
2270
1963
408
2865
2479
11
1968
1392
2150
454
2907
220
2733
1084
1327
320
2572
1202
941
2610
1578
1402
224
1900
910
1213
1459
1281
951
214
1405
991
2853
122
2178
1360
583
2247
265
2686
609
535
1358
771
573
2001
1066
215
1597
1547
1548
2417
2370
2573
756
94
1077
814
84
1200
1964
2374
19
2806
909
508
600
2421
767
1926
525
1828
2016
150
1500
515
269
1672
1549
760
211
2745
1409
2588
1825
1425
318
2536
2920
2875
1113
430
53
72
815
2768
1586
2496
467
2615
848
2446
2227
1354
3
2727
1362
658
866
765
2798
2763
641
1465
818
2040
605
246
2465
1199
362
2962
1198
2619
226
2116
2486
2077
2796
1762
2596
343
1081
268
2593
4
770
2637
2439
2432
2149
148
1832
339
877
1591
2624
1192
321
878
746
46
2974
197
447
660
124
1485
1461
1374
405
1165
2466
1431
793
393
1411
1791
1729
1060
2599
1196
1162
2111
948
2969
2925
2700
1382
2340
2304
2332
640
1003
2148
582
2571
2231
2770
1616
843
2775
552
673
1080
230
2605
1590
1197
2529
1790
873
2703
1340
252
1182
1932
1417
2043
1997
472
1901
1830
2145
253
114
231
2766
2152
1010
335
769
1333
1553
2261
425
949
2345
2310
2924
2480
2600
1657
308
530
2778
143
2568
1619
22
1337
1457
2710
2004
1277
514
2175
442
874
1264
1765
1336
2528
477
2570
2583
116
1624
1075
938
139
723
2409
1827
828
2315
1332
1353
2526
1476
2471
2398
324
1385
1387
995
555
521
465
2603
222
684
728
1460
351
2882
1164
2316
2002
187
1755
1000
2985
561
1148
734
875
1911
1361
2767
1487
1366
2254
1418
502
2151
115
2760
2872
48
2263
2266
221
1044
1363
656
571
2917
870
2747
2079
1792
973
2748
62
2283
2518
133
2395
2444
2031
40
2627
356
730
1764
2114
2176
1653
1005
1089
2761
731
397
2250
474
1438
1433
455
1789
103
2826
13
1931
2442
2260
1042
1930
186
1161
1694
2036
724
132
1326
1902
531
1155
2185
2408
861
2949
1935
1763
1660
1623
2121
464
1518
1419
1456
1334
637
2039
83
50
1513
945
1656
1401
518
722
2038
1338
764
1355
396
1222
2005
1339
104
1178
915
1550
451
2712
2262
1628
610
317
1093
1489
1436
1971
2764
634
500
2978
2508
2413
1345
1895
2539
558
2275
1862
2765
501
1344
1551
1330
498
1109
2779
1346
686
532
2976
2478
2739
459
1347
855
683
1486
2003
1154
85
2342
1897
2959
2217
1794
2
611
433
1356
977
427
242
1585
434
2008
1444
2499
1969
2184
2474
1357
1187
2531
2448
2972
2241
2867
1390
1335
1223
364
546
2800
1408
1477
668
2958
1514
980
903
2795
1376
819
280
2805
2632
981
912
21
164
450
1581
1835
323
2216
805
1348
2182
2827
876
1689
1824
1270
2379
1125
1967
1398
1718
1480
1329
1451
2187
2877
1393
1994
1184
1389
1088
817
1343
14
2042
2663
2789
87
505
1124
1085
1434
1771
2790
1149
2076
1659
1458
2251
747
2720
2967
2957
2702
824
49
1388
2634
1325
2213
63
584
1620
1658
272
1447
2602
2280
1860
235
1045
1961
2214
1384
1834
729
52
1426
2604
2633
2799
554
262
911
1185
2237
2816
556
721
2878
1937
1725
492
1829
1407
2240
1662
234
1359
2505
2601
499
2636
366
1440
775
20
1731
1552
517
1724
2769
1412
914
1520
1365
2380
2740
2506
1966
2963
749
2475
1517
293
2272
1352
2817
2183
1589
1091
1152
1625
1082
441
189
1452
165
2874
1008
1090
2964
2749
1622
2758
1441
1324
365
2625
358
1691
2218
1435
2415
974
2631
1802
1554
1560
2960
1962
1896
2638
2818
1446
2670
334
1189
2704
533
2762
1934
2988
2215
1592
1756
952
2476
135
1397
1328
2347
776
445
1443
192
773
1471
2751
2815
2813
2975
804
190
1429
1800
636
2438
527
2626
1799
2752
2665
1767
2273
1341
1557
1593
1555
2981
2980
463
2119
1453
2113
