312417 307417 291882
234615 229615 239615
290727 213982 218982
137677 142677 147677
218982 234615 229615
175398 285998 186316
307417 302417 286882
194884 189884 45857
7968 235619 2968
225453 220453 215453
307417 291882 286882
55241 50241 60241
218402 213402 223402
4149 313771 251743
82290 77290 72290
57298 263197 253584
290727 208982 213982
213982 218982 229615
208982 213982 203982
213982 203982 229615
163357 158357 153357
302417 286882 281882
113254 118254 108254
70241 162289 75241
109101 170947 151350
235811 165398 141350
88254 259636 270727
239615 284636 289636
164934 159934 154934
244615 289636 294636
158402 313771 251743
47351 42351 302231
224615 279636 274636
268283 149017 209615
203982 229615 224615
79987 215398 210398
35608 30608 25608
104101 165947 146350
132677 137677 142677
267968 57298 263197
52351 47351 302231
317112 225453 215453
82290 1193 72290
158402 152488 251743
263197 265333 7351
244615 92187 97187
198123 193123 203123
150180 160180 145180
290333 42351 302231
253643 158116 118357
99101 280998 235811
55241 60241 65241
305727 295727 310727
193123 203123 305333
244615 284636 289636
7351 253643 158116
177289 182289 202286
172289 177289 182289
317112 220453 215453
263197 253584 265333
229615 239615 224615
317112 225453 230453
168123 277968 67298
2112 7112 140180
239615 224615 284636
158402 92453 152488
270727 268283 209615
100335 300727 295727
193982 82187 219615
193982 87187 82187
181316 99101 280998
118254 108254 123254
274636 98254 269636
5437 181316 280998
127289 25241 20241
60241 65241 70241
291882 296882 286882
99101 235811 141350
256433 251433 246433
179283 174283 112298
215736 79987 54569
33989 253643 118357
108254 123254 103254
33143 129283 272968
300333 123254 295333
295333 183123 290333
145180 140180 135180
159017 278283 285727
300727 295727 290727
183123 137075 290333
199615 260727 244636
198982 193982 219615
280998 12447 211904
112298 117298 159283
305333 300333 123254
175947 191316 114101
209615 254636 265727
5437 280998 12447
210736 1193 49569
204615 249636 260727
193123 305333 300333
198982 224615 219615
192488 187488 44149
255619 250619 245619
197488 192488 49149
197488 202488 49149
152488 251743 87453
274636 219615 269636
162289 75241 167289
192488 49149 44149
305333 118254 123254
224615 274636 219615
203123 305333 118254
88254 134283 270727
210736 54569 49569
60183 55183 234973
174283 112298 107298
145180 7112 140180
2112 317112 230453
203982 224615 279636
112298 107298 159283
207488 212488 54149
2112 235453 230453
170398 5437 181316
109101 186316 151350
19569 290998 180398
79141 205453 200453
79987 220398 215398
183982 268283 149017
215736 210736 54569
2112 7112 235453
24149 168402 19149
280998 235811 165398
7112 235453 240453
270727 209615 254636
277968 134283 67298
129283 272968 62298
224615 244615 284636
107298 164283 102298
1193 54569 49569
9149 158402 313771
202488 207488 49149
75241 167289 80241
198982 92187 87187
147677 152677 157677
97453 92453 123939
92453 152488 87453
137075 290333 42351
231536 138357 226536
4149 251743 87453
187488 44149 39149
207488 49149 54149
96919 5437 12447
292231 153357 287231
123254 295333 307231
208982 203982 279636
198982 193982 87187
4569 211904 437
165398 155947 141350
212488 180170 54149
164283 102298 97298
259636 270727 268283
9569 170398 5437
190398 185398 196316
265727 263283 204615
275727 264636 259636
998 204852 315998
297968 92298 87298
173123 72298 277968
228811 223811 218811
97453 158402 92453
307231 290333 302231
142677 147677 157677
92453 123939 118939
189884 45857 184884
119101 175947 114101
235453 240453 126620
9569 170398 17447
104101 170398 146350
302968 297968 92298
287112 282112 74141
239973 92453 118939
176894 181894 136620
52290 277417 261882
101919 9569 17447
195398 201316 190398
265727 204615 249636
292231 158357 153357
231536 226536 50857
303283 298283 179017
157488 9149 97453
83254 254636 265727
255727 253584 265333
174017 288283 169017
114101 109101 170947
103254 274636 98254
204852 315998 199852
295333 307231 290333
124442 96919 4569
4569 12447 211904
198982 224615 244615
200453 74141 195453
163402 157488 9149
103254 279636 274636
198982 244615 92187
92187 97187 87187
200453 189884 184884
30279 246882 37290
138357 226536 133357
169017 164017 154283
292968 87298 82298
55857 241536 236536
29149 173402 24149
77298 282968 139283
169139 60183 4149
236536 231536 122289
208069 203069 218069
9149 97453 158402
265333 7351 267231
180947 119101 175947
275727 88254 259636
4569 165398 437
134283 83254 67298
160947 99101 141350
9569 96919 5437
199615 244636 255727
282968 139283 72298
280998 211904 437
200453 194884 189884
49149 44149 158357
127289 20241 122289
2112 140180 317112
258643 33989 123357
49149 163357 158357
54149 163357 168357
96919 4569 12447
159283 305727 310727
57290 282417 266882
53143 302968 297968
165180 160180 7112
160180 145180 7112
43143 287968 77298
154283 87298 149283
92298 154283 87298
181316 160947 99101
70241 228402 75241
239973 60183 234973
244636 255727 253584
106919 180398 14569
105335 100335 295727
19569 106919 180398
297968 292968 87298
82298 287968 144283
43143 77298 282968
105335 305727 295727
138357 184139 133357
240453 136620 126620
139283 275727 88254
59990 55279 54990
200453 184884 195453
295727 310727 290727
89774 54990 50279
60183 234973 87453
280998 165398 437
80279 85279 90279
303283 298283 184017
134283 83254 254636
49149 54149 163357
149017 209615 287271
146919 215736 210736
129283 265727 249636
285998 170398 17447
80279 90279 75279
241536 127289 236536
87187 82187 150180
169139 60183 55183
60241 223402 228402
205453 199884 194884
60241 70241 228402
165180 170180 7112
298283 184017 179017
292112 79141 200453
273283 154017 264636
134283 270727 254636
221536 128357 45857
228402 75241 80241
170398 146350 181316
14569 175398 285998
244636 253584 272231
290727 208982 108254
164283 105335 97298
287968 144283 77298
290727 113254 108254
315998 199852 310998
72298 277968 134283
169017 283283 164017
255727 265333 267231
124774 80279 85279
310727 315727 290727
77187 72187 214615
196316 180947 175947
14149 163402 9149
184884 195453 179884
193123 296882 300333
239973 123939 118939
101919 285998 17447
167289 80241 85241
79987 1193 54569
280727 275727 264636
128357 123357 216536
186316 104101 165947
186316 151350 165947
285998 186316 170398
60183 4149 87453
282112 74141 195453
176894 240453 136620
77187 150180 145180
195453 179884 190453
277112 69141 190453
205453 200453 194884
201316 190398 196316
128357 45857 216536
7351 267231 158116
201316 185947 180947
107298 164283 159283
149283 159017 285727
87298 149283 82298
287112 200453 74141
239973 92453 87453
82187 77187 150180
180398 14569 175398
244615 97187 294636
146350 181316 160947
282112 277112 69141
108254 103254 279636
33989 123357 118357
72187 140180 135180
34569 206316 195398
282968 285333 72298
199852 310998 194852
201316 196316 180947
186316 104101 170398
283283 164017 159017
173402 24149 168402
317968 179283 174283
258643 174139 123357
282112 69141 190453
175398 109101 186316
55183 234973 229973
287417 57290 266882
199615 258283 255727
288283 169017 283283
2968 317968 179283
83254 129283 265727
239973 234973 87453
9149 4149 313771
48143 292968 82298
164017 154283 149283
191316 114101 109101
169139 164139 55183
50241 60241 223402
219615 269636 214615
105335 97298 100335
77187 72187 145180
192289 176894 181894
127289 236536 122289
174139 33989 169139
315727 290727 218982
129283 62298 270333
180398 191316 175398
123254 103254 307231
258643 33989 253643
45857 184884 216536
82187 77187 214615
72187 145180 135180
249636 260727 270333
290998 180398 191316
179139 221536 128357
258643 174139 33989
94774 59990 54990
7968 2968 179283
82187 219615 214615
83254 33143 129283
163357 168357 220453
215398 210398 271882
184884 179884 40857
34569 29569 195398
178402 29149 173402
267968 57298 253584
315727 218982 234615
261882 272417 256882
132677 142677 127677
280727 273283 264636
14569 101919 285998
208982 108254 279636
72298 88254 134283
235453 136620 126620
97187 87187 150180
180170 266536 168357
285727 144283 280727
129283 249636 270333
30279 251882 42290
144283 77298 139283
168123 33143 67298
95241 187289 192289
292112 287112 200453
164934 202286 154934
296882 286882 300333
174139 9149 4149
182289 202286 187289
139283 72298 88254
180170 54149 168357
213402 228069 223402
234973 113939 108939
97298 100335 300727
24149 184139 19149
134141 169934 164934
174139 169139 4149
168357 225453 220453
234973 229973 108939
281193 19569 106919
50857 205453 199884
146919 215736 79987
117289 199884 194884
282417 52290 277417
226536 50857 117289
210453 181894 136620
203069 218069 223069
317968 174283 107298
177488 127289 25241
270333 12351 272231
144283 280727 275727
55857 236536 231536
179139 133357 221536
278283 285727 280727
185398 290998 191316
83254 33143 67298
163402 157488 97453
282112 195453 190453
134141 129141 164934
60183 160947 234973
223811 30608 25608
50857 117289 199884
144283 139283 275727
208402 55241 50241
158116 118357 211536
297231 292231 158357
97187 150180 160180
291882 193123 296882
169934 177289 202286
84774 49990 45279
169934 164934 202286
60857 93254 55857
315727 234615 239615
164283 105335 305727
149283 285727 144283
94141 93254 89141
94774 89774 54990
196316 175947 191316
179139 14149 9149
267231 179884 190453
117298 90857 159283
184139 179139 133357
260727 244636 270333
98143 93143 88143
55279 54990 50279
208402 218402 213402
149283 82298 144283
172488 25241 20241
164017 149283 159017
258643 7351 253643
185398 19569 290998
191316 175398 109101
185398 196316 191316
223811 218811 25608
89774 50279 49990
119141 164934 159934
208402 218402 223402
15608 307417 302417
258283 282112 277112
184884 216536 40857
179139 174139 9149
177488 172488 25241
89774 84774 49990
255619 2968 317968
58143 307968 302968
129141 124141 164934
164283 159283 305727
123357 216536 40857
165947 239973 146350
137075 47351 42351
124141 119141 164934
133491 163069 128491
155947 229973 108939
84141 79141 205453
163357 153357 220453
117298 95857 90857
50279 49990 45279
178402 172488 29149
282417 266882 277417
168402 19149 14149
199615 258283 282112
19149 179139 14149
173123 285333 72298
153357 287231 220453
312417 291882 193123
160947 234973 113939
169017 92298 154283
300727 290727 113254
184139 19149 179139
154017 297271 292271
267968 263197 7351
214615 140180 317112
93254 55857 89141
72187 214615 140180
58143 53143 302968
276193 14569 101919
12351 253584 272231
30279 267417 246882
267968 270333 12351
79990 35608 74990
271193 124442 96919
30279 251882 267417
297968 48143 292968
117289 194884 45857
15608 302417 297417
310998 194852 305998
123357 40857 211536
261882 256882 47290
277112 267231 190453
276882 183123 137075
244636 270333 272231
103254 307231 98254
7968 179283 112298
98254 302231 297231
267968 12351 253584
208402 50241 223402
286882 281882 300333
294636 165180 160180
97298 198123 203123
60279 94774 59990
35608 25608 20608
255727 277112 267231
239973 60183 160947
255619 245619 317968
24149 138357 184139
97187 294636 160180
281882 300333 295333
245619 240619 317968
267231 158116 179884
57290 282417 52290
263283 204615 287112
98254 269636 297231
48143 82298 287968
15608 10608 297417
62290 45279 57290
70241 162289 167289
203123 113254 118254
266536 225453 230453
307231 98254 302231
258283 255727 277112
117289 221536 45857
37290 305037 65887
239973 146350 160947
209615 265727 287271
158116 40857 211536
199615 260727 282112
50279 62290 45279
172488 29149 20241
159283 310727 315727
266536 235453 230453
158116 179884 40857
55183 155947 229973
65279 99774 60279
58143 213811 53143
165947 239973 123939
123357 118357 211536
266536 168357 225453
168069 133491 163069
155947 141350 108939
178402 185947 173402
204615 260727 287112
226536 133357 117289
281882 276882 183123
273283 154017 297271
292271 149017 287271
7968 112298 117298
198069 208069 218069
160947 141350 113939
208402 213402 228069
110857 134141 129141
133357 117289 221536
180170 266536 210453
128357 174139 123357
69990 82290 77290
260727 287112 282112
99774 60279 94774
53143 297968 48143
246882 37290 305037
267968 258643 7351
29149 20241 122289
178402 177488 172488
276882 137075 47351
146919 210736 1193
179139 128357 174139
84141 50857 205453
281882 295333 183123
263283 292112 287112
55857 231536 50857
315727 239615 289636
306975 312271 307271
141350 113939 108939
185947 133491 128491
300727 203123 113254
151350 165947 123939
276193 101919 9569
154017 264636 259636
265727 263283 292112
278283 280727 273283
183402 178402 177488
29149 231536 122289
281882 276882 47351
266536 235453 136620
146919 82290 1193
173402 119101 168402
271882 187488 210947
100857 124141 119141
277417 261882 272417
20608 15608 307417
266536 210453 136620
185947 163069 128491
62298 267968 270333
195398 168069 201316
183982 292271 149017
292231 287231 220453
62290 34569 29569
105857 100857 124141
173402 180947 119101
281193 106919 14569
90241 95241 187289
185947 173402 180947
110857 134141 169934
301975 307271 302271
168069 201316 185947
12968 7968 117298
97298 300727 203123
119141 315727 159934
167289 85241 172289
206316 195398 168069
157677 105857 110857
65887 165398 155947
105857 110857 129141
183982 154017 292271
95857 100857 119141
105857 129141 124141
52290 185398 19569
29149 24149 138357
208402 223069 228069
265727 287271 292112
271193 124442 4569
183982 154017 268283
256882 251882 42290
95857 90857 119141
187289 192289 176894
29149 231536 138357
45279 287417 57290
170180 7112 240453
170947 151350 123939
154017 259636 268283
256882 47290 42290
15608 77290 72290
283283 159017 278283
84141 292112 79141
72290 302417 297417
85241 172289 90241
75279 79990 35608
301975 278283 302271
15608 72290 10608
90857 159283 315727
30279 271193 37290
174017 169017 92298
312968 307968 174017
173069 206316 168069
281882 52351 47351
168069 185947 163069
317968 107298 102298
306975 301975 307271
84774 5608 45279
44149 297231 158357
281193 47290 14569
159934 154934 294636
267417 246882 305037
52290 261882 47290
90241 182289 187289
35608 74990 20608
269636 214615 317112
60857 55857 241536
172289 90241 182289
72290 10608 297417
90857 119141 315727
271193 9569 96919
52290 190398 185398
74990 69990 20608
62290 29569 57290
272417 256882 251882
20608 312417 307417
138491 168069 133491
132677 127677 114141
137677 147677 152677
305037 169139 164139
47290 276193 14569
307968 174017 302968
55857 89141 84141
173069 143491 138491
283283 312271 307271
302231 44149 39149
187488 52351 39149
52351 302231 39149
302231 44149 297231
305037 33989 169139
287271 84141 292112
292271 89141 84141
57290 195398 190398
174017 302968 92298
154934 165180 170180
276193 42290 9569
65887 55183 155947
228811 223811 30608
306975 283283 312271
47290 276193 42290
34569 173069 206316
95241 192289 181894
251433 246433 241433
29569 57290 195398
95241 210453 181894
297231 292231 220453
278283 302271 297271
119101 168402 114101
142677 127677 114141
5608 45279 287417
63143 58143 307968
154934 294636 165180
159934 289636 294636
138491 185947 133491
173069 138491 168069
178069 173069 143491
55857 84141 50857
126919 62290 34569
312968 179017 174017
283283 301975 278283
278283 273283 297271
65887 164139 55183
306975 283283 301975
30279 42290 271193
203402 208402 223069
187488 52351 210947
146919 79987 220398
52290 281193 19569
315727 159934 289636
256433 250619 245619
292271 287271 84141
90241 95241 210453
110857 169934 177289
57290 52290 190398
305037 65887 164139
179017 174017 288283
126919 34569 173069
303283 312968 179017
202286 154934 170180
90279 75279 229852
272417 251882 267417
170947 97453 123939
104141 302271 99141
52290 281193 47290
307271 104141 302271
297271 94141 89141
170180 176894 240453
126919 178069 173069
297271 292271 89141
298564 132677 137677
110857 172289 177289
183069 148491 143491
25608 20608 312417
75279 229852 79990
183069 178069 143491
302271 297271 94141
302271 99141 94141
65887 4569 165398
203069 67290 223069
269636 317112 220453
69990 20608 15608
79987 1193 72290
213811 208811 53143
271882 52351 210947
85857 80857 114141
228811 35608 30608
69990 15608 77290
198811 84774 5608
124774 80279 233811
202286 187289 176894
69990 146919 82290
269636 297231 220453
14149 163402 170947
203402 218069 223069
42290 271193 9569
163402 170947 97453
246433 241433 233811
65241 70241 105857
79990 74990 146919
74990 69990 146919
63143 312968 307968
218811 102298 97298
99141 94141 93254
168402 114101 14149
256433 246433 233811
188402 148491 143491
65241 105857 110857
80279 75279 233811
37290 65887 4569
75279 233811 228811
114101 14149 170947
75279 228811 35608
233811 228811 102298
68143 63143 312968
70241 105857 110857
208811 53143 48143
228811 218811 102298
183402 138491 178402
138491 178402 185947
67290 220398 215398
271193 37290 4569
256433 245619 240619
188402 143491 138491
188402 183402 138491
50279 126919 62290
79987 72290 302417
240619 233811 317968
233811 317968 102298
256433 255619 250619
79987 302417 281882
79987 210398 281882
110857 167289 172289
67290 146919 220398
202286 170180 176894
60857 99141 93254
70241 110857 167289
228402 80241 85241
89774 198811 84774
75857 70857 109141
287417 282968 285333
65857 60857 99141
70857 109141 104141
73143 68143 312968
89774 203811 198811
283283 307271 104141
94774 89774 203811
90241 180170 210453
55279 50279 126919
68143 63143 70279
283283 109141 104141
70857 65857 99141
210398 281882 271882
85857 208402 55241
70857 104141 99141
80857 75857 109141
287417 285333 266882
281882 271882 52351
251433 124774 241433
183069 188402 148491
256433 251433 124774
218811 25608 312417
188069 193402 188402
173123 285333 266882
90241 212488 180170
267417 305037 33989
267417 258643 33989
85241 90241 212488
188069 183069 188402
272417 33143 272968
30998 20998 90279
267417 267968 258643
256433 240619 233811
124774 241433 233811
80857 114141 109141
63143 58143 213811
218811 97298 198123
157677 65241 110857
218811 198123 193123
20998 90279 229852
85241 207488 212488
194852 59990 305998
12968 117298 95857
59990 55279 126919
85857 80857 208402
94774 208811 203811
229852 79990 146919
272417 272968 62298
80857 203402 208402
88143 7968 235619
173123 266882 277968
78143 73143 312968
228069 223402 228402
218811 312417 193123
188069 198402 193402
198069 203402 218069
193069 188069 198402
208811 203811 48143
288283 283283 109141
298564 132677 114141
168123 272417 33143
193069 203402 198402
99774 94774 208811
59990 305998 126919
193069 198069 203402
168123 277417 272417
99774 213811 208811
75857 70857 198402
80857 75857 203402
63143 70279 65279
88143 235619 2968
199852 194852 59990
177488 241536 127289
75857 203402 198402
70857 198402 65857
267417 62298 267968
198402 65857 193402
266882 168123 277968
142677 157677 65241
199852 60279 59990
85857 114141 55241
114141 55241 65241
65279 99774 213811
266882 168123 277417
188402 60857 183402
30998 85279 90279
203811 48143 287968
203811 43143 287968
228069 197488 192488
203069 67290 146919
65857 193402 60857
193402 188402 60857
88143 255619 2968
88143 12968 7968
5608 287417 282968
60857 177488 241536
228402 197488 202488
272417 267417 62298
228069 192488 187488
228402 202488 207488
152677 157677 105857
228402 85241 207488
60857 183402 177488
63143 65279 213811
142677 114141 65241
305998 126919 178069
5608 43143 282968
203811 198811 43143
198811 5608 43143
228069 228402 197488
228069 271882 187488
67290 223069 215398
223069 228069 271882
98143 88143 12968
179017 288283 109141
223069 215398 271882
88143 256433 255619
152677 105857 100857
204852 199852 60279
204852 65279 60279
78143 303283 312968
152677 95857 100857
229852 203069 146919
73143 68143 70279
83143 78143 303283
184017 179017 109141
310998 305998 178069
229852 208069 203069
70279 204852 65279
88143 256433 124774
5998 10998 70279
303283 184017 298564
998 70279 204852
5998 998 70279
184017 298564 114141
310998 183069 178069
184017 114141 109141
88143 124774 85279
10998 15998 70279
12968 152677 95857
20998 229852 208069
30998 20998 208069
93143 88143 30998
298564 137677 152677
88143 30998 85279
315998 310998 183069
998 315998 183069
15998 193069 198069
10998 15998 193069
15998 30998 208069
15998 198069 208069
98143 93143 30998
83143 303283 298564
5998 10998 193069
5998 193069 188069
998 188069 183069
5998 998 188069
298564 12968 152677
73143 15998 70279
78143 73143 15998
83143 78143 30998
78143 15998 30998
83143 98143 30998
98143 298564 12968
83143 98143 298564
