203411
208411
65701
141228
213411
36497
20153
31497
188411
21497
16497
15153
126228
121228
116228
103650
89151
252891
46708
98650
205580
86038
247891
143663
138663
300696
66228
56228
5153
118411
128411
123411
113411
133411
317473
218767
213767
103411
229562
314406
231497
309406
236497
299406
294406
289406
284406
279406
274406
269406
264406
303517
140067
153767
198767
188767
193767
117353
148767
42239
138767
85792
16228
11228
6228
316228
272291
32678
314167
235632
240632
245632
250632
255632
260632
265632
270632
39895
64135
34895
29895
24895
19895
3489
79135
270486
29644
34644
39644
54644
313489
318489
212353
130424
67915
265847
119644
93996
154292
266115
204870
109644
149292
104644
74644
79644
84644
89644
218375
41099
127428
250847
213375
225377
208375
245847
36099
139292
194870
119292
114292
105424
137148
256153
124292
182148
177148
172148
162148
157148
152148
251153
85424
138022
80424
75424
215847
205847
210847
145355
60424
65424
146508
166817
155910
171817
235918
205377
195377
18996
11099
190377
6099
168375
245720
192953
240720
301577
314236
222280
232280
237280
242280
247280
89885
28266
165580
94456
89779
259158
202891
293373
38650
28650
43650
176866
121203
51892
197949
56892
33650
250494
255494
199703
260494
241232
278744
293857
303190
256572
261572
288744
128382
308857
31669
231302
236302
63187
68187
280494
36669
226302
143382
232454
237454
242454
238503
266232
166450
303744
194979
72062
108952
96219
101219
103952
22890
116219
121219
158601
34352
82062
87062
39352
57890
163601
134639
139639
48884
67890
151219
149639
62890
144639
103868
122526
108868
82982
275612
82116
171659
280612
285612
305612
290612
295612
238354
243354
208501
298040
203501
293040
110340
137923
222078
288040
283040
278040
273040
99945
268040
15191
253040
15474
22994
10474
213503
208503
17994
5474
203503
84945
295856
79945
249282
272292
244282
267292
69945
142074
119357
251850
145869
180063
256850
185748
201745
184758
266850
210839
253232
117329
286850
112329
282959
205839
179758
130469
235774
230774
225774
65340
206272
177078
182078
70340
11270
68166
207073
257088
16270
286806
291806
296806
1412
39271
23193
212508
18193
34271
246272
29271
13193
15214
8193
3193
318193
313193
308193
300801
226272
231272
93510
182508
187508
302692
307692
166043
244803
161043
178987
151043
156043
112803
117803
122803
127803
132803
137803
6317
243677
39971
179481
174481
210207
147068
205207
169481
164481
200207
177969
49633
142104
147104
195207
170250
275993
270993
265993
260993
311317
300195
93934
98934
305195
88934
234535
111395
296317
157969
152969
193605
189180
194180
275195
280195
304646
309646
314646
145741
319646
144348
149348
44420
229336
260142
40977
92176
51161
46161
180822
181129
108366
262444
257444
252444
98299
171129
93299
186274
166129
161129
156129
151129
146129
141129
126081
121081
60673
55673
96904
91904
86904
115729
13700
18700
23700
265777
42390
47390
52390
206813
300981
201813
196813
301300
274192
279192
306300
84404
284192
289192
294192
299192
6300
146046
137020
104339
141046
109339
50118
114339
76684
81684
86684
155403
150403
145403
140403
135403
130403
165746
175706
180706
185706
190706
195706
301779
180746
177482
172482
167482
162482
164628
159628
154628
2159
317159
312159
307159
302159
297159
302726
312726
24749
142876
147876
152876
157876
106888
101888
203524
198524
193524
188524
183524
178524
181206
262663
176206
171206
257663
252663
166206
247663
141418
161206
141209
136209
131209
209569
204569
60046
30736
65046
35736
40736
45736
136193
141193
259762
151193
264762
156193
269762
274762
215220
25091
30091
35091
40091
268070
45091
235220
230220
225220
247712
242712
237712
232712
169624
174624
58280
63280
68280
73280
295897
300897
168904
163904
309063
314063
319063
4063
202645
207645
212645
116197
121197
126197
131197
136197
141197
146197
181224
186224
191224
217474
202628
155806
160806
165806
170806
207628
227474
220277
225277
230277
235277
217628
180806
184331
189331
194331
199331
237474
204331
180567
134107
139107
133034
211229
272575
136826
255013
191283
260013
187579
125888
206931
201931
273638
229147
224147
89451
94451
99451
239147
130888
244147
192579
104451
233865
238865
243865
248865
177896
136835
251238
258865
317828
263865
183142
198678
188142
203678
193142
198142
203142
2828
182896
12323
4235
112294
117294
112067
209877
122940
177269
170229
160001
156949
56861
284474
133274
128274
123274
118274
113274
232095
108274
202269
180493
175493
131949
180396
105617
316529
1529
6529
11529
195493
236725
197646
200493
247095
93786
98546
16529
103546
289474
66861
108546
21529
128768
222269
225138
227269
130617
71861
113546
268205
153274
3981
26529
187223
118546
108786
113786
76861
273195
31529
278195
128546
191077
8981
163274
237269
220493
166535
288048
194951
78429
83429
88429
199951
150489
145489
260756
73429
20160
205439
200439
190439
112871
107871
258273
185439
228803
261427
159962
163474
168474
266427
271427
276427
202781
30160
253803
258803
136712
263803
211301
173809
216301
268803
88263
83263
136152
93263
40296
291427
45296
50296
55296
230439
172379
60296
70296
254479
75296
189962
193474
158379
37127
47127
52127
160835
57127
198342
203342
208342
194625
199625
204625
209625
213342
213225
62412
67412
57412
81256
257962
144712
267123
206173
83485
139712
61073
166965
161965
128719
181596
133719
88485
177612
221173
226173
231173
236173
44764
176965
226154
188464
63088
217902
249812
41016
186909
191909
46016
196909
285433
290433
295433
72503
141849
219872
86551
204215
224012
219012
214012
307597
297597
267597
272597
32270
27270
86849
91849
96849
101849
106849
116849
177902
152716
117557
112557
304764
102557
97557
92557
87557
77557
72557
287713
17882
12882
7882
282713
277713
272713
165956
170956
30061
302882
3032
79438
84438
89438
35061
94438
180956
104438
97716
92716
47388
42388
18878
40061
214787
273212
68499
278212
283212
288212
37203
78499
293212
83499
298212
88499
183895
93499
98499
103499
116836
260444
90165
265444
280444
285444
290444
295444
155871
65165
60165
118499
67110
72110
77110
82110
87110
92110
97110
102110
107110
112110
117110
70761
122110
62882
310444
196836
200232
120165
77388
104641
444
201836
5444
312338
290515
232338
75761
10444
69916
206836
74916
72882
89916
283815
211836
20444
94916
99916
77882
80761
19756
104916
114916
24756
172338
176205
164756
52248
62248
102494
102072
97494
92494
67248
242248
87494
184756
284756
44756
39756
279756
312248
317248
2248
7248
274756
122072
150232
34756
155232
121753
170501
66753
71753
21753
56753
26753
31753
232335
129029
76753
134029
311753
306753
301753
81753
256136
88185
93185
45984
17448
98185
117448
174029
103185
113185
281980
112448
315232
232
310232
312072
305232
5232
97338
182755
196205
62072
67072
42072
312155
57072
47072
52072
317155
254029
239029
244029
249029
67448
178131
72448
77448
89763
123185
128185
84763
97448
102448
276136
47448
271136
27448
105984
32448
100984
95984
70984
75984
90984
80984
252335
20309
15012
234359
128781
151585
229359
165958
180958
175958
170958
272705
269090
219359
185958
142117
190958
195958
200958
205958
210958
29982
280482
22588
192117
187117
182117
172117
167117
162117
145019
209193
199193
162151
223469
157151
135098
152151
147151
137151
132151
37653
42653
47653
250456
118152
113152
245456
108152
209454
219454
258969
9395
131084
271670
111084
106084
101084
128066
289395
172995
118066
123066
253706
284344
248706
243706
279344
238706
274344
269344
231219
91270
254639
293501
259639
33354
172526
58744
104352
218868
65801
164022
291450
119393
124393
30849
258912
129393
134393
35849
301450
83857
202062
197062
103190
31232
301866
51067
98190
45494
14282
163187
54228
237158
186689
23651
181689
232158
40494
158187
176689
227158
13651
121669
9282
14094
36067
16572
31067
83035
33889
218735
11572
208735
193735
188735
183735
178735
318889
6572
313889
283503
308889
307454
319282
309094
227029
193382
138735
118735
113735
304094
133735
128735
53857
108735
33744
245063
21366
26366
31366
187158
73190
166366
48857
161366
171366
151366
182158
230701
146366
229564
96374
29228
101374
261866
71768
203411
