19504
132241
127241
319681
122241
873
117241
155117
112241
314681
310873
150117
14504
156236
145117
151236
288722
283722
162297
276512
140117
146236
135117
130117
141236
157297
152297
136236
299681
23646
66011
285873
314730
202505
303025
110117
319648
275873
314648
192505
309648
17430
304730
61011
72060
256512
278586
132613
241993
236993
231993
62060
127613
226993
57060
241512
121970
244293
195523
116970
111970
106970
231512
122465
307869
302869
290350
29902
34902
39902
44902
300350
130969
49902
135969
54902
140969
145969
116667
275421
150969
165986
209222
280421
170986
155969
53297
58297
132951
52250
205247
181888
210247
19671
215247
191903
87806
120604
145717
120451
148689
186910
300230
169191
298394
5036
88725
50351
10036
27033
174191
240997
191910
153689
117161
150717
121771
24671
67250
235523
55911
197546
190986
202546
207546
60911
195986
156970
66569
65911
305421
161970
21986
167045
116979
781
223597
30877
79704
248110
103243
262697
172045
253110
108243
166970
226123
222546
243060
287497
206903
135604
118616
166118
280202
216123
1029
189368
74427
206032
252949
13453
248992
82077
194368
76936
238330
12292
46883
252551
25181
266788
208609
223095
141112
162951
61974
56829
252195
42665
249287
134929
96365
316666
244159
93884
225348
133543
9008
186034
214755
283067
244701
233958
283915
241839
66501
228917
43801
82282
174740
84514
65435
87709
106822
125991
295189
130991
214208
69403
111822
92709
196304
71126
20087
281809
305454
141116
300454
130446
136116
295454
276809
290454
61126
2052
115991
186304
10087
110991
317052
43604
5087
59403
86822
81822
283956
52554
57435
265141
139920
67182
52149
94592
164656
99592
77230
169656
50739
104592
45739
52772
221050
239043
292069
227880
232880
237880
242880
283319
97746
255002
38834
92746
278319
92524
87524
67230
250002
87746
264550
224043
28834
219043
214043
209043
204043
199043
194043
189043
22229
184043
179043
175863
75103
80103
65103
60103
55103
50103
45103
40103
253834
35103
272229
55514
30103
248834
188162
163228
106050
168228
135002
173228
116178
178228
210626
183228
188228
215626
126178
144043
149043
312230
136178
141178
146178
151178
255125
307028
207234
216375
5125
211375
22572
275852
270852
265852
76495
81495
101495
86495
129799
248334
137596
134799
253334
258334
263334
258294
182596
74765
79765
134901
84765
89765
282051
277051
272051
99765
219799
183911
178911
173911
168911
163911
177588
167588
148911
153911
158911
141674
283781
66377
71377
76377
81377
269604
274604
279604
294604
289604
299604
304604
101377
314604
106377
117705
9604
121377
14604
19604
307117
189982
194982
199982
312117
255718
190309
195309
230482
47117
42117
92960
37117
32117
30958
35958
53781
40958
45958
58781
58226
152423
282588
264763
63781
55958
85019
265984
255984
260984
250984
4763
9763
14763
288185
19763
24763
104029
29763
145501
89029
227448
197072
217448
172072
152755
167072
202072
212072
84029
44029
59029
150501
262338
64029
191753
186753
176753
181753
196753
201753
272338
277338
151753
146753
282338
136753
160232
197338
202338
187338
117072
122072
150232
34756
155232
121753
170501
66753
71753
21753
56753
26753
31753
232335
129029
76753
134029
311753
306753
301753
81753
256136
88185
93185
45984
17448
98185
117448
174029
103185
113185
281980
112448
315232
232
310232
312072
305232
5232
97338
182755
196205
62072
67072
42072
312155
57072
47072
52072
317155
254029
239029
244029
249029
67448
178131
72448
77448
89763
123185
128185
84763
97448
102448
276136
47448
271136
27448
105984
32448
100984
95984
70984
75984
90984
80984
252335
20309
15012
234359
128781
151585
229359
165958
180958
175958
170958
272705
269090
219359
185958
142117
190958
195958
200958
205958
210958
29982
280482
22588
192117
187117
182117
172117
167117
162117
145019
209193
199193
162151
223469
157151
135098
152151
147151
137151
132151
37653
42653
47653
250456
118152
113152
245456
108152
209454
219454
258969
9395
131084
271670
111084
106084
101084
128066
289395
172995
118066
123066
253706
284344
248706
243706
279344
238706
274344
269344
231219
91270
254639
293501
259639
33354
172526
58744
104352
218868
65801
164022
291450
119393
124393
30849
258912
129393
134393
35849
301450
83857
202062
197062
103190
31232
301866
50494
194357
131669
196689
105795
161892
106436
294564
136669
201689
141669
173187
32102
225869
37102
178187
199357
146669
111436
316866
36572
309564
274231
27886
38453
319564
4564
9564
241689
288536
283536
278536
18282
158650
255580
174885
146444
124264
222084
193266
17953
151444
179885
86708
159779
22953
227084
264723
109264
114264
94264
219697
99264
104264
126038
184885
27953
156444
55260
164779
189885
173650
178650
183650
186892
26866
234456
62473
156436
292750
151436
146436
70394
115494
110494
105494
51572
261823
91232
96232
266578
271578
168035
191503
294366
214424
158190
292029
61572
86067
13503
18503
23503
278330
28503
101067
71572
76572
81572
286823
219424
309366
314366
229424
319366
147250
234424
244424
245969
290415
26275
172354
167354
157354
152354
261089
11742
288382
291823
53503
48503
43503
137077
63453
49282
234295
99228
104228
302949
46658
109228
114228
119228
124228
170795
280360
43394
312836
227658
126708
131708
136708
141708
204779
209779
214779
318115
210592
205011
215592
220592
5997
12836
187161
305360
27822
192161
197161
215011
32822
220011
179785
174785
122818
164785
169785
319893
68394
73394
127818
20951
142818
253421
177858
292041
198616
287041
286910
25839
20839
135864
73300
244811
43789
38789
33789
28789
23789
70142
154420
292085
280741
285741
290741
77164
29180
295741
24180
64535
256395
251395
59535
87894
247873
193027
188027
183027
60945
211165
65945
34291
39291
70945
44291
302425
262873
307425
312425
317425
145351
150351
5686
686
315686
155085
305686
135994
24692
140994
29692
260729
160981
265729
270729
275729
155994
178700
183700
188700
188725
193700
121643
194087
28506
199087
44006
38506
161233
166233
171233
176233
70244
65244
24067
29067
93977
50244
153939
117453
122453
11943
83921
78921
73921
68921
95183
90183
264973
269973
274973
78989
204139
143357
148357
153357
158357
163357
246536
251536
256536
261536
266536
180170
212488
207488
202488
197488
192488
187488
215947
210947
205947
236316
231316
226316
205398
59569
54569
79987
215736
210736
136919
131919
205736
93647
88647
200736
296209
291209
195736
83647
225046
78647
73647
114762
109762
104762
99762
94762
854
5854
73515
189091
78515
50220
55220
60220
65220
70220
64990
69990
74990
79990
229852
20998
25998
15998
10998
5998
998
204852
199852
194852
305998
300998
286209
121919
29569
295998
116919
24569
190398
196316
185398
290998
27447
143181
209381
22447
14569
175398
285998
186316
151350
165947
104101
170398
9569
101919
261418
150940
165736
256418
124442
145940
251418
119442
160736
91919
7447
437
211904
12447
216904
5437
181316
280998
235811
165398
176316
94101
278673
136350
95682
160398
135455
113181
128740
98755
284554
62044
16905
299067
114657
20244
113238
149005
194537
112599
11630
92185
115344
311264
16491
129033
119533
124033
56599
119033
144619
267174
51599
139619
262174
109033
276807
118512
48575
76451
66734
102445
200717
100344
66249
43745
210269
195717
145914
97445
190717
56734
128073
214967
285523
196989
288288
183397
61451
178397
51734
140914
56451
185717
92445
173397
238924
195269
85344
68262
190269
168397
33879
228924
87445
199967
118073
63262
177465
299293
185269
271264
84533
206236
18745
41249
150545
53262
145545
271140
196236
191236
186236
18722
181236
176236
4681
170117
303586
165117
137241
19504
