1063 1061 1062
1248 1249 1250
1067 1069 1068
1086 1084 1085
1135 1137 1136
1119 1121 1120
1138 1135 1137
1151 1153 1152
1147 1148 1146
1162 1164 1163
1231 1233 1232
1130 1128 1129
1108 1107 1109
1238 1235 1237
1156 1157 1154
1148 1145 1146
1225 1227 1226
1173 1172 1174
1187 1186 1188
1231 1230 1233
1087 1086 1084
1066 1067 1068
1182 1184 1183
1167 1166 1168
1167 1169 1168
1093 1094 1095
1240 1238 1239
1165 1164 1163
1170 1173 1171
1192 1193 1191
1214 1215 1216
1155 1157 1154
1236 1235 1237
1090 1088 1089
1139 1138 1137
1170 1173 1172
1179 1180 1182
1181 1179 1182
1218 1217 1216
1127 1128 1129
1270 1268 1271
1070 1069 1068
1116 1117 1118
1228 1227 1226
1198 1197 1199
1341 1339 1340
1083 1081 1082
1223 1221 1222
1167 1166 1165
1272 1270 1271
1162 1161 1164
1209 1208 1211
1228 1225 1226
1252 1253 1254
1118 1119 1120
1269 1268 1271
1213 1212 1211
1196 1197 1199
1060 1061 1062
1234 1236 1235
1176 1175 1174
1277 1278 1279
1224 1225 1227
1181 1182 1183
1186 1184 1185
1178 1181 1179
1277 1276 1278
1240 1238 1237
1149 1147 1148
1106 1107 1109
1345 1343 1344
984 983 982
1190 1192 1191
1348 1350 1349
1144 1143 1145
1147 1145 1146
1176 1172 1174
9 11 10
1192 1194 1193
1219 1217 1216
1251 1248 1250
1154 1153 1152
1223 1220 1221
1115 1113 1114
1199 1200 1201
140 138 139
1255 1256 1257
1080 1081 1079
1134 1138 1135
1131 1130 1129
1195 1194 1193
1229 1231 1230
1187 1186 1184
1176 1177 1175
1158 1155 1157
1123 1124 1125
1170 1169 1172
999 1001 1000
809 807 808
930 928 929
1205 1206 1207
1251 1247 1248
1342 1341 1340
1241 1240 1239
1335 1334 1333
1252 1253 1251
1173 1171 1174
758 759 760
1212 1208 1211
1221 1222 1224
1205 1208 1207
1198 1199 1201
1218 1214 1216
70 69 71
1159 1161 1160
1180 1182 1184
1213 1214 1215
986 987 988
955 957 956
1195 1198 1197
1058 1060 1059
1115 1116 1117
1127 1126 1128
1131 1132 1129
1335 1334 1336
1131 1132 1130
1219 1215 1216
72 70 71
1275 1277 1276
1300 1299 1298
1096 1094 1095
1097 1098 1099
141 140 139
1205 1204 1206
1078 1077 1076
1435 1433 1434
1155 1154 1152
1234 1231 1232
1219 1218 1217
1144 1148 1145
989 987 988
1187 1184 1183
1267 1265 1266
1238 1239 1235
331 329 330
1195 1197 1193
1080 1079 1078
1103 1104 1105
1234 1236 1232
1205 1209 1208
817 815 816
1222 1224 1227
151 150 149
1071 1070 1072
1204 1206 1207
1253 1254 1255
815 813 814
815 816 814
1254 1255 1256
1030 1032 1031
1213 1218 1214
1048 1049 1050
1125 1126 1128
764 765 766
199 201 200
1275 1273 1274
998 999 1000
1156 1154 1153
1178 1181 1177
1142 1140 1141
1166 1165 1163
926 924 925
1134 1135 1136
329 328 330
1111 1110 1113
1142 1143 1145
1186 1188 1185
1045 1046 1047
1189 1190 1188
1144 1149 1148
1327 1326 1328
1196 1197 1193
1142 1140 1143
61 62 60
1098 1100 1099
1189 1190 1191
797 799 798
804 806 805
1389 1387 1388
1127 1132 1129
1175 1171 1174
1223 1222 1227
880 878 879
1180 1184 1185
1158 1159 1160
993 992 991
1263 1261 1262
695 697 696
1228 1229 1225
1052 1053 1054
1272 1273 1274
728 726 727
1083 1086 1085
1140 1139 1137
291 293 292
155 156 157
1024 1025 1026
806 805 807
1140 1139 1141
1432 1433 1434
1196 1199 1200
1167 1165 1164
882 881 883
1190 1187 1188
23 22 21
1228 1229 1230
1106 1105 1107
1170 1169 1168
105 103 104
1337 1335 1336
1123 1125 1128
116 114 115
1158 1156 1157
1260 1259 1261
148 150 149
1029 1027 1028
1213 1209 1211
1110 1108 1109
1088 1087 1084
971 973 972
811 812 813
1150 1149 1147
1036 1034 1035
780 778 779
1267 1266 1269
305 304 303
1051 1049 1050
803 801 802
1280 1278 1279
1060 1059 1061
1236 1237 1232
1258 1256 1257
1044 1042 1043
800 799 798
1115 1116 1114
1178 1177 1175
1058 1057 1056
1142 1147 1145
1159 1162 1161
1213 1218 1212
119 118 120
1176 1169 1172
1083 1080 1081
878 877 879
958 957 956
882 880 881
106 105 104
729 730 731
1228 1230 1233
12 14 13
992 990 991
1196 1193 1191
7 8 9
1002 1001 1000
262 263 261
326 325 324
1064 1063 1061
1074 1075 1076
1039 1038 1037
1065 1066 1068
728 729 727
702 704 703
222 223 221
1205 1204 1201
1389 1390 1388
1400 1398 1399
1074 1075 1073
937 935 936
1431 1430 1429
1252 1251 1247
1189 1196 1191
1347 1348 1349
1151 1156 1153
1213 1209 1215
1178 1175 1171
289 288 287
1402 1403 1404
1355 1354 1353
222 220 221
286 285 284
1189 1188 1185
294 293 292
1346 1345 1344
1219 1220 1218
797 798 795
1123 1124 1121
201 202 200
1016 1015 1014
1075 1078 1076
698 697 696
931 930 929
993 995 994
213 214 212
262 260 261
1428 1429 1427
1080 1078 1077
1170 1166 1168
1243 1241 1242
804 803 805
331 329 332
1402 1401 1403
1158 1159 1155
1052 1055 1054
1102 1103 1104
970 971 972
20 22 21
110 109 108
1259 1261 1262
811 813 814
763 764 765
163 164 165
333 331 332
162 160 161
1280 1277 1279
898 897 896
1354 1352 1353
1260 1259 1258
922 923 924
1432 1431 1430
695 694 696
1204 1200 1201
1205 1198 1201
1090 1091 1092
217 218 216
1058 1055 1056
1264 1263 1261
1034 1033 1032
300 301 302
1127 1132 1126
1435 1436 1434
1354 1352 1351
899 901 900
728 729 730
1052 1051 1049
1083 1082 1086
884 882 883
286 285 287
1338 1339 1340
728 726 725
1090 1088 1087
288 286 287
15 16 14
899 898 897
1267 1269 1271
1437 1438 1439
1060 1063 1062
1363 1362 1361
8 9 10
1150 1151 1156
800 801 802
981 984 982
276 275 274
227 226 228
1223 1220 1218
730 732 731
811 809 808
1161 1164 1160
1101 1098 1100
735 736 737
143 144 142
276 273 274
806 809 807
1048 1046 1047
1006 1005 1007
908 909 910
1110 1113 1108
222 223 224
1065 1064 1066
59 61 60
158 156 157
1356 1357 1358
162 163 165
1081 1079 1078
61 63 62
981 983 982
1052 1055 1056
1181 1187 1183
1074 1077 1076
699 700 698
882 880 879
1002 1003 1001
1065 1070 1068
975 976 977
961 959 960
724 726 725
920 919 921
1012 1013 1014
980 981 983
755 753 754
1065 1071 1070
716 718 719
1195 1194 1198
1090 1092 1089
259 260 257
1113 1108 1107
1397 1398 1399
240 241 239
18 17 16
953 951 952
1241 1239 1235
1219 1220 1221
1264 1265 1261
1082 1087 1086
227 226 225
920 922 921
1030 1029 1028
1036 1038 1037
1123 1130 1128
953 955 956
1296 1295 1293
965 964 963
1044 1045 1047
811 812 809
218 219 220
730 733 732
318 317 316
705 704 703
320 322 321
1190 1192 1187
1116 1118 1119
1150 1151 1147
1178 1179 1180
1176 1167 1169
922 921 923
1337 1335 1338
1327 1329 1328
18 17 19
800 799 801
735 734 736
1252 1247 1248
154 155 156
789 790 791
6 7 8
28 27 29
1052 1051 1056
27 26 25
327 326 328
1355 1354 1356
211 214 212
805 807 808
1092 1093 1095
1342 1341 1339
1439 1 0
215 214 216
137 138 139
294 295 296
268 267 266
1224 1229 1225
290 291 292
305 306 307
1260 1258 1256
1034 1032 1031
1280 1281 1278
134 136 135
1351 1348 1350
902 903 901
702 701 704
803 805 802
1335 1332 1333
1036 1038 1035
64 63 62
126 125 124
112 114 111
305 303 302
1116 1119 1121
1394 1395 1396
1022 1023 1024
1176 1181 1177
1162 1166 1163
927 926 925
1390 1392 1391
1362 1360 1361
985 984 983
1048 1046 1049
1097 1100 1099
1241 1242 1240
1319 1318 1320
1030 1029 1032
922 924 925
1370 1369 1368
1342 1343 1344
747 749 748
262 259 260
888 885 886
229 227 228
1244 1248 1249
294 295 293
1023 1024 1025
210 208 209
1390 1388 1391
758 757 759
1151 1147 1152
1167 1164 1160
1017 1016 1015
235 237 236
264 263 261
927 925 928
211 212 210
1205 1209 1215
1337 1338 1339
327 328 330
909 910 911
995 996 994
1367 1369 1368
106 107 108
319 320 321
1291 1290 1289
199 198 201
1419 1418 1420
884 885 886
1280 1281 1282
334 336 335
721 722 719
116 117 118
1253 1251 1250
265 264 263
148 150 147
277 276 275
162 163 160
965 963 966
1003 1004 1001
1437 1435 1436
993 994 991
110 109 111
1140 1143 1137
40 42 41
300 303 302
933 935 934
298 299 297
1134 1133 1132
941 940 942
843 844 845
134 137 136
781 783 782
1034 1035 1031
1033 1029 1032
235 236 234
273 272 274
1287 1288 1289
943 941 942
892 890 893
1240 1237 1232
1134 1132 1138
214 217 216
145 146 147
1092 1093 1094
1075 1072 1073
888 890 889
1430 1429 1427
1280 1283 1282
177 176 178
756 758 757
1071 1075 1072
1081 1078 1082
242 240 241
1264 1267 1265
890 893 889
1044 1045 1043
1243 1244 1249
1304 1306 1305
12 11 10
20 19 21
1356 1359 1358
112 114 115
1116 1114 1121
16 14 13
289 290 291
121 119 120
1288 1291 1289
271 268 267
1411 1412 1410
1362 1360 1359
141 142 139
1133 1132 1130
217 218 220
1371 1373 1372
1058 1060 1057
792 790 791
28 27 26
24 23 21
1015 1013 1014
1354 1351 1350
1240 1233 1232
238 237 236
1051 1057 1056
943 944 945
1402 1405 1404
1029 1027 1026
1090 1091 1087
222 219 220
1102 1101 1103
238 241 239
1088 1089 1084
116 119 118
1070 1072 1073
716 721 719
1178 1180 1171
1219 1221 1215
286 284 283
121 122 120
312 313 314
1327 1330 1329
1243 1241 1235
233 232 234
15 17 16
7 9 11
25 24 23
26 25 23
1102 1104 1105
962 961 960
1416 1414 1415
1022 1021 1023
106 105 108
158 156 159
1275 1277 1274
989 990 991
255 256 254
109 114 111
1102 1105 1107
1272 1273 1270
908 907 909
903 904 901
109 105 108
888 890 886
1064 1066 1061
1234 1231 1235
927 930 928
336 338 335
1205 1194 1198
1115 1113 1117
998 999 997
919 921 918
1092 1089 1094
1044 1042 1047
894 893 895
308 309 307
974 973 972
1364 1363 1361
1437 1439 0
691 690 689
223 225 224
1097 1096 1094
134 137 138
1416 1417 1418
144 141 142
122 118 120
892 894 893
1325 1326 1328
868 867 866
996 994 997
762 763 765
311 312 313
1158 1167 1160
1330 1329 1332
733 732 734
989 987 991
1406 1405 1404
212 210 208
285 284 283
1139 1132 1138
305 306 302
1259 1263 1262
781 783 784
1373 1372 1374
326 328 325
933 934 931
962 961 959
151 152 153
1018 1019 1020
1027 1026 1028
6 8 5
876 877 879
1176 1181 1187
116 119 115
699 698 696
841 840 839
18 19 21
701 699 700
1354 1350 1349
1421 1418 1420
1006 1008 1007
1048 1050 1047
4 5 3
880 881 878
347 345 346
1052 1049 1053
863 862 861
1325 1329 1328
1011 1012 1013
1123 1121 1120
318 319 317
692 691 690
151 150 153
300 299 297
1419 1421 1420
26 23 22
163 160 159
723 722 719
271 272 268
979 980 981
723 722 724
937 939 936
974 975 976
1342 1343 1340
1307 1306 1305
985 986 984
1074 1070 1073
958 959 957
1011 1010 1009
1300 1299 1302
1243 1249 1250
899 902 901
781 780 779
1432 1431 1434
333 334 332
1228 1227 1233
1010 1009 1008
40 38 41
235 233 234
1401 1400 1403
789 787 788
1074 1070 1069
867 866 865
729 732 731
315 316 314
742 743 744
1345 1343 1340
1394 1393 1395
281 280 282
277 278 279
213 214 217
154 156 153
182 186 187
282 286 283
775 778 779
67 64 65
756 758 755
1401 1400 1398
64 65 63
1139 1132 1126
1113 1114 1121
863 864 865
1407 1406 1405
756 755 757
962 963 959
843 844 842
72 73 71
781 780 782
12 14 10
786 787 788
242 243 244
854 855 853
1428 1430 1427
1205 1194 1215
143 144 145
1097 1096 1100
933 931 930
1083 1080 1085
1362 1359 1358
1376 1374 1375
110 107 108
1253 1255 1257
310 309 307
256 260 257
310 306 307
223 227 225
300 304 303
242 240 243
1017 1018 1015
177 178 181
965 967 968
1012 1016 1014
1029 1025 1026
1264 1267 1271
1080 1084 1085
702 701 700
899 897 900
72 73 70
964 963 959
1376 1377 1375
1139 1125 1126
295 296 297
59 62 60
305 307 304
277 280 279
1318 1321 1320
740 742 741
182 186 181
1272 1274 1271
265 263 266
733 735 734
18 16 13
1347 1346 1349
311 310 313
958 959 956
238 239 236
1075 1078 1082
128 126 125
978 979 977
193 196 192
1287 1286 1288
919 915 918
1041 1042 1043
775 774 779
762 763 760
1376 1377 1378
789 790 788
1243 1242 1250
191 186 187
811 805 808
255 254 251
898 896 895
271 267 266
1039 1040 1038
943 945 942
1437 1438 1435
319 321 317
6 5 3
965 964 967
1024 1026 1028
15 14 10
970 969 972
1144 1143 1137
1221 1194 1215
1159 1155 1152
904 901 900
987 994 991
1411 1410 1409
925 928 929
94 98 95
1139 1125 1141
933 937 935
1288 1291 1292
263 268 266
7 12 11
758 755 753
73 69 71
1397 1398 1396
803 799 801
835 838 839
970 969 968
975 978 977
694 692 690
38 42 41
914 915 918
1111 1113 1117
1386 1389 1387
1124 1125 1141
912 913 914
191 182 187
1144 1137 1136
1221 1194 1224
143 142 139
738 740 737
289 290 287
1058 1059 1055
73 77 74
154 150 153
143 145 146
1060 1057 1063
979 976 977
850 844 852
333 334 336
722 724 725
1386 1385 1387
1059 1055 1054
217 220 221
277 276 273
1192 1176 1187
912 910 911
300 301 297
310 309 313
306 301 302
927 933 930
1040 1041 1043
1297 1296 1293
908 907 906
116 109 114
876 875 879
295 298 297
1385 1383 1384
116 109 117
1335 1329 1332
1354 1356 1359
863 866 865
59 64 62
133 134 135
1158 1176 1167
1264 1274 1271
1297 1299 1298
1419 1421 1424
868 866 870
1018 1019 1015
1009 1008 1007
1051 1057 1050
1192 1176 1194
173 172 171
964 959 956
300 299 304
272 274 268
105 100 103
1142 1141 1147
317 316 314
1419 1416 1418
999 994 997
255 256 260
797 794 795
959 957 960
970 967 968
1009 1005 1007
1364 1365 1363
953 949 951
740 735 737
927 926 924
196 191 192
148 146 147
1253 1258 1257
255 260 261
1041 1042 1047
723 724 726
844 853 852
1393 1395 1392
1381 1383 1382
768 765 766
211 215 214
941 939 940
277 273 278
841 838 839
17 20 19
290 285 287
927 923 924
1011 1010 1013
742 744 741
833 830 829
205 201 202
949 951 952
145 150 147
899 902 898
191 186 181
893 895 889
913 914 915
73 74 70
1194 1224 1229
884 882 885
1036 1034 1033
1325 1335 1329
1413 1414 1415
37 40 38
1421 1418 1424
694 692 696
962 963 966
1307 1308 1306
1411 1413 1412
1124 1113 1121
1335 1338 1340
128 130 129
1040 1038 1041
692 699 696
1364 1360 1361
1390 1395 1392
723 718 719
1407 1408 1409
1372 1374 1375
1371 1373 1370
800 798 802
1091 1082 1087
347 348 346
1303 1299 1302
863 866 862
265 271 266
1022 1024 1028
37 38 42
1407 1406 1408
884 886 883
1287 1286 1284
1101 1103 1098
133 134 138
191 182 192
1288 1292 1293
993 995 992
898 894 895
1325 1324 1335
888 895 889
1346 1345 1349
151 152 149
1362 1357 1358
213 212 208
1050 1041 1047
750 758 753
700 698 697
955 957 960
763 764 766
2 1439 1
1009 1005 1004
248 249 244
1428 1424 1429
277 280 282
844 855 853
1354 1360 1359
945 946 942
1194 1229 1231
1317 1318 1321
939 940 942
1406 1403 1404
763 758 760
1308 1310 1309
1158 1176 1156
970 964 967
222 225 224
763 750 758
747 746 744
844 842 855
1057 1064 1063
1097 1098 1094
1394 1398 1396
1317 1319 1318
794 798 795
248 249 251
133 140 138
1039 1040 1037
173 176 175
903 904 906
888 882 885
312 317 314
299 304 303
182 192 181
841 842 855
110 107 111
908 903 906
308 307 304
701 704 699
1194 1231 1235
825 826 829
835 840 839
999 987 994
841 857 855
4 8 5
841 857 840
1240 1227 1233
1021 1020 1023
178 192 181
873 871 875
329 328 325
122 118 124
273 278 272
948 945 946
1400 1403 1399
1009 1004 1001
705 704 699
1096 1092 1095
67 65 63
1071 1075 1082
1059 1066 1061
277 282 283
1102 1101 1107
177 191 181
716 718 711
1006 1196 1008
1406 1408 1409
281 282 286
301 296 297
1006 1196 1200
1345 1340 1349
1010 1196 1008
213 217 221
177 173 176
763 750 747
1280 1283 1277
1324 1335 1340
1010 1189 1196
871 875 870
888 896 895
908 903 910
1006 1204 1200
1006 1005 1204
1437 1436 0
122 125 124
1010 1189 1013
278 271 272
763 747 746
1005 1204 1207
193 178 192
1124 1113 1107
740 744 741
1005 1004 1207
1003 1004 1207
1379 1376 1378
857 858 840
73 67 69
1002 1003 1207
1101 1124 1107
1189 1013 1185
1015 1013 1185
859 858 840
1371 1370 1368
1101 1124 1100
255 261 251
1015 1180 1185
728 722 725
193 196 178
240 239 236
986 981 984
1059 1066 1067
231 233 232
1385 1381 1383
1438 2 1439
198 197 196
249 251 244
1264 1277 1274
1002 1208 1207
1065 1071 1064
1176 1194 1235
1242 1240 1250
264 261 251
1366 1367 1369
1019 1015 1180
117 118 124
974 976 973
128 125 129
1291 1292 1293
1385 1387 1384
768 766 769
1297 1300 1298
953 964 956
1002 1212 1208
176 196 178
1303 1304 1302
1324 1323 1340
770 771 769
1176 1156 1235
1313 1310 1312
1243 1156 1235
763 766 746
1243 1244 1156
1354 1360 1349
28 29 32
1002 1000 1212
705 706 703
6 2 3
264 248 251
859 835 840
1019 1020 1180
277 285 283
238 241 237
750 747 753
1170 1162 1166
1021 1020 1180
1323 1321 1340
702 700 697
1411 1413 1098
728 721 722
333 336 331
998 1000 1212
1413 1098 1094
1244 1156 1248
1413 1415 1094
1252 1156 1248
1286 1288 1284
1411 1103 1098
1416 1415 1094
1416 1417 1094
866 875 870
965 962 966
1411 1409 1103
80 89 94
1417 1089 1094
1021 1180 1171
215 218 216
1407 1409 1103
1417 1418 1089
859 835 861
1418 1424 1089
329 322 325
1407 1103 1105
1407 1106 1105
766 746 744
1022 1021 1171
747 753 752
1407 1405 1106
1252 1254 1156
18 21 1069
21 1067 1069
1150 1254 1156
1038 1050 1041
1074 13 1069
18 13 1069
1074 12 13
1074 7 12
1071 1057 1064
1402 1405 1106
1074 6 7
1402 1106 1109
1150 1254 1256
320 322 325
1424 1429 1089
27 29 25
859 862 861
176 197 196
1429 1089 1084
320 325 324
311 310 306
998 997 1212
144 145 150
222 226 225
1402 1110 1109
24 21 1067
1431 1429 1084
311 306 301
1150 1260 1256
1022 1171 1028
1321 1340 1349
1074 6 1077
996 997 1212
1150 1260 1149
133 128 130
1009 999 1001
1030 1171 1028
1431 1434 1084
6 2 1077
1096 1124 1100
2 1080 1077
2 1080 1
1264 1283 1277
1080 1 0
866 875 879
1436 1434 1084
1402 1111 1110
1436 1080 1084
1436 1080 0
766 744 769
176 197 175
948 944 945
866 862 879
1260 1149 1261
771 744 769
1096 1124 1141
1265 1149 1261
80 94 98
24 1059 1067
1096 1141 1147
1096 1147 1152
33 881 32
1265 1266 1149
835 833 830
1419 1428 1424
1360 1321 1349
1096 1092 1152
339 338 335
339 342 343
264 248 244
1091 1092 1152
198 197 175
881 883 32
835 863 861
723 726 718
109 105 100
886 883 32
743 771 744
1402 1401 1111
25 24 1059
109 117 100
1030 1171 1031
921 923 918
28 886 32
762 759 760
33 37 881
1401 1111 1398
55 59 64
1091 1082 1152
77 80 98
1111 1398 1117
1266 1269 1149
1394 1398 1117
823 70 69
823 67 69
1159 1082 1152
1269 1149 1268
823 74 70
198 173 175
1144 1149 1268
29 25 1059
970 953 964
1035 1171 1031
995 996 1212
728 721 730
33 29 32
1317 1360 1321
1123 1130 1120
298 299 303
1380 1381 1382
1394 1117 1118
1386 1389 1390
742 743 771
1038 1035 1171
1144 1270 1268
1364 1317 1360
1394 1118 1120
742 774 771
1394 1393 1120
1364 1365 1317
1366 1365 1317
835 863 864
1038 1170 1171
29 1059 1054
823 77 74
154 155 150
308 309 313
825 823 67
797 339 799
1315 1366 1317
888 897 896
797 339 342
28 29 1054
912 914 918
1159 1082 1162
823 77 80
892 1046 1049
199 198 173
1315 1366 1367
1038 1170 1162
892 1045 1046
892 894 1045
1144 1270 1136
1393 1130 1120
339 338 799
970 953 949
37 881 878
825 823 80
882 862 879
1393 1392 1130
740 742 774
797 342 343
770 15 769
770 17 771
770 15 17
1264 1283 1284
28 1053 1054
1392 1391 1130
825 80 829
803 338 799
835 830 864
892 1049 1053
1397 1395 1396
1438 2 3
740 774 779
15 769 10
768 769 10
894 1045 1043
738 740 779
17 774 771
1315 1367 1368
775 17 774
859 882 862
768 765 10
1315 1314 1368
695 1363 1362
804 803 338
1071 1082 1162
970 949 971
775 17 20
825 826 67
817 59 815
775 20 22
1264 1288 1284
817 55 59
77 98 103
1313 1310 1309
830 864 865
199 173 172
859 888 882
1264 1288 1293
765 8 10
1264 1263 1293
817 55 816
949 948 946
1314 1313 1368
995 992 1212
1273 1270 1136
1371 1313 1368
1038 1050 1162
1071 1057 1162
1057 1050 1162
54 55 816
199 200 172
1388 1391 1130
1275 1273 1136
898 894 1043
804 336 338
1033 1029 1025
695 1365 1363
892 890 1053
775 26 22
775 26 778
826 67 829
59 815 813
28 26 778
833 80 829
67 69 71
859 888 858
54 816 814
1419 1416 1414
28 780 778
144 141 140
54 811 814
1371 1313 1309
695 1366 1365
4 765 8
294 301 296
59 812 813
890 886 1053
762 4 765
1419 1413 1414
28 780 782
695 694 1362
902 898 1043
867 830 865
1371 1372 1309
695 1366 1369
762 4 759
1372 1308 1309
695 697 1369
888 857 858
52 54 811
4 3 759
694 1362 1357
28 29 782
290 285 292
738 779 737
52 811 48
1372 1307 1308
792 790 794
702 697 1369
264 243 244
1009 999 987
702 1370 1369
202 200 172
1275 1276 1136
702 1373 1370
986 1009 987
694 1357 690
702 1373 1374
1438 3 759
1357 690 689
721 730 733
902 1040 1043
1419 1413 1412
265 264 271
688 1357 689
902 1040 1037
121 119 915
702 1376 1374
1372 1307 1305
1276 1278 1136
736 779 737
334 336 331
29 783 782
37 878 879
811 48 805
33 29 783
1387 1388 1130
33 783 784
1438 757 759
121 919 915
702 1379 1376
1387 1133 1130
702 1379 703
1379 1380 703
117 100 103
833 80 89
1438 755 757
28 886 1053
1380 1381 703
119 913 915
37 879 42
804 336 806
1385 1381 703
48 805 802
1386 1385 703
202 172 171
786 33 784
868 867 830
1372 1304 1305
833 89 94
786 37 787
786 33 37
37 789 787
902 1036 1037
838 98 95
94 838 95
264 271 243
67 829 64
37 789 791
835 833 94
121 919 122
835 94 838
271 240 243
912 119 913
59 812 809
919 122 125
294 301 292
838 98 103
1278 1279 1136
920 919 125
55 829 64
1372 1304 1302
59 57 809
327 331 330
949 971 946
1281 1278 1279
912 119 911
198 196 191
54 55 829
1386 1390 703
1018 1020 1023
878 879 42
797 794 343
838 103 104
43 48 802
986 1009 981
1387 1384 1133
37 40 791
1384 1134 1133
43 798 802
40 792 791
43 794 42
40 792 42
119 911 115
792 794 42
43 794 798
904 906 900
1011 1009 981
909 911 115
841 838 104
868 830 870
77 117 103
989 992 990
1372 1302 1375
781 736 779
706 1390 703
841 842 104
1438 755 754
706 1390 1395
334 336 806
878 877 42
1377 1302 1375
888 857 855
1011 979 981
52 54 829
706 708 1395
781 784 736
334 806 331
734 784 736
843 842 104
876 877 42
790 794 343
1300 1377 1302
708 1397 1395
1011 979 976
790 344 343
920 922 125
1438 753 754
708 1397 1399
922 125 925
52 829 48
112 909 115
318 319 57
318 57 316
902 903 1036
708 711 1399
1281 1279 1136
830 829 48
163 158 159
732 734 784
843 106 104
1438 753 752
888 897 855
1297 1263 1293
164 167 171
1297 1300 1377
205 202 171
1297 1296 1377
830 871 870
897 854 855
112 907 909
876 875 42
319 57 320
43 875 42
1011 1012 976
1296 1377 1378
897 854 853
1281 1282 1136
843 106 845
1383 1384 1134
786 732 784
1253 1240 1250
59 57 316
125 925 129
897 853 852
106 107 845
1296 1378 1295
903 1036 1033
1383 1134 1140
873 830 871
59 315 316
1438 747 752
57 320 324
73 77 117
903 910 1033
130 925 129
1297 1299 1263
1299 1259 1263
1438 1435 747
1435 747 749
1379 1378 1295
57 326 324
59 315 61
1283 1282 1136
711 1403 1399
873 830 875
315 61 314
1406 711 1403
262 1342 1344
262 1342 1339
43 830 48
112 907 906
61 313 314
73 67 117
729 786 732
259 1337 1336
259 1337 1339
262 259 1339
259 1334 1336
1379 1380 1295
259 1334 1333
308 61 313
262 1346 1344
721 733 735
850 897 852
1380 1295 1293
910 1033 1025
259 1332 1333
1380 1291 1293
130 925 929
1435 1433 749
1433 749 748
912 910 1025
1383 1140 1382
262 1347 1346
259 1330 1332
1433 747 748
971 946 973
1134 1140 1382
259 257 1330
262 1347 263
348 345 346
144 150 140
205 167 171
57 806 809
257 1327 1330
912 918 1025
1347 263 268
1347 268 1348
1380 1291 1290
327 806 331
67 117 124
268 1351 1348
1380 1290 1382
268 1352 1351
1299 1259 1258
327 57 326
126 67 124
1290 1289 1382
1012 1016 976
850 897 844
946 973 942
1283 1284 1136
308 61 304
133 130 140
1432 1433 747
923 918 1025
231 233 1218
43 830 875
257 1327 1326
126 67 71
716 1406 711
229 231 1218
976 973 942
1432 747 744
268 1352 1353
229 228 1218
226 228 1218
1287 1289 1382
226 1218 1212
348 718 349
927 923 1025
726 353 349
718 353 349
1287 1284 1136
348 726 349
1287 1134 1136
740 1432 744
726 718 353
716 1406 1409
740 1432 1430
235 233 1218
1355 268 1353
729 786 727
235 1223 1218
348 718 345
718 344 345
130 140 929
327 57 806
740 1428 1430
1325 257 1326
1325 1324 257
1324 256 257
1017 937 939
1017 939 1016
927 1023 1025
1016 976 942
939 1016 942
718 344 343
933 1017 1018
933 1017 937
927 933 1023
933 1018 1023
140 931 929
347 348 726
277 275 285
716 1410 1409
347 726 345
128 126 71
271 240 236
897 844 845
107 845 111
1287 1134 1382
1355 1356 268
934 140 931
716 1412 1410
718 339 343
1324 256 1323
256 254 1323
716 1419 1412
1299 1253 1258
150 934 140
150 935 934
726 345 727
786 727 788
235 237 1223
1356 1357 268
150 935 936
254 1323 1321
254 1321 1320
716 721 1419
939 150 936
941 939 150
274 1357 268
718 339 335
790 727 788
334 718 335
334 718 332
241 237 1223
740 735 1428
344 345 727
721 1419 1428
112 845 111
112 906 900
254 1319 1320
155 941 150
205 209 167
155 941 157
158 941 157
275 274 1357
173 164 171
158 943 941
721 735 1428
164 209 167
989 992 1212
158 943 944
692 691 317
692 321 317
133 128 71
699 322 321
241 1223 1227
718 332 711
312 691 317
692 699 321
708 332 711
312 691 689
897 845 900
163 158 944
271 236 234
708 329 332
222 226 1212
699 329 322
706 708 329
705 706 329
311 312 689
705 699 329
311 688 689
790 344 727
254 1317 1319
948 163 944
949 948 163
133 71 135
949 163 164
980 219 983
979 980 219
978 979 219
978 218 219
978 215 218
949 164 952
975 978 215
974 975 215
1315 254 1317
242 241 1227
974 215 972
985 219 983
112 845 900
69 71 135
67 69 135
242 1240 1227
173 164 952
67 135 63
985 986 219
61 304 303
986 219 988
222 219 988
211 215 972
953 173 952
271 232 234
222 989 988
211 969 972
164 208 209
311 688 301
211 969 210
953 955 173
164 165 208
222 989 1212
177 955 173
969 210 968
965 210 968
61 298 303
1315 1314 254
688 301 292
965 210 209
205 965 209
242 244 1240
955 191 960
177 955 191
205 201 965
201 965 962
198 191 960
198 201 962
198 962 960
278 271 279
1314 254 1313
688 285 292
213 208 209
254 1313 251
165 208 209
1313 251 1312
162 165 209
271 231 232
295 61 298
244 1253 1240
251 1310 1312
1303 1299 1253
271 231 279
275 688 285
275 688 1357
1308 251 1310
1303 1304 1253
136 135 63
251 244 1253
1308 251 1306
1304 251 1306
229 231 279
1304 251 1253
61 136 63
162 213 209
162 213 161
160 213 161
160 159 213
295 61 293
229 227 279
223 227 279
137 61 136
137 61 139
143 61 139
223 279 221
156 159 213
280 279 221
281 280 221
213 281 221
143 61 293
148 286 149
152 286 149
143 146 293
146 291 293
148 288 286
289 146 291
148 288 146
289 288 146
152 281 286
152 153 281
156 153 281
156 213 281
