1062
1061
1250
1249
1248
1063
1068
1069
1163
1226
1109
1152
1120
1085
1095
1183
1146
1136
1137
1257
1135
1121
1099
1262
1084
1028
847
1129
1216
1211
1067
1256
1107
1108
1086
1145
1153
1031
1032
1294
1160
1232
1344
1094
1093
1333
1148
1147
1245
1128
1164
1054
1119
1233
1100
1168
1207
1165
1118
1047
1161
1191
1105
1138
1154
1210
1130
1089
1174
1237
1087
1202
1201
1227
1114
1230
1117
1185
1184
1235
1076
848
849
1200
1172
1166
1258
991
1113
1231
1215
1247
1157
1332
1208
1098
1239
1225
1106
1182
1188
1261
1293
1171
1203
1162
1156
1255
1141
1151
929
1104
1238
760
1066
1126
1125
405
1132
1217
1056
1055
181
1209
1014
379
370
1169
1236
936
1212
1186
603
1263
1088
1007
1008
1116
234
1155
1193
1427
1043
1244
1349
1053
1423
1254
1240
1173
10
1115
1013
1042
1180
383
384
1199
1242
1139
1309
1077
977
1103
1229
1284
389
297
1246
1082
60
1127
1167
1073
1206
1197
1391
296
1228
1234
292
380
1422
1368
997
385
216
748
749
1072
1059
928
1187
1078
224
982
1271
1268
1361
0
302
303
1224
304
1336
1175
1177
1392
644
673
1179
1075
737
330
1124
930
1079
1026
1025
1320
388
865
1399
1429
1251
1143
1340
1222
1159
1064
381
382
1070
1149
1270
956
1000
1001
1339
1341
1253
1252
104
1092
983
192
1035
129
1198
1269
1343
1194
1
1292
1424
754
1305
161
814
618
1027
171
172
1350
1348
1358
200
1375
1196
1221
1091
1259
1041
1214
1345
839
203
994
1090
13
1101
324
11
1295
1430
396
1133
1382
1050
1049
187
188
1181
990
283
1029
1279
1170
1123
988
840
139
1057
284
1112
1218
266
1289
1404
1439
1396
648
1081
349
1195
1334
960
1140
1278
299
298
314
1338
942
1071
696
1142
1096
788
1080
940
727
689
690
1322
759
1144
769
984
1369
378
377
1176
731
992
752
753
1282
1274
1306
1328
1192
351
350
186
149
62
1266
1312
375
1342
1353
1204
1122
63
1329
987
166
167
1030
373
1134
1033
1273
1220
1276
1110
498
1331
1277
957
9
301
221
1302
142
1434
918
41
42
346
3
1281
21
1265
279
180
1060
1330
1051
1213
779
1097
802
996
995
244
1102
1428
1046
1045
1335
1290
209
208
959
622
972
973
1378
638
761
287
99
976
651
225
1398
667
14
393
293
999
966
138
313
736
455
1326
1310
1298
757
355
1044
1083
291
232
813
1241
1403
1037
1058
946
961
220
1299
795
981
1015
1052
931
435
1415
968
140
182
16
135
136
808
787
354
285
286
1409
993
1024
1023
963
282
61
1420
1004
1005
870
115
1351
1205
22
1388
178
189
219
218
243
602
390
546
175
801
852
900
741
1267
1111
325
1414
1006
1374
1418
755
1410
703
1190
879
816
744
807
1321
84
5
675
674
889
295
647
168
65
64
147
210
1065
1352
1395
1038
1337
1377
1376
1436
679
103
967
251
1417
352
353
1291
925
597
157
386
307
280
281
1040
66
1260
934
424
217
153
228
1219
300
366
1300
267
8
146
935
746
747
784
613
1016
1384
952
395
1308
778
1039
1178
387
306
23
809
391
392
226
1421
805
958
1387
1318
335
947
185
1346
1383
861
962
82
328
1223
191
1400
964
1431
1359
1360
758
184
1412
453
815
635
1408
1433
1048
683
423
12
853
1401
1131
268
212
511
1357
924
923
856
1304
120
771
1283
141
316
317
611
1288
368
369
1009
798
1370
630
945
944
305
343
342
875
558
557
1390
196
195
1393
124
1413
150
1327
432
725
1285
1313
95
1435
1356
1034
245
111
774
309
308
1367
321
1264
799
766
971
1389
1020
1397
686
48
47
338
197
697
719
1323
193
596
623
1272
614
711
410
1286
108
250
249
376
1003
989
71
862
664
663
233
756
939
1405
214
213
374
1296
1354
1355
659
937
69
288
159
986
90
32
345
1307
322
323
877
794
734
735
628
691
545
670
1319
156
652
965
951
332
1303
1317
31
698
1243
489
399
400
419
869
871
19
20
883
1426
254
950
402
401
926
688
687
70
463
145
1416
176
680
359
1381
600
2
646
257
1297
941
160
1150
49
202
201
312
1019
858
365
274
329
294
943
490
812
155
227
743
1189
290
1362
1363
915
1301
573
53
320
474
517
569
508
404
878
420
205
326
406
215
864
980
165
164
1432
634
633
98
1021
1022
1012
1036
765
100
851
1280
315
998
310
74
559
152
855
854
253
895
1311
183
829
782
857
572
236
339
246
459
1372
344
207
356
331
979
1287
565
657
1419
806
173
1018
340
468
632
394
86
625
4
247
118
252
893
894
371
732
1402
819
1438
1010
1275
678
1380
17
451
911
507
1373
24
25
341
261
260
194
357
1379
534
978
469
742
198
838
409
783
886
117
872
481
275
57
866
144
438
437
237
367
764
620
700
699
454
403
556
535
436
718
768
427
239
362
906
319
842
830
154
137
467
466
85
1394
708
822
655
624
1365
820
821
676
733
256
255
617
885
148
656
179
15
223
158
607
199
803
130
896
553
726
914
913
163
398
662
336
740
478
791
750
26
724
604
612
645
162
119
881
235
969
417
418
206
890
67
105
39
38
800
555
554
811
289
790
789
730
36
7
901
550
672
955
43
561
446
445
360
1324
35
327
1002
170
258
751
770
1385
845
143
59
892
442
668
125
126
562
485
456
174
692
473
56
55
792
1386
169
439
334
75
631
263
1437
484
1406
513
627
873
874
6
514
1325
348
745
204
107
106
552
241
240
94
93
1158
211
636
40
89
948
81
592
1411
738
222
797
1017
863
54
876
1314
568
598
921
922
510
706
694
1347
80
833
502
722
1074
512
460
364
1407
640
658
83
1366
1364
177
37
684
616
582
583
114
844
843
818
695
450
372
763
77
629
231
259
430
704
867
519
880
682
666
122
579
272
1011
425
271
817
780
91
542
29
506
109
73
985
128
449
190
904
528
910
909
615
903
242
229
516
762
919
868
595
721
238
637
619
33
933
775
626
949
248
586
358
121
472
786
677
601
781
278
841
643
660
669
563
440
441
524
525
539
397
414
363
273
681
882
649
479
52
621
27
641
452
823
716
318
488
897
665
18
884
518
426
912
898
96
920
116
540
431
58
907
503
975
729
705
110
411
728
551
448
447
723
1425
428
276
953
264
609
265
151
908
835
492
804
974
408
1315
610
606
134
133
902
701
444
87
639
846
333
499
899
850
347
564
702
970
262
888
826
497
72
311
661
487
927
458
361
560
642
859
277
825
1371
523
112
28
412
480
