1528 1456 1384
2450 2451 2378
4198 4054 4126
3184 3040 3112
3400 3328 3256
3690 3834 3762
955 3621 883
4898 4827 4899
4431 4575 4503
1187 1113 1041
2379 2451 2378
756 828 827
3401 3545 3473
3472 3400 3328
1462 1534 3696
724 868 796
3113 3185 3041
3744 3816 3817
156 228 84
2124 2196 2123
3472 3400 3544
1454 1526 1598
2051 2124 2123
3816 3889 3817
2015 4967 4895
2194 2122 2121
2379 2307 2378
1114 1186 1041
3546 3474 3402
3546 3474 3618
1186 1187 1041
4124 3980 4052
5131 5059 4987
308 236 164
952 880 808
380 308 236
954 882 1026
4987 4915 4843
1186 1187 1113
300 156 228
2600 2528 2456
2268 2195 2196
940 1011 939
3619 3691 3763
3461 3533 3532
3173 3102 3030
435 291 363
3908 3980 4052
4554 4698 4626
3975 3903 3831
4 76 148
4571 73 5184
165 237 93
460 387 315
2889 3032 2961
4501 4646 4574
4050 4122 4194
3984 4056 4128
373 445 517
389 317 462
5145 5001 5073
3603 3604 3531
2463 2319 2391
607 390 462
3839 3911 3983
2412 2411 2
2817 2746 2745
1456 1384 1312
4770 4698 4626
3748 3676 3747
3319 3248 3320
1302 1230 1158
734 806 878
4269 4197 4125
227 155 83
1232 1088 1160
4630 4774 4702
3317 3388 3389
2675 2603 2602
379 235 307
2743 2672 2744
2236 2235 2307
879 807 735
2889 3032 2960
4487 4415 4414
5141 102 30
2306 2307 2378
509 581 653
5116 4 76
2675 2674 2602
4342 4415 4414
2408 2336 2480
2453 2525 2381
4483 4339 4411
1232 1304 1160
4645 219 2341
147 291 219
3888 3816 3889
4501 4502 4574
3460 3532 3531
2962 3034 3033
162 234 306
5059 4987 4915
2962 3033 2961
2304 2305 2376
2458 2530 2459
157 13 85
2673 2816 2745
2175 2103 2247
2818 2890 2889
1755 1683 1682
3604 3532 3531
2306 2235 2307
5112 5113 1
4358 508 4286
3464 3536 3465
1043 1115 1042
3536 3537 3465
2484 2483 5042
2236 2379 2307
4835 4907 4979
3744 3745 3817
2052 2051 2124
2198 4646 4574
2527 2528 2599
170 98 243
2173 2244 2245
4107 4180 4035
1116 1043 1115
1609 1681 1754
2381 2380 2452
2888 2816 2817
2815 2743 2744
1610 1683 1682
821 749 677
27 5066 5138
1382 1454 1526
3036 3108 3107
291 363 219
954 882 810
2816 2817 2745
2673 2746 2745
3545 3473 3617
2673 2674 2746
226 82 10
795 867 939
4713 4857 4785
100 245 172
4487 4486 4414
3961 3888 3889
2531 2603 2602
4040 3968 3896
3246 3318 3317
2890 2889 2961
868 940 796
2339 74 2
591 519 663
2100 2172 2101
316 171 99
3818 3746 3745
4410 4554 4482
3251 3180 3179
104 756 828
3748 3819 3747
2095 2024 2167
4617 4689 4544
388 460 315
3252 3251 3180
4994 5067 4922
2753 2609 2681
2387 2458 2459
1324 1252 1251
2122 2050 2121
2673 2674 2602
2748 2677 2676
2524 2380 2452
3691 3835 3763
2673 2816 2744
4559 4487 4486
2671 2743 2600
4706 4851 4778
4898 4971 4899
3319 3391 3320
163 91 19
3103 3032 2960
2600 2528 2599
459 460 387
4633 4705 4778
3766 3910 3838
173 246 101
3748 3819 3820
171 98 243
589 445 517
3032 3033 2961
3039 3183 3111
2964 3035 2963
2743 2600 2672
3177 3176 3105
3891 3892 3819
1182 1111 1110
2969 2897 2825
2160 2161 2088
5069 5141 30
2198 2270 4574
5122 82 10
2531 2530 2459
1680 1608 1753
2680 2824 2752
316 244 99
2601 2458 2530
598 526 454
1182 1111 1183
3675 3674 3602
2962 3034 2963
3824 3753 3752
4253 4108 4036
4268 4340 4341
4143 4215 653
4416 4344 4271
3326 3399 3327
1 73 5184
2233 2305 2376
1039 1111 1110
3892 3819 3820
2481 2409 2264
4850 4923 4778
1446 1374 1518
2887 2815 2816
2601 2529 2458
2964 2892 2963
3318 3317 3389
3603 3675 3602
3676 3747 3675
4121 4265 4193
2815 2816 2744
1021 949 877
2236 2308 2379
3393 3464 3465
4198 3982 4054
4917 5061 4989
4343 4270 4415
2886 2814 2958
940 795 939
1168 1240 1096
2892 2891 2963
4554 4482 4698
4769 4697 4625
581 580 653
4270 4342 4415
2531 2530 2602
3103 3031 2960
2959 3031 2888
3178 3179 3107
2606 2534 2605
4967 5039 4895
3388 3389 3460
4125 4053 4126
940 796 795
3960 4033 4032
4561 4706 4778
3906 3834 3762
1960 2031 2032
5042 2412 2411
2555 4897 4825
2818 2817 2746
900 828 827
952 880 1024
27 5066 5139
4853 4780 4708
2820 2819 2891
2531 2460 2532
3462 3461 3533
2525 2381 2452
1902 2045 1974
3176 3104 3105
2335 2263 2191
4344 4271 4199
3031 2888 2960
2160 2161 2232
5067 4995 4922
3179 3108 3107
3106 3178 3107
147 292 291
3682 3681 3610
3247 3319 3248
4692 4620 4764
3538 3609 3537
3461 3460 3532
3611 3682 3610
2312 2384 2455
2819 2890 2891
2531 2532 2603
4490 4635 4563
1237 1165 1093
2024 2167 2096
4272 4128 4200
2267 2268 2196
390 317 462
2031 2032 2103
3605 3533 3532
4430 4502 363
4851 4923 4778
2100 2029 2101
1395 1394 1322
3753 3752 3681
2675 2674 2746
2890 2962 2961
4858 4714 4786
311 383 239
3180 3179 3108
3105 3034 3033
4570 2337 4643
2533 2460 2461
3249 3321 3320
4343 4271 4199
2032 2103 2104
4644 1 73
2390 2389 2461
2308 2380 2379
2819 2818 2890
1248 1321 1393
1540 1539 1467
3036 3035 3107
2336 2480 2552
4501 4502 363
4705 4850 4778
3603 3675 3604
1184 1256 1257
2532 2603 2604
2312 2455 2383
1254 1182 1183
3538 3539 3610
3960 4033 3961
4627 4699 4771
1228 1156 1084
4994 5067 5139
3612 3540 3539
3467 3395 3394
4561 4633 4778
3249 3248 3320
2239 2240 2168
3462 3534 3533
3680 3608 3609
2270 4502 4574
2120 2194 2121
3175 3103 3104
3324 3396 3395
2749 2748 2677
1185 1186 1113
3104 3105 3033
3324 3323 3395
2675 2603 2604
940 1011 1083
5061 21 5133
1983 1912 1911
3390 3462 3461
2671 2600 2599
2175 2247 2319
2601 2529 2600
2410 4570 4643
4142 652 651
2340 2339 74
456 384 312
2669 2597 2525
3890 3889 3817
2820 2892 2891
2392 2464 2391
2533 2460 2532
2677 2676 2604
3243 3242 3171
4125 4198 4126
532 459 460
2338 2337 4643
3106 3035 3107
2887 2888 2816
2028 2100 2029
2386 2385 2457
1323 1250 1322
3036 2964 3035
2317 2388 2389
172 244 317
4053 4054 4126
4782 4854 4927
3825 3824 3753
3536 3609 3537
2747 2675 2746
455 311 383
3251 3250 3179
3249 3250 3321
3612 3539 3611
2959 2887 2888
2091 2162 2163
2312 2311 2383
170 243 315
2099 2027 2098
2751 2823 2752
4269 4270 4342
1827 1826 1754
4560 4487 4415
531 604 676
4344 4199 4127
3466 3537 3465
3608 3536 3609
2601 2530 2602
2888 2889 2960
1885 1956 1957
242 170 315
3538 3466 3537
2173 2244 2172
4143 4215 4214
1755 1682 1754
2676 2675 2604
1957 2028 2029
2753 2897 2825
3467 3466 3394
2234 2306 2235
3539 3611 3610
1324 1323 1251
3104 3032 3033
4501 363 219
2161 2232 2233
2384 2313 2385
2314 2313 2385
4631 4559 4486
534 389 462
5060 4988 4989
3754 3682 3681
508 4214 4286
4142 652 4214
2747 2748 2676
1767 1838 1910
3392 3393 3464
4995 4850 4923
2239 2168 2096
2822 2823 2750
3177 3106 3178
2314 2386 2385
1767 1910 1839
2457 2529 2456
4842 4770 4698
1466 1539 1467
2822 2821 2750
3676 3675 3604
374 302 446
1395 1394 1467
3250 3178 3179
247 175 102
1456 1240 1312
2555 4824 4897
1323 1395 1322
4038 3966 4037
2265 2338 4643
2090 2091 2162
3754 3753 3681
3254 3326 3327
4416 4488 4271
1537 1465 1538
534 461 606
3323 3395 3394
3175 3176 3104
5114 2412 2
4143 580 653
148 147 292
1827 1899 1826
244 389 317
4269 4270 4125
3035 3034 2963
1609 1682 1754
2462 2390 2461
2529 2600 2456
4993 5066 5138
4994 5066 5139
1012 1156 1084
3909 3981 4053
1536 1753 1681
679 534 462
2304 2232 2376
2524 2380 2379
2754 2826 2898
4854 4999 4927
1739 1811 1740
1536 1608 1753
2309 2381 2380
3389 3461 3460
4775 4920 4847
3392 3321 3320
2309 2308 2380
2269 4573 4645
4925 4998 5070
595 523 451
2601 2672 2744
2234 2233 2305
3839 3838 3983
2677 2605 2604
603 531 676
4715 4787 4788
2173 2172 2101
3538 3610 3609
2606 2677 2605
4928 4856 5000
2819 2818 2747
174 5141 102
4 148 147
3177 3106 3105
2089 2161 2088
2818 2889 2817
3467 3539 3466
1095 1167 1239
1956 1957 2028
1753 1681 1754
2821 2749 2750
2237 2309 2308
1753 1826 1754
2751 2823 2750
966 894 895
3103 3104 3032
2679 2680 2751
2320 2392 2391
1015 1159 1087
1979 2122 2050
2818 2747 2746
2320 2319 2391
2680 2751 2752
4053 3982 4054
4541 435 291
4410 4338 4482
2320 2248 2319
4849 4704 4632
3614 3541 3469
607 679 462
2885 2957 3100
2888 2889 2817
3387 3458 3459
388 243 315
3181 3109 3110
2601 2673 2602
2234 2377 2305
4636 4563 4708
1321 1394 1393
3387 3388 3459
1249 1250 1322
2267 2196 2123
1756 1755 1683
2679 2751 2750
2747 2676 2675
3249 3250 3178
2607 2679 2680
1463 1680 1608
4107 3963 4035
3890 3818 3817
2311 2382 2383
2891 2962 2963
4270 4125 4198
3818 3745 3817
4703 4776 4631
2241 2170 2242
174 102 30
4644 4571 73
533 461 606
3538 3539 3466
2601 2600 2672
678 533 606
5068 4995 4923
242 387 315
5124 12 84
1248 1320 1393
3254 3255 3327
3683 3612 3611
4776 4631 4704
2533 2532 2604
3681 3610 3609
3181 3182 3110
1737 1666 1809
4632 4560 4487
3968 3897 3896
4555 4627 4699
2340 2267 2268
2820 2819 2747
245 172 317
2340 2268 2195
3825 3754 3753
4631 4704 4559
2608 2607 2680
1684 1611 1683
3322 3323 3394
17 89 161
3243 3172 3171
2601 2673 2744
3322 3393 3394
4641 4713 4785
1901 1973 2045
3826 3825 3754
2679 2678 2750
316 171 243
4995 4922 4850
3746 3673 3674
4430 435 363
3603 3602 3531
3183 3182 3110
1465 1538 1466
3183 3182 3255
4848 4775 4920
2886 3101 2958
1611 1610 1683
2237 2236 2308
1177 1249 1250
4488 4560 4415
2966 3039 3038
3680 3752 3681
3605 3604 3532
2318 2390 2389
2232 2233 2376
3392 3393 3321
4926 5071 4999
26 27 5138
1739 1668 1740
2890 2891 2962
5001 4929 5073
3254 3182 3255
2317 2318 2389
4287 4215 653
4933 5115 4861
1038 1039 1110
3386 3387 3458
2042 1897 1969
3960 3961 3888
2749 2678 2750
1229 1157 1301
2895 2894 2967
4340 4413 4341
1320 1465 1393
2535 2463 2462
1660 1516 1588
4701 4629 4702
5042 5114 2412
4858 4930 4786
4921 4993 5066
3396 3467 3395
379 523 451
4777 4994 4922
1970 1825 1898
4613 4756 4828
4488 4343 4271
450 522 378
1684 1756 1683
2389 2460 2461
4110 4038 4037
92 20 5132
3605 3534 3533
4689 4616 4544
2239 2167 2096
2607 2679 2678
2606 2678 2677
1392 1537 1465
1537 1538 1610
2823 2824 2752
318 173 246
660 516 588
2895 2896 2968
2387 2386 2458
4488 4343 4415
3680 3681 3609
1464 1536 1681
3466 3394 3465
3825 3897 3824
3037 3038 3110
1392 1320 1465
2533 2605 2604
4558 4485 4413
4933 4861 5114
29 101 5141
4541 507 435
3898 3826 3755
4618 4546 4474
2315 2314 2386
2316 2244 2245
1249 1394 1322
461 388 316
3468 3396 3467
4704 4559 4632
3683 3611 3682
3322 3250 3321
1327 1255 1183
2463 2464 2391
532 459 604
3254 3181 3182
2457 2529 2458
4846 4918 4991
1444 1372 1300
2894 2966 2967
4777 4849 4632
2240 2312 2311
1465 1466 1393
3322 3393 3321
3827 3898 3755
2454 2382 2383
4760 512 4833
5144 5000 5072
3037 3109 3110
390 245 317
147 219 2341
1898 1899 1826
1538 1466 1539
1323 1251 1250
2266 4644 4571
1900 1829 1828
1971 1972 2043
2749 2678 2677
319 247 102
4701 4774 4702
2607 2606 2678
2270 4575 4503
2966 2967 3039
3463 3606 3534
313 240 312
3468 3540 3539
2388 2389 2460
2197 2125 2053
4848 4775 4703
2483 5042 2411
3897 3824 3896
173 29 101
3470 3614 3542
4776 4849 4704
1980 1979 2122
4557 4629 4702
4343 4270 4198
2535 2462 2534
4559 4632 4487
534 461 389
2524 2379 2451
3316 3386 3387
2820 2747 2748
1752 1897 1969
1012 868 940
3468 3467 3539
3683 3754 3682
1684 1612 1611
25 5064 5137
1541 1613 1685
679 534 606
3826 3825 3897
1521 1449 1520
2315 2387 2386
3677 3605 3676
3392 3535 3463
316 244 389
1521 1592 1520
1249 1321 1394
1971 1898 1899
3398 3326 3399
26 171 98
28 173 5140
2894 2822 2823
4921 4994 5066
2463 2536 2464
89 305 161
95 96 168
26 171 99
1609 1610 1682
1829 1828 1757
4142 579 651
1466 1394 1393
2384 2528 2456
1827 1755 1754
3325 3398 3326
4501 4645 219
3036 3109 3108
2535 2463 2536
5112 1 5184
3605 3676 3604
385 458 530
2384 2455 2527
4287 4214 4286
1468 1540 1467
4617 4545 4544
1466 1394 1467
3393 3394 3465
1612 1611 1540
3963 3964 4036
2895 2894 2823
3826 3755 3754
1982 2054 1981
4358 507 508
2054 1981 2053
1970 2043 1898
26 27 99
2340 2339 2267
3909 4053 3982
5065 4993 5138
2410 4498 4643
4557 4630 4702
2393 2537 2465
3247 3176 3248
3828 3899 3827
3325 3253 3326
531 459 604
1109 1181 1108
2534 2533 2605
4992 5064 5137
2965 2893 2892
603 675 676
1607 1752 1824
3899 3827 3898
3398 3471 3399
385 313 384
579 507 508
4287 4215 4214
3962 3890 3889
1671 1599 1527
2965 2966 3038
388 316 243
4848 4703 4776
2742 2671 2599
3749 3821 3820
2670 2598 2527
2896 2823 2824
4359 4287 4286
3177 3176 3248
4558 4631 4486
1326 1254 1327
4558 4703 4631
3970 3898 3969
4777 4994 4849
457 385 530
2247 2248 2319
3838 3983 4055
3749 3748 3820
3912 3768 3840
2965 2894 2893
3963 3891 3892
4485 4340 4413
3253 3252 3180
2386 2457 2458
1373 1445 1301
4402 4473 4401
2246 2174 2245
748 749 676
3688 3616 3543
738 3476 3548
4272 4344 4200
1611 1540 1539
313 384 312
366 294 221
3325 3253 3252
3542 3615 3543
2965 2894 2966
1950 1951 1879
748 675 676
4562 4707 4779
3606 3605 3534
2670 2742 2527
4931 4859 4932
751 679 606
2318 2319 2390
1971 2043 1898
1970 1897 1825
3683 3755 3754
2894 2893 2821
2742 2527 2599
1184 1112 1257
2127 2198 2199
3966 3894 4037
3684 3683 3612
3963 3964 3892
3181 3109 3108
28 5067 4995
3616 3471 3543
2234 2377 2306
4484 4557 4412
4124 4196 3980
3390 3391 3462
1448 1377 1305
4127 4055 3982
2895 2896 2823
1898 1753 1826
3969 3968 3897
3249 3177 3248
1464 1609 1681
3318 3390 3389
3687 3760 3759
824 247 175
5068 4851 4923
2965 3037 3038
2127 2199 4503
3746 3673 3745
2462 2533 2461
2463 2319 2462
5059 4915 4843
4921 4994 4849
2894 2822 2821
1877 1949 1878
3106 3105 3034
4108 4035 4036
3039 3038 3110
2608 2607 2536
4343 4199 4198
1521 1593 1592
2814 2671 2743
2173 2174 2245
3253 3254 3326
3966 4039 3967
3036 3037 3109
4485 4340 4412
1912 1911 1839
2097 2169 2168
4199 4198 3982
3106 3035 3034
3390 3389 3461
3470 3397 3469
1590 1662 1518
1254 1327 1183
2171 2170 2242
2607 2606 2534
5068 5140 4995
4557 4485 4412
2176 2247 2248
5065 26 5138
2319 2462 2390
4041 3970 3969
805 949 877
948 1020 876
4329 4328 4400
4926 4854 4999
2535 2607 2536
528 456 529
4039 3967 3895
1396 1324 1323
2192 2409 2264
4142 579 4214
749 604 676
2170 2099 2098
4919 4920 4847
3688 3615 3543
4925 4997 5070
3391 3462 3534
174 175 102
1463 1535 1680
2535 2607 2534
3760 3832 3759
4547 4618 4546
2176 2103 2104
4918 4990 4991
5061 4989 5133
4541 579 507
2462 2534 2533
1952 1880 1951
4199 4127 3982
3470 3397 3398
3613 3614 3541
2246 2317 2318
1044 1116 1043
605 678 533
3255 3327 3256
100 28 245
2384 2527 2528
3249 3177 3178
5115 3 75
4114 4113 4042
2092 2164 2236
3324 3397 3396
1012 1084 940
1952 2023 1951
2624 2480 2552
3325 3397 3398
824 319 247
950 806 878
2393 2321 2465
2306 2450 2378
1611 1538 1539
2481 2553 2264
2246 2318 2175
1468 1612 1540
3909 3910 3982
4773 4846 4918
1752 1824 1969
2385 2457 2456
4909 4765 4837
2270 2199 4503
4997 5070 5142
4919 4846 4991
1949 1878 1950
3039 3183 3110
3253 3254 3181
3677 3606 3605
4919 4992 4920
3689 3617 3544
3470 3398 3471
4413 4341 4269
2526 2454 2383
1752 1897 1825
4257 4328 4256
602 457 529
3184 3328 3256
892 819 820
2171 2170 2099
3837 3909 3910
4359 4358 4431
4180 4108 4035
3766 3839 3838
1828 1757 1756
3463 3391 3534
1955 2027 2098
4359 4358 4286
163 235 307
512 440 4833
377 233 305
3962 3961 3889
3768 1534 3696
5068 5140 29
3963 4035 4036
1901 1902 2045
1396 1395 1467
2825 2680 2824
4716 4788 2482
3327 3400 3256
2192 2409 2337
4558 4413 4486
1830 1902 1974
4996 5068 29
1448 1449 1520
3981 4125 4053
241 313 240
1396 1468 1467
383 312 239
3172 3101 2957
1664 1665 1736
1611 1538 1610
1609 1537 1610
4860 4787 4788
2198 2270 2199
3113 3185 3257
28 5140 4995
3470 3542 3543
2316 2317 2388
879 807 951
2482 5113 5041
822 894 895
1038 967 1039
580 652 4214
2042 1970 1897
1086 1230 1158
4775 4847 4630
1397 1469 1398
314 459 387
1172 1100 1317
3750 3679 3678
2192 2338 2337
966 967 895
174 319 102
1679 1607 1824
4777 4922 4850
579 508 4214
21 93 5133
3749 3748 3676
2165 2093 2164
3470 3471 3543
5063 4990 4991
4847 4630 4774
751 678 606
3910 3838 4055
3821 3893 3820
2481 2409 2553
3893 3964 3892
1109 1108 1037
5134 4990 5062
5115 3 4861
4858 4930 4859
3760 3688 3615
2965 2964 2892
3910 4055 3982
5051 5123 4979
4996 29 5141
4196 4269 4197
3750 3679 3751
2117 2045 1974
1838 1910 1981
19 5131 5059
3687 3542 3615
2410 5112 5113
173 5140 29
5134 22 23
3535 3463 3606
227 11 83
821 750 677
4399 4328 4400
3894 3965 4037
533 461 388
1983 1982 1911
2125 1981 2053
5063 5062 5135
4909 4981 4837
602 601 529
602 457 530
3470 3614 3469
2316 2317 2245
3893 3892 3820
4921 4776 4849
2526 2598 2527
1180 1181 1108
2102 2173 2174
5063 4990 5062
3687 3760 3615
1448 1377 1449
5062 23 5135
1910 1911 1839
3399 3327 3400
1664 1665 1593
1909 1838 1981
4489 4561 4706
1830 1901 1902
3898 3826 3897
1178 1251 1250
2176 2103 2247
1084 940 1083
3678 3677 3606
1613 1614 1685
2092 2091 2163
2820 2893 2821
461 316 389
2969 2825 3041
3316 3387 3388
2340 2195 74
3181 3180 3108
1737 1808 1809
4040 3895 3896
176 104 248
678 750 677
242 314 387
3970 3899 3898
3898 3969 3897
3175 3247 3176
2820 2893 2892
4777 4705 4850
3902 3830 3903
4413 4486 4414
4184 4257 4256
2016 4897 4825
1959 1960 2031
3836 3908 3981
3832 3759 3831
2526 2455 2383
4200 3911 3983
3749 3677 3676
386 385 458
3908 3980 3981
5002 4930 5073
4781 4636 4708
2814 2815 2743
1684 1757 1685
1177 1178 1250
2384 2385 2456
2120 2050 2121
2814 2742 2671
2524 2525 2452
823 751 678
3756 3828 3827
1084 1011 1083
4701 4773 4774
2116 2044 1973
4143 580 4214
5134 5062 23
4852 4924 5069
1399 1327 1255
2526 2455 2527
386 385 313
3971 3970 3899
4196 3980 4197
4196 4268 4341
4997 5142 30
4852 4925 4997
1033 1106 1034
457 385 384
1396 1323 1395
4183 4182 4110
4853 4780 4925
591 519 447
4556 4628 4629
4200 4127 4055
580 724 652
75 4645 2341
4701 4628 4629
2026 1955 2098
1228 1372 1300
2016 2088 4897
2266 4644 2267
4635 4563 4708
3828 3900 3899
1684 1757 1756
3686 3758 3759
100 28 5067
822 821 750
2051 2267 2123
3673 3745 3674
457 456 529
4558 4557 4485
27 244 99
3184 3112 3256
1900 1971 1899
310 238 311
1828 1756 1755
1040 1112 1257
25 5064 5136
966 1038 967
4781 4853 4708
3768 3840 1534
2246 2317 2245
3253 3181 3180
2310 2311 2382
4184 4185 4257
4634 4489 4706
605 532 604
4836 4764 4980
2318 2175 2319
3756 3684 3683
4997 5069 30
2126 2198 4646
3694 3767 3766
3112 3039 3111
18 5130 90
1541 1542 1614
2820 2821 2749
2312 2384 2313
100 5067 5139
3980 4197 4125
25 97 5136
2886 2814 2742
4852 4997 5069
4844 4845 4916
3112 2967 3039
1095 1023 1167
5063 5136 5135
4260 4331 4259
166 94 167
1100 1245 1317
3036 2964 3037
2171 2243 2242
747 819 820
1900 1971 1972
3767 3766 3839
4038 3966 4039
95 96 23
4128 4200 3911
3617 3472 3544
4329 4257 4328
4430 4358 4431
1807 1808 1879
3548 882 810
4773 4846 4774
4113 4042 4041
3392 3391 3320
2171 2100 2172
3392 3463 3391
2388 2531 2460
4327 4399 4328
3679 3607 3608
174 101 5141
1958 1957 2029
12 228 84
100 172 5139
2820 2749 2748
2265 4498 4643
311 167 239
823 678 750
1982 1910 1981
241 314 313
3751 3680 3752
4472 4473 4401
1972 2044 2043
3324 3252 3323
509 4287 653
4914 4986 4842
892 964 891
2171 2243 2172
4917 4988 4989
20 5132 5133
4635 4780 4708
4416 4633 4488
3756 3827 3755
605 532 460
3900 3971 3899
1036 1108 1037
3468 3397 3396
4996 5069 5141
97 5136 24
386 314 313
1013 941 869
3761 3689 3544
3252 3251 3323
1732 1660 1588
3607 3535 3606
3040 3112 2967
3965 3893 3964
4498 4571 5184
4042 4041 3970
4701 4700 4628
892 891 819
1664 1593 1592
3468 3397 3469
2192 2265 2338
4186 4258 4187
1255 1184 1256
3757 3758 3830
4200 3983 4055
1179 1252 1251
5136 5135 24
2165 2094 2093
3686 3687 3759
591 663 735
969 1114 1186
3183 3255 3256
4267 4195 4123
3325 3324 3397
3977 4122 4049
3765 3837 3910
3319 3390 3391
2895 2968 2967
20 93 5133
174 246 101
2388 2387 2459
2241 2169 2170
3184 3040 3329
1391 1319 1464
738 3548 810
4047 4119 4048
2102 2031 2103
3686 3614 3542
2237 2164 2236
1390 1462 3696
2243 2315 2314
2163 2236 2235
605 749 677
96 5135 24
1391 1464 1536
5132 5060 5133
3112 3183 3111
1828 1827 1755
2195 74 146
386 314 459
457 456 384
2118 2117 2261
3756 3683 3755
3685 3757 3758
1247 1319 1392
4716 2410 5113
5060 4989 5133
2097 2026 2169
1319 1464 1392
2388 2531 2459
2339 4644 2267
605 533 460
1084 1011 939
1178 1179 1251
4699 4771 4843
437 509 4287
96 23 5135
747 748 675
4773 4845 4918
2162 2163 2235
4917 4916 4988
1541 1613 1614
3904 3832 3831
4196 4341 4269
2241 2314 2313
3679 3680 3608
2965 2964 3037
437 4359 4287
169 96 24
2753 2681 2608
176 320 248
3173 3030 2958
2241 2314 2242
1107 1178 1179
1326 1398 1327
3978 3905 4050
169 241 240
4430 4431 4575
4255 4328 4256
3322 3251 3250
4111 4110 4038
3894 3965 3893
1326 1397 1398
2197 2126 2054
4919 4992 5064
2681 2608 2536
1164 1236 1092
3040 3257 3329
2030 2029 2101
3829 3757 3830
818 745 817
3322 3251 3323
1958 2030 2029
4917 4845 4916
2102 2174 2103
169 96 168
2099 2028 2100
92 20 93
3679 3678 3607
4413 4342 4414
3836 3909 3981
2171 2099 2100
2316 2315 2387
4183 4255 4256
27 172 5139
1040 1185 1257
823 822 750
3316 3317 3388
3823 3895 3896
1040 968 1185
2092 2163 2236
4996 5068 4851
1982 1910 1911
3325 3324 3252
725 581 580
533 388 460
3764 3692 3836
3392 3535 3464
3471 3399 3400
4919 4847 4774
4344 4200 4127
4041 3969 3968
3468 3541 3469
2162 2234 2235
169 240 168
95 167 168
1766 1837 1909
4413 4269 4342
2238 2166 2237
4992 4920 5137
748 821 749
1883 1812 1884
4561 4416 4633
3679 3751 3680
3761 3616 3544
725 797 724
4641 4569 4713
1106 1107 1178
3030 2887 2815
3185 3040 3257
167 312 239
2266 2193 4571
4122 4194 4049
3607 3608 3536
1376 1519 1447
318 245 173
4716 2482 5113
4268 4340 4412
4040 4039 3895
4472 4401 4400
3613 3541 3540
1880 1951 1879
823 822 895
95 22 23
1887 1816 1744
590 734 662
4040 4041 3968
1253 1326 1254
3 4861 5114
1180 1179 1252
27 172 244
4484 4556 4557
1738 1666 1809
2046 2117 1974
3174 3103 3031
2968 3040 2967
4556 4557 4629
1470 1469 1398
4775 4703 4630
2022 2094 2023
963 964 891
2316 2388 2387
968 1185 1113
2159 2087 4895
28 245 173
4633 4488 4560
169 97 24
1304 1375 1303
3747 3675 3674
4188 4260 4259
2382 2453 2381
4430 2270 4502
1807 1808 1736
2246 2175 2103
2556 2484 2483
5065 5137 26
4919 4846 4774
382 454 455
1972 2044 1973
1373 1229 1301
4109 4110 4037
456 383 312
3758 3830 3903
651 796 795
2243 2316 2315
3247 3318 3390
3829 3902 3830
104 5000 5072
1737 1666 1665
1766 1909 1838
816 744 817
3468 3541 3540
4430 4358 435
4633 4705 4560
2197 2054 2053
167 240 312
3689 3762 3617
3758 3903 3831
4712 4785 4856
4562 4634 4779
3678 3607 3606
2813 2885 2957
4786 4713 4857
3616 3471 3544
3980 3981 4125
1376 1447 1375
674 602 601
4996 4924 5069
174 319 246
1956 2099 2027
1955 1956 2027
1956 2099 2028
724 652 796
1808 1665 1736
1886 1958 1957
1176 1248 1321
1326 1397 1325
4826 2016 4825
2162 2234 2233
2169 2170 2098
3746 3747 3674
3471 3400 3544
1535 1607 1752
2246 2174 2103
3839 4128 3911
2241 2312 2313
1742 1813 1814
4542 367 439
318 390 245
1686 1614 1685
310 382 311
3030 2958 2815
747 748 820
76 148 292
2166 2095 2167
3172 3100 3171
584 4760 512
4255 4327 4328
3607 3535 3464
1253 1326 1325
4111 4038 4039
4933 5042 5114
893 892 964
4329 4401 4400
1396 1468 1469
3978 3905 3833
167 240 168
652 651 796
4034 3962 3961
2625 2015 4895
3172 2957 3100
1470 1541 1542
528 601 529
3758 3759 3831
4860 4787 4932
2814 2958 2815
2097 2168 2096
965 1036 1037
797 869 724
4188 4187 4259
3613 3612 3540
965 893 964
1176 1177 1249
3607 3464 3536
605 678 677
4471 4472 4400
1600 1528 1384
2041 1824 1969
3030 2959 2887
4558 4557 4630
382 455 311
1376 1304 1375
95 94 167
893 822 894
370 442 443
1880 1808 1879
3247 3319 3390
1737 1808 1665
2886 2670 2742
1680 1825 1753
584 512 4833
2046 2118 2117
1396 1397 1469
4640 4712 4785
4034 4033 3961
1399 1255 1256
4920 5065 5137
965 966 894
892 821 820
3102 3030 2959
2022 2094 2093
3823 3824 3896
965 893 894
1825 1898 1753
3972 3973 3901
2030 2173 2101
1887 1815 1744
4471 4399 4400
3174 3245 3102
1884 1885 1956
95 22 94
1887 1886 1958
4484 4267 4412
890 818 746
941 869 724
4266 4194 4049
4358 507 435
3891 3818 3819
1878 1950 1879
4613 4685 4756
4569 4786 4713
965 966 1037
5112 4498 5184
4115 4186 4114
450 378 306
2243 2314 2242
5114 74 2
526 454 455
3174 2959 3031
3041 2896 2968
1807 1664 1736
164 92 93
2102 2030 2173
3978 4195 3906
4705 4632 4560
4109 4182 4110
1176 1249 1321
2095 2024 2023
4701 4773 4700
4402 4473 4474
1959 1887 1816
3240 3241 3242
1396 1397 1325
4430 2270 4575
5128 5056 16
1900 1828 1827
1542 1686 1614
900 5144 828
4777 4705 4632
1909 2125 1981
4716 4715 4788
3977 4050 4122
961 1033 1034
1881 1738 1809
2609 2681 2536
2127 4431 4503
4760 440 4833
3473 3472 3328
1022 1166 1094
605 749 604
748 821 820
4917 4845 4918
2482 4969 5041
2025 2024 2096
4112 4113 4185
966 1037 1038
1541 1468 1469
2609 2536 2464
1109 1037 1038
3975 3902 3903
893 822 821
4558 4703 4630
2116 1973 2045
104 5144 5072
4972 4828 4900
3185 3041 2968
4917 4918 4990
1887 1886 1815
3401 3473 3328
1752 1680 1825
1464 1392 1537
4930 4929 5073
3977 3905 4050
1900 1827 1899
4183 4255 4182
962 961 889
2026 2169 2098
2825 2608 2680
1106 1107 1034
2336 2624 2552
1105 1033 1106
4642 4715 4787
725 580 724
673 674 601
366 293 221
2556 2483 2555
3473 3617 3472
4707 4852 4924
163 235 91
1735 1807 1664
3749 3678 3677
2018 2017 2090
4826 2016 2088
2126 2127 2198
2114 2041 2042
1396 1325 1324
3836 3837 3909
5114 218 146
3185 2968 3040
586 514 587
1373 1445 1517
1980 2194 2122
1954 2025 2026
1896 1679 1824
1104 1176 1177
965 1036 964
4859 4787 4932
4111 4183 4110
1952 2024 2023
893 892 821
3822 3749 3821
4857 4929 4856
4475 4618 4474
4930 4857 4929
4772 4844 4916
2160 2088 4897
4112 4184 4185
3613 3686 3614
4921 4993 4776
2159 5039 4895
2055 2126 2127
1597 1525 1453
236 164 92
1881 1810 1882
3315 3316 3386
3974 4045 3973
3818 3819 3747
4781 4782 4854
4696 4840 4768
2465 2320 2392
1594 1522 1665
3689 3906 3762
527 599 526
3818 3746 3747
3972 3900 3971
963 1035 1036
456 455 383
2310 2309 2381
5114 74 146
1376 1448 1519
4332 4260 4331
4857 4785 4856
890 891 819
1880 1808 1809
4848 4993 4776
3765 3766 3910
4707 4779 4924
2097 2025 2026
1663 1806 1735
607 318 390
941 724 868
3686 3685 3758
2041 2042 1969
2377 2306 2450
294 293 221
596 524 452
104 5144 828
1813 1884 1885
4858 4859 4787
2055 2126 2054
5063 4991 5136
1878 1807 1879
3822 3894 3821
3693 3765 3766
3695 3694 3767
2753 2825 2608
241 242 314
2022 2021 2093
3894 3821 3893
521 449 377
3972 3900 3901
1881 1810 1738
5137 26 98
1253 1254 1182
2017 2090 2089
1109 1038 1110
3976 3975 3831
2243 2316 2244
2119 2336 2191
1085 1228 1157
510 438 511
654 582 509
3976 3904 3831
233 305 161
2243 2244 2172
531 458 530
1896 2041 1824
2165 2237 2164
166 238 311
2047 2119 2336
2410 5112 4498
2094 2095 2023
600 528 527
3245 3316 3317
896 1114 1041
2238 2166 2167
166 311 167
1105 1177 1178
3042 3114 2970
1684 1685 1612
2114 2041 2186
1464 1609 1537
2269 2197 4645
4044 3972 3973
527 526 455
3112 3183 3256
3966 3894 3967
674 747 746
4826 2555 4825
3613 3684 3685
2382 2453 2525
1881 1880 1809
1812 1813 1884
600 528 601
3974 3973 3901
603 531 530
1594 1522 1450
1522 1665 1593
3901 3829 3902
3761 3689 3906
963 1036 964
2597 2382 2525
1522 1521 1593
1814 1743 1815
3613 3686 3685
3978 3833 3906
2597 2454 2382
4569 4714 4786
2526 2597 2454
4917 5134 5061
3686 3687 3542
2310 2382 2381
4184 4183 4256
1470 1541 1469
4044 4043 3972
3174 3102 2959
4114 4113 4185
4475 4547 4618
1452 1595 1380
3890 3891 3818
1535 1752 1680
3246 3175 3318
1742 1813 1670
1805 1806 1734
4112 4113 4041
3823 3751 3752
1247 1392 1320
1228 1300 1084
1954 2026 1955
4917 5134 4990
3823 3824 3752
4124 3979 3907
1876 1875 1947
4561 4416 4344
5052 5124 12
1376 1448 1305
594 666 522
2116 2117 2045
2741 2669 2526
2537 2465 2392
4044 4045 3973
1166 1094 1238
309 238 237
1884 1955 1956
1012 941 868
654 509 581
1233 1376 1305
962 961 1034
4124 4051 4196
4120 4192 4193
4716 4715 2410
1391 1536 1608
673 600 601
2669 2526 2597
4970 2556 2555
1181 1182 1110
3761 3688 3616
2241 2240 2312
164 237 93
4906 4978 5050
1594 1666 1665
2087 4823 4895
1541 1468 1612
1829 1901 1757
2321 2249 2176
2090 2089 2161
1814 1886 1815
1953 1954 2025
2238 2237 2309
1105 1106 1178
2269 2197 2125
5145 5002 5073
3912 3840 3984
2249 2176 2248
1810 1882 1811
4330 4187 4259
1522 1450 1521
1255 1111 1183
1035 1107 1034
673 672 600
1900 1829 1901
4109 4254 4182
1109 1181 1110
2187 2114 2186
4124 4051 3979
2339 4644 2
3613 3684 3612
4772 4773 4700
3175 3247 3318
4330 4258 4187
2097 2025 2096
4860 4788 2482
1672 1815 1744
4970 2556 2484
1253 1181 1182
2162 2161 2233
4489 4561 4272
3330 3113 3402
365 437 4359
4403 4332 4331
3750 3749 3678
514 587 515
1881 1952 1880
1886 1885 1957
4046 3974 4045
3173 3101 2958
3246 3245 3317
2238 2310 2309
4192 4265 4193
890 818 817
1463 1391 1608
4970 4898 4971
4497 4569 4714
1452 1595 1524
1021 1093 877
4186 4114 4185
4398 4327 4399
598 599 526
75 4573 4645
4267 4268 4412
3833 3761 3906
3822 3750 3749
4844 4773 4845
1104 1105 1032
5051 5123 12
1175 1247 1320
4404 4403 4332
4339 4267 4195
671 598 599
4124 3907 4052
1812 1813 1741
674 747 675
166 238 237
888 961 1033
3174 3246 3245
2169 2240 2168
1883 1884 1955
386 531 458
4634 4706 4851
374 518 446
1953 2025 2024
4930 4786 4857
2188 2116 2117
1949 2021 1950
3692 3836 3837
2022 1950 1951
3474 3402 3257
2116 2044 2043
4919 5064 4991
5123 11 83
582 437 509
896 969 1114
2018 2090 2091
1686 1757 1685
1877 1806 1878
169 241 242
3984 3839 4128
299 370 443
1953 1954 1882
823 967 895
1733 1734 1662
438 511 439
3765 3692 3837
587 588 515
2260 2188 2261
4263 4264 4192
227 5122 82
1881 1953 1882
1805 1733 1734
4115 4114 4042
386 531 459
2022 2021 1950
1959 2102 2030
25 97 98
3900 3901 3829
310 381 238
1883 1954 1955
4051 4123 4268
4186 4258 4185
2239 2240 2311
4848 4920 4993
744 745 817
310 381 382
816 889 817
3245 3173 3102
3113 3402 3257
2813 2885 3100
2022 2023 1951
4326 4398 4327
4620 4691 4619
2115 2042 1970
4047 4118 4119
3974 3901 3902
510 583 511
2055 1982 2054
2115 1970 2043
3822 3750 3751
2019 2018 2091
4404 4475 4403
97 170 98
25 5137 98
3835 3907 4052
4263 4191 4192
3756 3684 3685
4254 4255 4182
4115 4043 4042
1735 1664 1592
4266 4121 4049
381 309 238
896 1113 1041
2321 2320 2248
2537 2392 2464
4258 4185 4257
2537 2609 2464
4920 5065 4993
2321 2249 2248
4107 4034 3963
2160 2232 4897
2408 2480 2553
1231 1304 1303
963 1035 1034
890 963 891
727 799 726
1813 1814 1885
3822 3823 3751
513 585 586
2526 2670 2598
4109 3965 4037
4034 3962 3963
169 242 170
1591 1448 1519
4120 4121 4193
963 962 1034
1959 1958 2030
2187 2260 2188
2090 2162 2161
4043 4042 3971
3976 4121 4049
960 888 1033
1959 2102 2031
1663 1591 1592
600 527 599
666 738 3476
2166 2094 2095
4181 4253 4036
890 963 962
3976 3977 4049
4117 4046 4118
3756 3685 3757
3976 3975 4048
169 97 170
4191 4119 4048
164 309 237
1180 1107 1179
2165 2166 2094
4043 3972 3971
1085 1228 1156
1523 1595 1380
4042 3971 3970
4264 4337 4192
3545 3762 3617
528 456 455
1253 1325 1324
5064 4991 5136
366 367 294
824 103 175
1245 1317 1534
3041 2896 2824
4267 4123 4268
2321 2465 2320
4772 4844 4773
1159 1231 1160
4983 4911 5055
1743 1672 1815
4191 4120 4192
438 294 293
4970 2484 5042
2241 2169 2240
2825 3041 2824
2238 2310 2239
1462 1245 1534
2188 2117 2261
528 527 455
1541 1685 1612
3401 3184 3329
1830 1901 1686
3474 3257 3618
1739 1810 1811
104 248 756
4191 4120 4048
658 731 659
510 365 438
1959 1887 1958
2238 2239 2167
3174 3175 3103
4117 4046 4045
4262 4263 4191
947 1019 1091
1883 1811 1740
1159 1087 1088
1231 1304 1160
1253 1324 1252
1104 1105 1177
1159 1088 1160
365 438 293
4642 4497 4714
370 298 369
4548 4692 4620
1901 1972 1973
1373 1302 1374
1667 1596 1524
602 603 530
4190 4118 4119
3905 3833 3760
5051 4979 12
1814 1886 1885
2193 2265 4498
3330 3258 3113
3401 3184 3328
4337 4192 4265
1813 1741 1670
1228 1372 1301
1883 1812 1740
1228 1157 1301
818 745 746
4047 3975 4048
674 602 675
5123 83 228
1667 1595 1524
4641 4640 4785
3822 3823 3894
1115 1114 1042
1020 1092 876
1663 1806 1734
1947 1946 2018
4489 4272 4128
166 165 237
1591 1592 1520
2055 1983 1982
4690 4691 4763
5134 5061 21
1669 1741 1740
155 83 228
658 730 731
1233 1376 1304
3974 3975 3902
4561 4272 4344
4642 4714 4787
799 726 798
2193 4498 4571
3976 3977 3904
4852 4780 4925
2165 2166 2237
1105 1032 1033
1101 1318 1246
2115 2116 2043
673 674 746
1948 1876 1947
2197 2126 4646
4339 4484 4267
816 961 889
3894 3967 3895
2886 3101 2957
4190 4191 4119
1446 1373 1374
602 603 675
4051 4196 4268
1596 1525 1453
4483 4556 4628
299 370 298
5074 5002 5003
816 888 961
960 1032 1033
4914 4842 4770
4858 4714 4787
104 4928 5000
3620 3765 3692
1668 1597 1525
4184 4111 4183
4112 4040 4041
5134 22 21
1812 1741 1740
379 307 523
947 874 875
4262 4190 4191
300 155 228
1013 1012 941
2480 2625 2553
3693 3620 3765
1804 1876 1875
5123 12 228
1663 1735 1592
4266 4338 4121
3823 3894 3895
1732 1589 1661
1180 1107 1108
1233 1232 1304
4195 4123 3906
2020 2021 2093
514 442 443
4979 5052 12
513 586 514
3257 3618 3329
890 747 819
1596 1668 1525
514 515 443
589 445 661
4339 4411 4484
2193 2265 2194
3828 3900 3829
1233 1161 1232
1947 4685 4756
743 671 598
4620 4691 4764
4983 5055 5127
22 94 21
3833 3761 3688
4473 4545 4474
890 962 889
4827 2018 2017
5001 4929 4856
744 745 672
672 600 599
5043 4933 5115
1667 1810 1738
4483 4411 4556
1452 1308 1380
890 747 746
4781 4926 4854
3833 3760 3688
3244 3172 3101
1455 1383 1311
3258 3113 3041
227 11 5122
4339 4050 4194
896 968 1113
4123 3906 3834
2624 4823 4895
2555 4824 4969
3401 3618 3329
726 798 725
1679 1607 3696
3 75 218
4345 4417 3912
76 292 291
4402 4329 4401
803 802 875
2115 2114 2042
4715 2410 4570
2197 4501 4645
2115 2187 2114
174 5142 30
2197 4501 4646
3756 3829 3757
2018 4756 4828
2310 2239 2311
1948 1877 1949
972 900 5144
166 94 21
1669 1597 1740
2092 2093 2164
1900 1901 1972
370 369 442
1805 1877 1806
3244 3315 3173
1399 1398 1327
4853 4925 4998
4402 4330 4329
3962 3890 3963
2483 4969 5041
4908 5052 4980
3244 3173 3101
1085 1013 1012
227 226 82
4112 4111 4039
890 889 817
3905 3760 3832
4258 4329 4257
1318 1463 1535
1591 1448 1520
1741 1670 1598
3620 3548 882
1523 1594 1451
4120 4048 4121
4112 4040 4039
803 731 802
4326 4254 4255
4338 4121 4265
1372 1445 1301
4051 3690 3979
1742 1671 1599
3186 2969 3258
166 165 93
730 731 802
673 745 672
4853 4926 4998
4051 4123 3834
4326 4255 4327
3890 3963 3891
1668 1597 1740
3401 3545 3618
11 5050 5122
166 21 93
874 802 875
658 659 587
4051 3690 3834
3245 3315 3316
1390 1607 3696
798 725 797
4827 4828 4899
3 5114 218
2120 2265 2194
1085 1012 1156
4112 4184 4111
441 369 442
4411 4484 4556
4330 4258 4329
3186 2969 2897
1318 1246 1463
590 662 663
510 582 437
3768 1679 3696
4691 4764 4763
2624 2087 4823
4115 4186 4187
3756 3828 3829
1669 1741 1598
1806 1735 1807
1180 1181 1252
1881 1953 1952
799 870 798
1946 2018 4756
673 745 746
3976 4048 4121
4489 4056 4128
1953 1952 2024
814 959 887
4 147 2341
1255 1184 1111
4476 4404 4332
4417 3984 4056
3690 3545 3762
5050 5122 10
798 797 869
1596 1524 1453
3174 3246 3175
2625 2015 4967
4545 4546 4474
2375 2192 2264
3695 1317 1534
658 586 587
1089 1016 1017
4 75 2341
1164 1236 1308
1373 1302 1158
4398 4471 4399
4330 4331 4259
2115 2188 2116
5130 5058 90
308 164 309
2115 2187 2188
1090 1162 1234
510 365 437
510 582 583
5044 5043 5116
3186 3114 2897
4263 4336 4264
1253 1181 1252
4410 4338 4265
4339 4266 4194
3690 3545 3618
2020 2019 2091
1470 1399 1398
1444 1372 1445
2375 2192 2265
1947 1946 4756
1883 1954 1882
2336 2263 2191
1028 1100 1245
4690 4691 4619
4827 2017 4754
4781 4853 4926
450 666 522
4642 2409 2553
4480 4408 4336
4762 4834 4689
2483 2555 4969
672 671 599
1035 1036 1108
3904 3905 3832
4335 4263 4336
4931 5003 4859
1742 1814 1743
1742 1671 1743
597 524 669
871 870 943
1883 1882 1811
1733 1661 1662
308 381 309
1175 1248 1320
4970 4826 2555
1804 1803 1875
2741 2526 2670
2969 3258 3041
1739 1596 1668
4335 4262 4263
655 654 582
4472 4473 4545
3549 3621 883
952 1024 1096
381 382 454
1308 1451 1379
731 659 732
2052 1980 2194
1035 1107 1108
4762 4617 4689
5043 5116 4
4972 4971 4899
4046 3974 3975
1806 1878 1807
885 958 813
4181 4109 4036
438 367 294
4483 4339 4266
438 367 439
4046 4118 3975
1236 1307 1379
2624 2159 2087
1390 1535 1607
871 799 870
4690 4835 4763
1804 1803 1732
943 1014 942
4634 4779 4851
1028 1173 1245
1236 1308 1379
1446 1373 1517
1318 1390 1535
4547 4619 4546
4339 3978 4195
453 381 454
4047 4118 3975
4972 4828 4899
4407 4335 4336
1947 2019 2018
4970 4933 5042
726 725 581
1667 1739 1596
950 1022 878
734 662 878
1901 1686 1757
3977 3904 3905
4339 3978 4050
4417 3912 3984
1308 1523 1380
3690 3618 3979
1306 1234 1377
4970 5043 4971
654 726 581
1594 1450 1451
4550 4479 4551
4914 4986 5058
4548 4620 4619
1373 1229 1158
4826 2089 2088
4836 4764 4763
3621 1172 1100
1101 1318 1173
4548 4547 4619
1381 1524 1453
946 947 874
590 663 518
513 585 584
870 943 942
2020 2092 2091
597 742 670
1742 1670 1599
1318 1173 1390
1450 1451 1379
2266 2193 2194
4979 5052 4980
1184 1111 1112
665 737 809
1766 1837 4180
597 742 669
1185 1256 1257
1164 1092 876
444 372 445
4410 4337 4265
886 814 959
2020 2092 2093
662 663 735
946 947 1019
4907 4979 4836
4979 4836 4980
727 654 726
1959 1816 1744
4835 4907 4836
744 672 671
5145 5074 5002
655 582 583
4615 4688 4761
4835 4836 4763
1018 946 1019
299 515 443
3965 3964 4036
1016 1087 1088
2813 3100 3171
4906 11 5050
803 948 875
1306 1377 1449
1378 1450 1521
5043 5115 4
1743 1600 1672
1308 1523 1451
816 743 744
656 585 584
4898 4826 4827
4476 4404 4548
1161 1232 1088
3546 3618 3979
4336 4264 4337
4409 4410 4337
596 524 669
1948 2020 2021
1661 1662 1518
3695 1172 1317
1671 1743 1600
5132 5060 4988
1455 1527 1526
4715 4570 2337
4181 4109 4254
4707 4852 4780
4690 4619 4546
2754 2537 2826
804 731 732
1948 1949 2021
4779 4996 4924
176 104 4928
1669 1454 1598
1670 1599 1527
4334 4335 4262
453 308 525
380 308 525
2625 2553 2264
743 815 598
1732 1731 1588
743 744 671
4481 4409 4410
91 19 5059
453 308 381
365 4359 4431
1378 1307 1235
1975 2447 2303
943 1015 1014
75 4573 218
1089 1016 1161
1307 1450 1379
4555 4266 4338
3908 3835 4052
886 1031 959
1589 1661 1518
870 798 869
1527 1526 1598
1446 1517 1518
4562 4634 4489
816 743 888
727 655 654
729 657 730
594 666 3476
960 743 815
1523 1594 1666
19 5131 4987
3546 3979 3907
960 743 888
519 663 518
519 447 518
513 514 442
4562 4635 4707
1378 1306 1449
447 518 446
4826 4827 4754
3767 3984 3839
4408 4336 4337
4483 4555 4266
4826 2017 4754
5129 17 161
960 815 887
4109 3965 4036
4408 4409 4337
815 670 598
733 516 661
4635 4707 4780
4762 4690 4617
4642 4715 2409
1669 1597 1454
1104 1031 959
5115 4 75
14 5125 5053
1667 1739 1810
958 886 813
1103 1175 1248
3245 3315 3173
1378 1307 1450
662 807 735
4985 5057 5129
804 731 876
885 1030 958
670 598 454
4403 4330 4331
2052 2051 2194
4475 4403 4474
1670 1527 1598
3695 3694 1172
3549 1028 1100
513 441 442
4970 4898 4826
4483 4555 4628
1016 1161 1088
4906 5123 11
1589 1517 1518
298 369 297
2826 2609 2898
1378 1521 1449
4715 2409 2337
741 668 813
5002 4930 4859
1015 1014 1086
1102 1175 1247
1104 1031 1176
2537 2826 2609
741 742 669
1803 1732 1731
298 226 297
1444 1516 1445
4687 511 439
583 4687 511
2408 2336 2263
5044 5043 4971
1103 1176 1248
742 814 887
4472 4616 4544
441 369 297
660 733 516
1039 1111 1112
3620 882 1026
2119 2335 2191
1014 942 1013
4405 4476 4477
657 658 730
1948 1876 1877
4407 4480 4336
4826 2017 2089
4970 5043 4933
1234 1377 1305
2393 2754 2537
4644 1 2
14 5126 5053
885 668 813
320 248 756
659 587 588
3549 956 1028
803 948 876
3695 3840 1534
2483 2411 5041
596 741 668
4555 4627 4482
656 585 657
444 299 372
1103 1031 1176
4688 4543 4616
4827 2018 4828
4478 4550 4479
1086 1229 1158
596 741 669
1029 1101 1246
5002 5003 4859
4613 4828 4900
2055 293 2127
4334 4407 4335
741 742 814
948 1020 875
4779 4996 4851
1309 1381 1524
660 659 732
4334 4406 4407
5044 4972 4971
803 731 876
2266 2051 2267
1302 1230 1231
1390 1462 1245
1523 1595 1666
4115 4044 4043
741 886 813
1516 1445 1517
1089 1162 1161
947 1020 875
4472 4545 4544
4555 4338 4482
1173 1390 1245
4627 4482 4698
597 670 525
741 886 814
728 729 657
2447 2303 2159
742 815 887
444 516 445
1455 1382 1526
453 670 525
4117 4044 4045
742 815 670
1014 1086 1013
812 885 957
1667 1738 1666
86 158 13
660 659 588
4555 4700 4628
4116 4115 4044
513 441 4833
3546 3835 3907
1452 1309 1524
1732 1589 1660
2375 2120 2265
516 445 661
4834 4906 5123
4116 4188 4187
1236 1307 1235
380 525 452
812 1029 957
4772 4699 4843
655 583 4687
1667 1595 1666
1159 1230 1231
4116 4115 4187
4117 4190 4118
2682 2393 2754
4403 4402 4474
4693 4765 4692
1663 1734 1591
955 3621 3693
597 524 452
3546 3691 3835
302 230 229
960 959 887
453 670 454
13 5124 85
597 525 452
4417 4562 4489
4772 4699 4700
824 969 103
885 740 668
1018 1090 1019
944 872 945
4403 4402 4330
1766 4180 1838
4762 4690 4835
1103 1030 958
1162 1161 1234
4913 4841 4985
1233 1234 1305
2970 2609 2898
365 293 4431
4406 4407 4479
4617 4545 4546
4116 4189 4117
4543 4472 4616
740 595 667
4478 4406 4479
4543 4471 4472
801 874 802
728 656 657
1086 1229 1157
812 885 740
301 374 302
1103 886 1031
1174 1247 1319
1086 1085 1013
4470 4398 4471
956 1028 1173
157 5124 85
884 812 1029
4760 4687 439
4765 4692 4764
4762 4834 4835
4116 4189 4188
1948 2020 2019
4555 4699 4700
4253 4108 1838
1102 1174 1247
660 805 733
4253 1767 1838
1174 1391 1319
516 588 515
2624 2480 2625
3549 3621 1100
157 156 84
1086 1085 1157
1029 1174 1246
4553 4480 4408
960 1032 959
4345 4490 4635
4984 4912 5056
1233 1161 1234
1089 1090 1162
2624 2625 4895
1975 2447 2375
1104 1032 959
1959 1672 1744
513 584 4833
1600 1672 1528
301 302 229
1302 1231 1303
1090 1019 1091
884 811 956
1948 1947 2019
969 103 175
4824 4969 4897
1302 1374 1303
1103 958 886
1378 1306 1235
1163 1090 1091
444 516 515
2741 2886 2670
299 372 300
729 730 802
944 1016 1017
4549 4478 4477
157 158 13
1015 1086 1230
1015 1159 1230
1876 1805 1877
4690 4617 4546
226 297 10
444 299 515
2625 2264 4967
441 512 4833
4550 4623 4551
4481 4408 4409
3114 2753 2897
873 946 874
801 729 802
157 158 229
4180 4108 1838
4553 4481 4408
4116 4117 4044
86 14 5125
2753 2970 2609
4417 4489 4056
293 2127 4431
585 658 586
230 158 229
86 13 5125
157 5124 84
299 300 155
956 1101 1173
4909 4981 4908
4548 4475 4547
728 801 729
585 657 658
947 1020 1091
4404 4548 4475
1455 1383 1527
873 801 874
1383 1311 1312
3621 3694 1172
4772 5059 4843
4621 4693 4692
1597 1382 1454
4573 218 146
1589 1660 1517
944 945 1017
873 872 945
662 807 878
1542 1830 1686
1590 1591 1519
1 2411 2
955 883 3476
2813 2886 2957
3695 3840 3767
3840 3767 3984
5113 2411 5041
1374 1375 1303
1804 1732 1661
1102 1103 1175
4261 4333 4332
1660 1516 1517
1102 1103 1030
2447 2159 5039
157 229 156
4772 4916 5059
1804 1733 1661
2266 2051 2194
4405 4334 4333
4760 440 439
4107 1837 4180
955 3476 3548
5113 1 2411
2741 2813 2886
1246 1463 1391
4542 440 439
1029 1174 957
1163 1236 1235
1089 1090 1017
4542 512 440
885 957 1030
4834 4835 4979
234 378 306
870 1013 869
13 5052 5124
870 942 1013
1590 1519 1447
800 728 801
4478 4406 4477
804 949 876
4622 4695 4623
4642 4497 2553
1455 1382 1311
447 302 446
4549 4478 4550
4405 4333 4332
811 3549 883
807 878 951
4261 4189 4260
5054 5126 5053
4189 4188 4260
4981 4908 5053
4908 5125 5053
944 872 871
2377 2450 2451
873 1018 946
298 227 226
873 945 1018
372 300 445
4834 5123 4979
812 740 667
13 5125 5052
4189 4117 4190
4261 4332 4260
967 1039 1112
1102 1174 957
3960 4032 1979
4767 4839 4768
3908 3835 3763
884 811 739
1102 957 1030
3114 2753 2970
4481 4410 4554
660 805 732
375 447 302
944 871 943
1174 1246 1391
373 301 156
4834 4689 4906
4766 4693 4765
884 1029 1101
373 300 156
884 956 1101
299 298 155
298 227 155
1804 1876 1805
5054 4981 4982
1804 1805 1733
4622 4550 4623
1590 1591 1662
945 1018 1017
1734 1591 1662
1018 1090 1017
3621 3694 3766
1094 1023 1167
4615 4542 512
5054 4981 5053
1374 1518 1375
1381 1238 1310
3621 3693 3766
1311 1239 1312
4405 4476 4332
2741 2813 3171
373 300 445
2447 4967 5039
4838 4910 4837
4908 5125 5052
1094 1238 1310
301 229 156
2669 2524 2525
4405 4406 4477
880 1024 808
375 302 230
4627 4698 4771
4345 4417 4562
3836 3908 3763
1310 1311 1239
3693 3620 3548
4928 5001 4856
3960 1979 2050
3764 3836 3619
4345 4562 4635
4765 4764 4980
4405 4334 4406
4552 4479 4551
1382 1310 1311
1094 1167 1239
1306 1235 1234
1163 1090 1234
4261 4189 4190
4689 4906 4978
4766 4694 4693
4909 4908 4980
1163 1235 1234
3836 3619 3763
4909 4765 4980
804 805 732
4615 4761 512
176 5145 5001
804 805 949
1597 1382 1453
4622 4621 4694
5044 5116 76
4981 4910 4982
4640 2335 2263
1163 1020 1091
375 303 230
4621 4694 4693
4767 4695 4768
4624 4552 4551
1590 1518 1375
1590 1447 1375
4981 4910 4837
1163 1020 1092
1381 1382 1310
4261 4262 4190
4767 4766 4694
1021 949 876
873 800 801
2055 366 293
1383 1527 1312
1164 1165 1093
1381 1382 1453
4622 4695 4694
1163 1236 1092
969 174 175
2375 2264 4967
1164 1021 1093
1168 1095 1240
1094 1310 1239
1309 1381 1238
4767 4695 4694
4969 2232 4897
4983 4910 4982
3546 3402 3691
4621 4548 4692
4470 4543 4471
2447 2375 4967
1024 1240 1096
884 739 667
4481 4554 4626
1237 1452 1309
4613 795 867
2741 3242 3171
884 812 667
4552 4553 4480
590 374 518
373 301 374
873 800 872
4613 867 939
4549 4476 4477
4640 2335 4712
1671 1600 1527
3330 3402 3691
811 3549 956
162 234 90
1095 1239 1312
1095 1240 1312
590 734 589
2408 4641 4569
1022 1094 1023
590 589 517
4641 4640 2263
1527 1384 1312
896 824 969
4407 4479 4480
2408 4641 2263
1043 3388 3459
1016 1015 1087
4766 4765 4838
4765 4838 4837
944 943 1015
4912 4840 4768
5044 76 291
176 4928 5001
879 735 952
944 1016 1015
91 4916 5059
4549 4622 4550
1164 1165 1308
1470 1542 1399
4613 4972 4900
231 303 230
1237 1165 1308
3331 665 809
5044 4541 291
4696 4695 4768
3331 3403 809
4761 441 297
4552 4479 4480
4033 4032 1979
1600 1527 1384
4761 441 512
1043 3458 3459
2408 4497 2553
4625 4624 4552
896 824 319
1237 1452 1308
4549 4622 4621
4033 1980 1979
1188 1115 1114
2408 4497 4569
3330 3258 3691
1043 3388 3460
955 3693 3548
4334 4333 4262
740 668 595
4613 651 795
4261 4333 4262
4625 4552 4553
1022 1023 951
595 523 667
2269 4573 146
1044 1043 3458
320 756 827
1044 3386 3458
1164 1021 876
1022 878 951
896 318 246
15 5054 5127
15 5054 5126
1803 1731 1588
668 595 451
896 319 246
4983 5054 4982
4696 4695 4623
4549 4476 4548
4549 4621 4548
2052 4033 1980
596 668 451
231 230 158
2741 2669 3242
160 88 232
739 523 667
590 373 517
4697 4625 4624
231 86 158
1975 2303 2159
800 727 799
4688 4689 4616
4181 4253 1767
590 373 374
4624 4623 4551
2304 4969 2232
1896 3768 1679
376 231 303
591 735 952
3475 3764 3619
734 589 661
591 592 736
376 375 303
655 4760 4687
1168 1095 1096
950 1022 877
1166 1309 1238
4326 4181 4254
4761 4978 5050
591 736 808
3331 666 738
1095 1023 1096
591 952 808
15 14 5126
4034 2052 4033
16 160 88
4767 4839 4766
3331 738 810
823 751 967
4615 4688 4543
1043 1042 3460
1044 972 3386
4983 5054 5127
4696 4624 4623
231 87 86
3258 3619 3691
3331 665 3403
3240 2669 3242
800 727 728
3331 954 810
3186 3258 3619
3620 954 1026
733 734 661
879 952 951
594 522 378
1040 967 1112
1237 1166 1309
4761 5050 10
4839 4766 4838
379 235 452
733 734 806
376 375 448
811 883 3476
1023 1096 951
4181 1767 1839
655 656 584
4034 2052 2124
15 86 14
4107 4034 1837
805 733 806
2336 2624 2159
727 728 655
596 379 451
1024 1456 1240
4688 4761 4689
91 4916 4988
800 872 871
15 87 86
1875 1947 4685
728 655 656
800 871 799
1960 2032 2104
3475 3764 3692
1022 1093 877
952 1096 951
596 379 452
655 584 4760
896 607 318
235 380 452
3315 972 3386
235 380 236
2321 2176 2104
1975 2375 2120
3620 3475 3692
737 3042 809
2269 2195 146
91 5132 4988
4761 297 10
805 950 877
805 950 806
1116 1188 1115
3331 450 666
2304 2482 4969
4839 4838 4910
3403 3620 3475
665 737 3042
1237 1166 1093
4839 4983 4911
5044 4972 4541
1022 1166 1093
4553 4481 4626
2119 2335 4712
4839 4983 4910
5128 5055 5127
1042 3460 3531
375 448 447
591 447 592
3244 900 827
448 520 447
896 607 968
4761 4689 4978
4782 2261 4927
2118 4999 4927
1188 3744 3745
520 447 592
2118 2261 4927
3315 972 900
3244 3315 900
376 231 232
607 751 679
969 174 1186
5128 5056 5055
4842 4698 4771
5128 15 5127
2118 5071 4999
4984 4912 4911
2260 4782 2261
4470 4615 4543
2046 2118 5071
2187 4781 4636
16 87 88
4613 1084 939
5058 234 90
4696 4697 4624
5128 16 87
3403 3475 809
4470 4615 4542
3331 450 3403
1040 751 968
2046 4926 5071
2055 366 1983
3331 3403 3620
1040 751 967
5128 15 87
4553 4770 4626
607 751 968
4860 2304 2482
231 87 88
231 88 232
91 92 5132
235 236 92
4613 579 651
4769 4696 4697
3331 3620 954
1042 3602 3531
2260 4781 4782
3475 3186 3619
811 739 3476
4625 4553 4770
1188 3745 3674
4470 4542 367
2187 2260 4781
4613 4541 579
4913 4912 4985
4912 4839 4768
2321 1960 2104
2046 4926 1974
3240 2669 2524
4613 4685 1084
235 91 92
4912 4839 4911
2187 4636 4563
2119 4712 4856
4769 4841 4914
4998 1974 5070
2269 2125 2195
4913 4912 4840
2125 2195 2196
2125 2124 2196
4613 4972 4541
4860 2304 4932
4926 4998 1974
1803 1516 1588
174 1185 1186
4490 2186 4563
1959 1672 1960
4984 4911 5055
1188 1114 3674
4984 5056 5055
2187 2186 4563
4769 4625 4770
3475 3186 3114
3244 320 3172
3960 3888 2050
1114 1042 3602
1837 1909 2124
3240 2524 2451
1114 3674 3602
4842 4771 4843
1975 2336 2159
5057 5129 161
3244 320 827
1909 2125 2124
4769 4696 4840
1803 1444 1516
4769 4914 4770
4490 2041 2186
4913 4841 4840
2120 3888 2050
3912 1896 3768
2119 4856 5000
4034 1837 2124
4769 4841 4840
4986 5058 234
1974 5070 5142
4490 1896 2041
3475 3042 3114
89 160 232
4841 4914 5058
1975 2047 2336
2120 3744 3816
2120 3888 3816
1830 1974 5142
3243 320 3172
5145 3241 3242
4841 5130 5058
3475 3042 809
1803 1444 1300
17 89 160
4912 4985 5129
2119 5144 5000
4842 4987 4843
17 16 160
5056 5129 17
3240 5074 3241
594 739 3476
3240 2377 2451
4345 4490 3912
5145 5074 3241
5056 17 16
2047 2119 5144
4490 3912 1896
4912 5056 5129
3240 5074 5003
3240 4931 5003
449 377 233
5145 3243 3242
450 3403 306
1803 1300 1084
176 3243 320
2047 1044 1116
1672 1960 1528
4470 366 367
163 19 4987
4986 4842 4987
4931 2304 4932
4326 4181 1839
3240 2377 2305
176 5145 3243
4470 1983 1912
1830 174 5142
2047 1044 972
2047 972 5144
665 449 3042
3240 2304 2305
174 1185 1256
4326 1912 1839
1875 4685 1084
1803 1875 1084
4326 4398 1912
4470 4398 1912
162 3403 306
2321 1960 1528
1399 174 1256
2321 1528 1456
5057 233 161
4470 366 1983
594 739 523
1975 2120 3744
4841 4985 5130
89 305 232
18 4985 5130
18 4985 5057
3240 4931 2304
1975 1188 3744
1975 1116 1188
1542 1830 174
1542 1399 174
1975 2047 1116
2321 1024 1456
2393 2321 1024
2682 736 808
163 378 307
2682 2754 736
592 2754 736
2682 1024 808
2682 2393 1024
594 378 523
378 307 523
234 163 378
592 2754 2898
520 592 2898
18 5057 233
377 305 232
520 2970 2898
4986 163 4987
665 162 3403
521 449 3042
4986 234 163
520 3042 2970
665 162 90
18 233 90
665 449 90
449 233 90
377 376 232
521 448 520
521 377 376
521 376 448
521 520 3042
