2528
2456
2600
2672
2744
2816
2888
2817
2746
2674
2602
2530
2458
2459
2531
2532
2460
2533
2605
2677
2749
2821
2893
2965
3037
3109
3181
3253
3325
3397
3469
3541
3614
3542
3470
3398
3326
3399
3327
3255
3183
3111
3039
2967
2895
2823
2751
2679
2607
2535
2463
2391
2392
2464
2536
2608
2680
2825
2897
2753
2681
2609
2537
2465
2393
2321
2249
2177
2105
2033
1961
1889
1817
1745
1673
1601
1529
1457
1602
1674
1675
1676
1604
1532
1460
1388
1316
1244
1389
1317
3695
1173
1101
1029
957
885
813
741
669
597
525
453
381
309
237
165
93
21
5133
5061
4989
4917
4845
4773
4701
4629
4557
4485
4558
4486
4414
4342
4270
4343
4271
4344
4416
4488
4560
4632
4704
4776
4848
4920
4992
5064
25
5137
5065
4993
5138
26
98
243
171
316
244
172
100
28
5140
5068
4996
29
5141
102
30
175
103
31
5070
4998
5143
5071
32
828
756
755
754
753
681
682
683
610
611
538
539
465
466
393
321
394
468
395
322
249
177
105
33
5145
5001
5073
4930
4858
4859
4931
4932
4860
4788
4716
2410
4643
4570
4498
4426
5184
73
1
4644
4572
4500
4428
4356
434
4284
4212
4140
4068
3996
721
793
865
937
1009
1081
1153
1225
1297
3348
3276
3204
3132
1584
2988
2916
1656
2915
2843
2772
2771
4681
2700
4680
4753
1944
2016
2088
2160
2161
2233
2305
2377
2449
2521
2592
2664
2736
2808
2737
2809
2952
2953
3024
3025
3096
3097
3169
3170
3099
3028
3100
2957
3029
3101
2958
2886
2814
2742
2670
2598
2526
2454
2382
2311
2383
2455
2527
2599
2528
