634
706
562
490
418
4090
274
202
4018
3874
2290
2218
3802
5026
3731
5027
2219
2147
4955
2075
4883
3587
2003
4811
3515
4739
1931
2004
4740
1932
3444
4668
1860
3372
3300
1716
4524
4452
1644
1572
3084
1500
4308
1717
4525
3301
1789
3373
4742
3446
4670
3374
3302
4526
3230
4527
3231
3159
1791
3232
3304
4672
1936
4745
4817
2081
2153
2225
2297
2369
2441
5177
65
2585
2657
2729
2801
4313
2873
425
497
2945
3017
4385
3089
4457
1865
4529
4601
3161
4673
3233
3305
3377
3234
3306
3378
3450
3522
3594
3666
3667
3739
3812
3740
3668
3669
3597
3525
3453
3381
3309
3237
3165
3093
3021
2949
2877
2805
2733
2661
2589
2517
2445
2373
2301
2229
2157
5037
4965
4893
2085
4894
4966
2014
4822
4750
2840
2768
2696
2624
2552
2480
2408
2481
2264
2409
2337
4570
4498
4426
5184
73
1
4644
4572
4500
4428
4356
434
4284
4212
4140
4068
3996
721
793
865
937
1009
1081
1153
1225
1297
3348
3276
3204
3132
1584
2988
2916
1656
2915
2843
2772
2771
4681
2700
4680
4753
1944
2016
2088
2160
2161
2233
2305
2377
2449
2521
2592
2664
2736
2808
2737
2809
2952
2953
3024
3025
3096
3097
3169
3170
3099
3028
3100
2957
3029
3101
2958
2886
2814
2742
2670
2598
2526
2454
2382
2311
2383
2455
2527
2599
2528
2456
2600
2672
2744
2816
2888
2817
2746
2674
2602
2530
2458
2459
2531
2532
2460
2533
2605
2677
2749
2821
2893
2965
3037
3109
3181
3253
3325
3397
3469
3541
3614
3542
3470
3398
3326
3399
3327
3255
3183
3111
3039
2967
2895
2823
2751
2679
2607
2535
2463
2391
2392
2464
2536
2608
2680
2825
2897
2753
2681
2609
2537
2465
2393
2321
2249
2177
2105
2033
1961
1889
1817
1745
1673
1601
1529
1457
1602
1674
1746
1818
1890
1962
2034
2106
2178
2250
2322
2394
2466
2538
2610
2682
2754
2826
2898
2970
3042
3114
3186
3258
3330
3402
3474
3546
3618
3690
3762
3834
3906
3978
4195
4267
4339
4411
4483
4555
4627
4699
4771
4843
4915
4987
5131
19
91
163
307
4522
1642
1714
3298
3226
3154
4306
3010
1282
2938
2866
4234
1210
1138
994
922
1066
2722
634
