3438
3870
846
3582
4734
4374
198
2358
5094
270
4157
4085
4229
4013
485
629
557
413
4445
701
341
773
4373
2285
2357
269
197
4084
4372
1996
4300
2140
4516
484
556
628
2284
700
340
3868
1636
196
2428
124
1564
3724
3508
3436
3580
3364
3076
3004
5164
2788
2644
3148
3867
3939
267
1635
339
411
1707
4011
483
555
627
699
4371
2283
4226
698
626
554
1850
4082
482
4010
4081
553
1921
625
4297
1993
697
2065
769
841
985
1057
2353
4801
2425
4873
2497
1272
2496
1200
4872
2424
4800
2352
4728
1056
4656
2280
4584
912
4512
840
4440
2064
768
4368
696
1992
4296
4295
623
1919
4223
551
4151
478
4150
1846
1845
477
1772
4220
4148
4076
4004
3932
3860
3859
3931
4003
4075
4074
4002
3930
3858
3929
3857
3785
3713
3641
3497
3569
3425
3353
3209
3137
3065
2993
2921
2849
2777
2633
2561
2489
2417
4793
2345
4721
4720
2344
2272
4648
2200
4576
2271
4647
2342
4790
4718
4574
4501
4357
4285
435
291
147
219
2341
4717
4861
4933
5114
2412
2
74
146
4428
4500
4572
4644
1
73
5184
4426
4498
4570
2337
2409
2264
2481
2408
2480
2552
2624
2696
2768
2840
4750
4822
2014
4966
4894
2085
4893
4965
5037
2157
2229
2301
2373
2445
2517
2589
2661
2733
2805
2877
2949
3021
3093
3165
3237
3309
3381
3453
3525
3597
3669
3668
3740
3812
3739
3667
3666
3594
3522
3450
3378
3306
3234
3377
3305
3233
4673
3161
4601
4529
1865
4457
3089
4385
3017
2945
497
425
2873
4313
2801
2729
2657
2585
65
5177
2441
2369
2297
2225
2153
2081
4817
4745
1936
4672
3304
3232
1791
3159
3231
4527
3230
4526
3302
3374
4670
3446
4742
3373
1789
3301
4525
1717
4308
1500
3084
1572
1644
4452
4524
1716
3300
3372
1860
4668
3444
1932
4740
2004
1931
4739
3515
4811
2003
3587
4883
2075
4955
2147
2219
5027
3731
5026
3802
2218
2290
3874
4018
202
274
4090
418
490
562
706
634
2722
1066
922
994
1138
1210
4234
2866
2938
1282
3010
4306
3154
3226
3298
4594
4666
1786
3370
1858
3442
4738
1930
4810
2002
3514
4809
3513
561
4089
417
2649
345
2577
4017
273
3801
3873
2505
3945
2289
2433
2361
200
2432
2360
2504
2288
2144
3800
3944
3872
344
416
560
488
4016
632
3512
1928
4736
3440
704
2720
4160
2792
2864
4232
1136
992
2936
3008
1352
343
1783
3943
487
2503
775
631
2647
2575
4303
919
991
1495
1567
3295
4519
4447
4375
3223
1710
4158
4230
342
5166
558
5022
702
4518
3438
