3870
3582
3438
846
4734
4302
198
702
2358
4518
4374
3366
558
2430
774
3942
5094
5022
4950
4086
3364
1277
1638
5166
341
3077
3292
3076
1205
2861
773
1206
5164
1133
1207
3004
53
3510
3007
4590
3654
2935
1855
701
4446
1279
4949
3294
3005
2789
1495
3221
1349
4878
3508
990
3580
4445
2646
3511
2934
5092
989
4662
3006
3220
630
4229
3653
3436
1278
2572
413
3293
3798
2573
3365
125
342
3149
4735
1637
3509
3799
2718
4807
4876
270
1135
1061
1565
1134
991
1064
2719
1997
3726
1280
4447
4014
700
557
3943
1493
3655
1783
1781
1204
2429
3871
919
1281
3941
3583
4373
5165
1353
2788
4805
2790
196
4013
1492
4877
1063
629
5020
54
2574
1567
2213
3439
1351
3869
1276
775
4733
1348
1062
4519
4230
126
4948
1927
1421
5093
2284
1208
772
2501
4304
5167
631
4806
4377
1999
3009
3291
2215
4300
487
4301
3222
485
3008
414
4375
2359
52
1425
415
3581
1422
2071
2356
3796
4085
3295
3437
3153
1420
3652
4663
1996
2214
4588
197
3797
628
3078
3150
4015
486
2286
199
1423
917
1636
3080
1060
1709
1711
847
1494
268
4228
844
4158
2863
340
2503
3868
4879
271
3151
3225
124
2936
3147
269
1998
2791
2860
3724
3219
1564
922
412
3003
3725
2647
5095
2140
3148
4517
559
1708
2933
703
1000
2644
1925
4231
556
3507
4157
3657
1350
4303
1566
845
2070
2931
2932
2500
992
4589
852
493
127
2428
2502
3940
1497
2285
484
2141
2143
3081
3729
130
853
492
4087
2716
923
4732
928
1066
1782
1641
4376
2937
924
921
1639
1216
851
856
4372
3946
2434
4804
416
5021
1073
2721
1640
2069
2575
1713
3945
706
3727
2145
1780
850
3435
2357
925
1642
1853
4161
2068
4951
1570
1852
4450
59
993
560
2859
3298
51
778
634
996
2432
1144
5163
3944
1001
3223
561
3367
2362
635
784
637
714
3082
565
918
929
2862
930
4661
2287
3154
3152
2722
988
3363
1710
58
3226
2793
4089
4591
3801
786
707
1360
4521
2717
1072
849
4156
4593
3079
2506
488
4444
1419
1498
564
3224
712
779
2212
636
4516
4660
3874
705
709
858
5171
4012
1714
3584
4084
780
4232
5091
997
3297
3075
1136
201
3579
3155
417
3875
4592
1779
562
420
123
3873
3011
345
927
2360
916
3730
1854
1289
2505
3361
633
1203
3210
3872
2288
4159
195
3656
489
4016
3585
5096
4448
2649
3800
4307
4522
2715
2290
344
3426
1217
3010
4378
421
1352
1712
785
3354
2142
3802
1347
3651
857
1568
2645
2939
3947
627
859
2576
1282
4306
999
3658
3083
3369
3728
777
4233
1354
1499
5019
1074
2431
2073
3434
1131
4379
1346
994
2938
4947
1426
2218
2787
782
2643
4234
2289
1784
1491
632
1143
1427
4235
3498
563
3282
771
1145
5026
273
2864
2866
2144
490
129
3425
3368
2000
1211
2724
2577
2504
2072
343
1147
4155
5168
1077
4449
1926
2433
2720
1288
995
1572
200
1284
1569
843
3512
4594
3578
4881
1067
1275
920
1132
128
4952
272
4953
1218
1137
3351
3570
3433
1209
1786
4018
855
699
914
348
4520
3641
3650
2795
555
2217
1361
848
4305
2865
1139
4587
5024
3423
55
4946
3156
4162
708
3289
1212
566
2435
4380
3299
1076
4236
4017
4083
4664
491
926
1075
2642
3296
3370
3143
5098
494
1563
5018
1644
1210
3146
3353
4163
1571
854
1215
1274
710
419
713
2363
931
3281
483
3499
3569
3290
3227
1002
3424
4452
4515
2138
4736
704
1065
1293
3218
3779
2792
3279
1785
2868
861
2869
3287
4731
1928
1008
1068
4227
347
4955
3356
3505
2940
781
1081
3640
3851
4160
5023
2282
776
1080
2867
3567
3803
202
3639
422
4666
5097
1138
4299
570
2578
3084
3138
3712
1418
339
3074
2723
842
643
3497
2794
1148
2146
1005
3708
4088
1003
5170
4595
4011
864
2714
4371
3431
1355
3371
3441
267
418
4308
1140
1929
57
4237
915
3360
4803
1283
1069
3506
4808
1850
1004
3723
5099
2571
4880
1364
1500
4523
2216
2858
4514
787
1715
3440
4451
3659
5010
1995
3637
1213
217
3586
4954
3012
3783
3780
2438
1635
1857
2930
3513
3002
134
1365
3432
2075
3939
1059
3217
1142
3495
3566
4874
1643
1856
987
998
715
4443
1788
3795
3216
2355
3571
3575
986
698
3564
1221
2651
4658
2570
3568
3288
936
1787
1225
3209
4586
1923
349
2499
411
2361
3428
932
1554
1152
3496
1860
3638
3503
1153
933
144
2378
1707
2147
4154
3300
1356
4082
1428
4427
60
1292
3372
3514
4090
4875
4737
2796
638
2219
1214
1201
626
4226
4665
783
5025
1858
72
3145
3228
3504
3362
1009
482
1071
4738
4938
3144
1146
1922
2510
3563
3853
1202
937
145
3500
3352
3284
3711
4355
2941
2569
2211
2002
3492
4238
554
1285
288
4381
4370
4883
1510
1994
3707
3283
1930
2728
860
206
1149
0
5184
640
352
2498
1859
2427
1646
2585
3422
2490
5172
2650
3442
2872
3576
346
3207
2001
4153
3229
1150
4453
1490
62
3158
3635
423
1424
3784
1287
3373
3157
2641
4309
3355
4882
2436
2076
4659
274
1645
1219
1286
2067
4596
1220
1079
131
2074
4801
1078
1357
4164
360
3710
4442
50
3135
56
209
2507
3208
3085
1294
1718
4126
2364
4956
3350
3781
2786
2656
1290
4524
1716
3072
3128
4608
2496
2648
1861
2657
3280
1921
3709
639
4225
3420
2800
1789
3358
641
3782
1582
3286
1717
3854
1141
208
3713
2307
2283
3086
711
3588
338
137
1297
2354
2148
495
205
3577
3855
4671
5027
3642
2426
136
4740
289
2139
1573
3493
3923
2581
3443
4720
1924
4282
5162
3587
4081
789
4873
4945
266
3301
3948
1291
2513
4884
2579
133
280
4019
5090
3359
3071
934
496
4092
4597
351
551
1058
73
1200
2425
625
2568
2725
1501
4297
204
4892
5169
275
2582
4054
935
251
939
568
2291
5154
3444
4210
3215
3636
4382
753
3648
553
424
2584
4571
2341
122
4298
3502
549
3722
2809
1433
1778
2562
1070
697
3278
80
4809
216
3572
2580
4152
4151
2451
3574
2200
194
4668
3643
4525
138
1130
3419
4526
571
2379
3137
4753
1273
4802
4872
2508
1041
2497
3013
4312
4944
5083
1113
4313
281
1932
203
4741
1429
2798
2729
3494
3926
4574
4730
2512
2156
2586
1482
4504
4454
4717
567
4812
5100
3867
5156
3142
2727
3427
3531
2220
2870
4414
4499
2658
4356
2424
219
4791
1562
3230
1790
353
402
3214
1151
61
2961
3416
1272
2944
479
3140
3206
363
4647
1848
2602
1792
642
3213
3357
3302
1187
2514
2873
2509
681
2799
5161
1296
1083
4080
2942
2745
350
5028
3660
278
3501
4224
788
2366
2448
3212
5155
5036
3374
3160
4645
3856
1993
4584
2746
4503
2123
4426
3561
1483
2627
3429
4139
2674
3445
1432
4354
792
432
2744
2344
2797
4964
2442
3488
696
3231
1129
793
552
1358
827
3982
4667
3000
1011
1496
4575
3560
2353
4810
499
3647
2450
4599
3573
4789
3544
2875
3925
2196
2640
1775
4792
2604
1933
4669
4221
2653
1006
3303
4150
2006
478
2874
4800
4240
4719
2121
3532
361
152
4020
3515
716
867
4310
277
4198
3785
2376
481
569
1581
2437
3256
1438
1776
3516
828
682
865
2050
4866
42
3804
624
480
132
4428
4650
1940
4656
1436
4010
3649
4055
4283
2229
2227
3714
1851
4680
1223
4079
4222
2049
3565
2459
2305
2004
2271
4415
795
2122
1339
4869
497
796
1366
651
3033
2012
2391
1889
3763
2808
3328
2452
4296
3211
621
4223
1915
4053
4739
3400
5037
2659
2461
4748
4939
2003
940
291
4127
2033
2456
4091
4513
64
2235
4502
3417
2561
912
3533
2084
4576
1706
4486
362
2960
2603
3983
2306
4600
4456
66
2226
2802
330
2228
435
2880
1430
2605
2963
3136
1918
290
2817
2530
2816
4527
292
296
4822
30
2672
4007
2726
4752
2292
1186
2599
3491
2675
4342
4646
2801
2272
756
1241
3073
1703
147
2654
3159
5035
754
4487
2157
3032
1368
4501
1128
3911
3446
3460
3602
4078
1295
2676
4820
4814
2889
315
3518
1224
3459
609
2280
4648
2677
840
3465
1222
2532
2066
4965
2748
3817
3472
2380
644
4431
3889
2460
2871
5178
106
4778
2389
1931
5017
3345
5041
1935
4560
5109
3129
1961
394
721
2083
3646
868
770
4864
5082
279
178
2105
2947
4432
4357
2377
3001
3107
1992
2014
4868
862
1169
4893
4670
1484
1863
4976
3461
1847
3674
3034
653
250
1257
2528
4811
3816
4165
4293
3347
2464
2857
2458
2155
2415
2533
434
4455
2
4199
899
2962
49
3161
4052
2419
1227
723
1242
1057
2699
1862
1774
4286
3517
2600
210
3838
550
3537
5174
2888
3375
4676
3604
3327
4125
1777
1183
1502
462
1817
2130
2673
2536
2529
2411
4819
2308
4214
3014
44
2392
4891
4797
3865
2929
4270
4843
2707
2440
4500
4363
4271
2457
395
611
3745
608
3910
508
548
2752
2824
3534
1942
1385
5011
3673
717
4138
5133
2891
4675
475
1919
2587
3031
4742
265
4825
649
2531
3399
3609
1849
2420
63
3852
4294
3205
276
5084
1698
4867
2343
648
2078
4678
3610
2199
3675
2011
4885
3820
2421
4311
4989
2381
863
4220
2750
2065
4681
3603
4343
3320
2295
4212
146
576
65
1574
4632
4488
2281
3731
4673
4963
3617
4975
4988
1
1256
2708
4211
3536
2601
3762
3681
3530
4890
3752
477
3273
2678
2390
2423
4239
3389
2749
539
755
2525
720
3108
1344
4285
1844
2747
3753
2952
1042
5173
148
3682
74
207
2492
2534
79
218
1367
2823
387
3458
3111
2928
5038
317
507
3747
4528
2367
652
1114
2652
2462
4957
1754
3105
2890
4292
4923
2416
3035
4289
1007
3732
4559
683
4369
43
1633
4295
1340
4796
3644
4643
2704
4850
769
547
1082
610
3179
1411
239
4922
3543
5029
102
3104
3065
2383
2319
4077
3110
1314
3421
5086
2064
4831
2743
4927
2299
2081
243
4897
3924
4966
2085
3819
1682
2412
3311
1110
1683
2632
4531
323
768
337
4585
498
9
4512
3329
2005
4995
3471
4361
1846
5141
425
4863
322
3793
193
2413
283
2342
4799
2785
4959
4193
3633
5138
31
1010
4968
3676
4977
3272
4704
4093
2527
1745
2195
4368
3255
175
1112
1322
3866
2815
4750
5139
1719
2365
2999
1155
3462
99
3182
2124
2013
5101
355
1720
5067
2635
2751
1313
2606
5177
4009
5121
2887
4067
2368
3605
3348
389
2892
4672
312
436
409
2818
5060
4197
3615
2563
1702
2233
2385
2351
433
2441
3589
2137
2803
3326
4438
5142
3616
3394
4435
3907
3835
4440
168
913
2270
4718
2417
2268
2463
8
324
1845
1656
4049
4149
2279
282
3183
538
98
826
4849
2370
2959
408
3979
2495
2088
4894
2300
1185
3038
93
2198
3748
3618
3996
10
4940
1393
240
1681
3388
460
2567
3981
5143
2671
2439
3995
4437
1467
5066
1934
4903
3248
5079
2737
3395
3794
3744
5047
2236
3178
2736
1437
3611
5081
4200
1916
4284
1457
3909
3233
4871
4070
1795
1485
179
5040
3998
2564
2819
3176
4631
2634
3608
4743
1394
1199
3466
1865
101
4705
3746
3473
3601
3691
3539
224
1939
1920
4141
4783
4344
2665
67
1539
5072
5108
4213
4729
3109
1540
3457
4813
1115
1111
2232
2418
2455
2742
1791
4069
2847
4702
2154
167
2161
5085
4604
2386
3257
695
4215
3919
2313
2633
3383
5012
4128
4915
1603
4269
3063
1184
2821
1704
2267
2387
2680
1826
2248
3600
2345
2679
4649
5016
1466
3039
3169
5103
2515
4895
2660
1979
3754
3382
5181
5114
2655
1369
4573
2296
3538
383
808
2293
82
3702
311
4999
4832
2967
2491
4774
3134
3467
2583
2449
244
368
3991
2822
2966
364
3321
4855
3896
3619
2337
3837
2320
1701
5176
4727
3037
4341
1250
2520
2384
2877
2371
2298
4886
1626
1312
396
5031
2194
4994
3103
3099
24
504
2958
2245
2946
3938
4655
724
1359
2048
4862
171
410
1458
2101
3180
1321
3831
2104
1459
3824
1755
1753
3391
336
5000
4629
3232
3239
4937
3112
476
2223
75
4358
3141
676
3897
623
3250
2521
2247
5179
2352
2053
3834
3680
4008
464
76
2103
3825
5107
4351
4429
2080
2943
3759
21
5135
4644
1872
5132
2713
1345
1531
3390
3980
3997
172
4577
225
3181
4633
4413
1039
1043
29
4529
1917
2702
4776
4134
5070
1989
911
3927
2893
3238
384
3876
94
841
4747
3040
536
1974
4412
2160
1255
3106
5110
2894
3529
4036
170
5175
114
4601
4751
1508
246
2479
2029
3323
4340
135
2045
3908
572
579
1182
1509
3171
1431
604
1251
221
3672
1384
2230
5122
4793
2489
4744
468
1705
2453
459
2964
2261
4056
984
2077
2915
4728
3906
1362
77
2820
1395
4721
3892
971
2079
4708
532
2051
247
2607
4287
3402
606
645
3606
3464
2190
4935
3242
3251
316
3474
4485
1610
3036
2098
1673
27
2968
2535
4962
237
2598
2700
149
5140
3177
4777
622
4498
23
2896
3836
354
1700
3087
2175
686
2666
5062
3275
2032
4630
2373
1868
3254
4578
3393
2149
985
465
4265
1902
3041
790
5034
680
3100
388
2008
2082
4460
3545
2172
2957
3850
4856
3630
2730
3028
4974
5042
3527
3201
5078
2058
4366
685
1097
5113
3204
3540
3184
45
4958
4771
2234
1899
4851
2771
2703
5039
4706
5136
2511
1538
5071
4969
3895
165
48
1632
4626
3839
1867
529
5073
2242
2100
3689
4967
4830
5030
4628
1941
121
2738
4022
153
115
4785
4037
1634
825
4367
461
3252
5119
5069
4194
5106
1465
4904
2414
4142
1611
2443
2339
4365
4430
1991
542
96
211
1608
3918
2158
5068
5120
3319
4467
2151
3132
4137
264
1536
2948
103
5048
1555
2027
3387
4833
5089
4122
321
1055
4436
2486
953
20
474
2608
3755
2302
5111
1440
4929
3322
4066
534
4998
3558
5144
1328
1561
3857
1981
4857
2825
2297
4795
3249
1025
3688
3645
5001
4987
4541
2028
2806
1160
1756
3396
2493
4698
22
3690
2201
4991
1839
70
5059
2488
4928
3964
3968
4207
3401
2881
2153
3463
3590
5112
4570
869
4433
26
7
4605
3535
3893
3447
2405
3469
4530
2681
5131
620
1843
3903
3489
4865
951
580
1323
694
2955
2965
5118
4268
537
2191
2128
335
1937
2007
2661
1084
2775
1269
2382
263
3542
5061
4035
1864
612
2388
3818
5006
1239
4847
393
4746
1299
2318
407
4686
84
2422
2096
3185
1096
1240
533
2731
2882
4143
4990
677
530
2954
2338
2208
3832
2244
1520
3821
1537
4062
427
3612
3775
313
1969
581
1439
5153
2372
2174
1056
455
2311
4495
4505
3317
4441
4993
1973
2814
4854
3786
467
3891
4557
3937
4943
1898
2273
3715
4598
3706
95
3547
1441
1612
2897
173
2062
4416
4196
2945
4815
4861
1988
2895
238
3969
4782
245
2523
4921
3760
757
3541
4936
1530
4639
5046
1301
2988
2061
2317
4918
3761
3677
3392
2444
1986
1770
1154
2636
1598
3386
166
3101
3133
4
3826
2454
1456
2312
4934
2127
2630
2177
4133
470
2733
3999
3963
4123
2777
4722
2739
4657
4272
900
3718
1188
2173
5157
2189
4360
2950
4050
1528
2705
4710
2043
3385
1526
895
28
2774
4703
1300
3398
2314
3890
3253
4566
3607
1943
1957
4821
5050
3921
2592
458
5063
3696
454
3614
4466
797
4798
3847
3139
3989
1327
1449
750
4818
3203
32
3397
1911
4511
531
1870
749
4364
2631
186
1254
3888
2348
898
4887
5137
5065
5151
4905
5049
5014
385
2176
3683
4561
5158
382
2333
3324
390
3098
297
2221
220
1977
2696
4288
4790
2168
1793
81
3687
2810
2524
1271
758
3833
3090
3170
3088
3965
2369
2916
505
1556
2225
443
4135
2205
1987
2559
2340
3766
139
314
1907
4846
3905
2593
3029
4824
3949
968
3733
242
1252
2710
967
4051
4167
3936
2805
1601
3015
3030
5
3318
2709
2265
4816
1910
1170
3961
2044
1838
406
2009
4677
2551
1454
228
4063
2350
309
1583
2782
2522
4140
4121
2407
293
2086
4902
143
156
1609
97
4711
3016
3967
3774
678
506
2555
1685
1912
92
2135
100
5180
2246
4638
2206
2885
164
4713
3470
577
1614
2301
405
3692
2309
1363
5064
25
1512
2099
526
2898
2060
1413
3022
4021
2781
4920
1249
605
1320
1972
1303
619
1375
4482
456
2953
4508
3113
1167
1453
2956
3097
1757
1773
4941
3898
3805
1840
2010
3830
4039
970
4124
1248
2349
4775
3247
1398
3894
1560
2054
3984
2332
650
2264
1827
2670
2553
3546
386
2207
2015
3827
1447
1386
4567
3526
2844
223
3966
4554
3258
2465
466
679
2476
2701
4148
3528
2404
1469
2202
3172
3310
222
1982
4507
3285
3064
4383
1525
1518
4558
2315
2597
6
2609
1410
83
2482
1098
5134
68
439
2164
4749
3758
4145
1311
2163
4916
3849
2539
1038
1434
241
2294
4888
1037
3
535
4206
4556
226
4278
3468
4997
78
540
1305
4603
1744
4192
4845
2494
2949
2150
4338
1825
111
85
901
457
4942
3168
3928
1486
1980
4700
1602
4784
3899
675
258
4068
4823
2560
3846
2483
1686
3026
1901
5104
3454
5150
1324
2552
319
2969
1897
2133
4699
3175
1990
295
3863
35
1023
3027
1584
2031
4848
1412
4788
3062
3705
184
2170
693
866
1461
4509
1529
4960
3599
4794
12
2951
2970
511
894
1517
116
4627
2732
169
2316
174
4038
2886
4359
5088
2240
1879
614
3060
4925
603
294
1728
1684
2712
1592
39
1971
2753
38
4400
1593
2477
2402
599
4071
2167
140
3325
1387
1108
1156
4786
839
941
2991
4773
151
3990
4900
2193
5116
248
1012
1736
5159
4701
3993
1024
751
4896
4065
2843
3757
359
820
2059
1468
1026
1371
5008
2811
1116
4195
3922
1960
1944
4926
4932
1675
71
1377
1828
4434
5013
2125
5117
1158
5009
463
4572
150
4281
1380
1938
3962
1304
183
3978
3304
1310
1796
3314
5160
2262
1181
318
1445
446
4166
47
4725
969
615
4563
3634
1231
320
1521
4032
3767
819
1392
503
1503
2243
887
1586
2171
3970
4168
2920
1772
426
3764
4061
1771
1970
3751
5015
2526
2706
881
1604
4992
2239
4653
2410
2016
4439
3902
1908
1665
736
2804
1651
4048
381
4787
3024
4917
2169
113
938
104
214
1914
1829
5102
1388
646
2249
4259
4859
1824
229
598
1809
1680
5033
2129
3829
2637
4763
1666
310
1127
1095
601
4817
684
575
4889
880
1664
3102
2304
2237
2565
5105
2846
2400
1647
1983
1382
1699
527
4205
1325
1226
966
3061
403
1956
2594
2667
1900
1040
509
4844
4094
1168
1936
3685
891
192
2826
1659
1460
4267
11
1532
1157
4724
2558
1794
3678
4108
2883
2767
3901
1372
4337
3167
1234
112
2409
398
2516
3749
1397
2117
4759
3684
2263
2162
19
1869
3975
574
3162
2813
2625
2669
1816
647
284
2537
821
1588
1752
236
3904
3456
1524
1396
1913
3720
1885
722
1464
1379
2768
2663
3717
3679
4973
4484
1243
4144
1230
2878
1605
1179
4651
1866
1984
4674
1815
4033
748
810
4291
4110
2241
256
2091
367
1909
4120
4256
437
2126
438
3241
4755
3686
3598
5115
876
452
2848
5007
878
4006
4980
1951
5124
2919
1607
4494
4919
4636
4394
3977
3777
2623
3277
952
4328
2754
1326
1088
3069
3661
3243
4331
1740
4119
2638
4399
972
4583
3950
829
1527
4182
2840
3430
3716
1319
3971
1414
3992
1244
3973
809
1587
4279
397
2192
1955
573
1599
1765
328
287
4277
2118
541
4652
3960
2210
2023
2855
4209
1451
36
4899
2209
4410
4712
1533
3765
1672
882
4714
767
1575
4764
1662
2478
1519
3721
4780
1383
2906
2116
155
1448
817
1504
5183
2222
69
4411
1034
2030
2087
2026
1374
141
2275
1808
2089
1228
3976
4353
3067
4924
525
2152
2120
3490
2879
1435
5147
4539
518
1676
1238
1247
3613
4580
2908
889
215
5075
2090
2734
1534
2466
4961
3703
1600
3900
1842
746
366
1013
308
1178
4350
822
404
4901
4930
1253
1107
3994
3823
4327
4757
4217
191
1450
5146
2566
4260
2695
4654
671
735
5152
4191
1800
4582
2063
249
3070
1657
442
2024
2406
2093
4828
3455
766
543
1177
440
1027
613
2547
5053
4978
4045
2639
3173
3330
2276
4538
1044
5052
2690
2839
4064
2990
3017
3864
2480
959
469
4836
4266
1836
1302
2321
2481
2224
2784
2776
964
2102
1317
1749
4041
4216
1245
4754
515
578
1171
2856
1522
1099
4581
517
365
1797
2393
1085
3453
2484
5087
334
4204
2095
528
3525
1978
1613
4979
3452
2266
3828
4726
1229
1674
5045
2618
2197
661
4465
4853
4772
1091
794
4255
1106
892
3094
1511
2132
2884
255
3487
3316
4858
1316
4870
983
1033
4118
4349
4687
380
5125
2467
1036
2250
1381
4348
2335
2159
1950
4183
2591
893
451
961
2278
1670
3276
600
3315
2445
1232
5032
1597
3313
1811
4933
747
4257
512
2042
471
445
725
602
5182
2403
1235
3245
2628
1270
4637
2518
888
669
823
4781
2545
142
1342
1677
3237
356
5003
3756
2807
1594
1723
814
4510
4555
3843
4072
3972
1516
2269
4264
300
4715
664
392
2694
1343
4187
3787
1985
4362
3309
1830
2331
3021
1818
4339
3548
2927
2346
252
830
3025
2487
306
4564
1820
1958
1376
2780
4393
1886
13
674
5126
4931
2619
4971
2052
1100
3877
4907
326
2589
5080
4770
1092
607
1880
4047
1268
1887
3917
4290
1579
1109
2838
2347
1309
3670
667
5123
2624
1727
371
1399
2057
4483
2310
3987
2374
2588
2998
2055
2473
4352
332
4095
4422
1746
262
2134
1748
4709
2329
1489
3451
4474
4254
4758
1373
4544
877
401
1595
4409
1631
2683
2094
91
187
325
4109
2188
227
1515
1658
430
1542
3349
1959
4537
2259
2017
3750
2106
2557
3246
3519
158
4996
1298
3114
2303
2330
327
1462
2629
1743
1541
1591
4860
4040
2260
663
1747
1488
1890
2548
213
544
1737
3844
670
46
4492
4179
1884
1678
4679
2034
965
1172
3935
719
687
4602
806
807
3186
1679
4457
3974
2258
2517
3380
3236
1093
4395
2334
765
4829
2204
2984
1341
3916
672
4842
1035
4756
4745
2691
3859
4185
117
1952
4640
1417
1767
4506
4779
1389
2336
1668
1523
4060
3096
5149
230
4042
4113
4489
2556
523
879
4276
4852
4546
453
2018
2544
1161
589
2735
1807
2989
2912
3476
4908
1180
4421
1086
3057
942
4336
2836
4723
358
1878
4180
3384
1087
286
1535
1159
875
3791
1837
4218
4906
4760
1094
3166
588
4716
662
2985
2166
5002
3845
3523
1724
1661
3700
4385
331
3671
1442
738
2772
718
1415
2203
304
369
815
1882
3858
1019
745
502
1965
14
1166
2910
1758
587
302
818
2741
2092
2186
1893
374
3376
4619
3840
2992
2019
744
2711
2913
1470
1176
212
2474
400
2595
4280
4252
4614
301
2119
1308
3414
4251
3174
4034
1888
3768
86
583
949
3988
307
182
4618
3822
3790
2041
2812
3860
2025
592
4569
3042
232
501
157
2327
954
1650
3018
2834
1891
4324
333
962
2097
235
2689
3308
1233
3059
4616
2231
673
1741
4241
2762
514
1020
1669
1391
759
4253
3929
373
5074
4105
1841
524
743
3694
1021
1455
3054
3127
120
4641
616
617
447
4565
1671
2394
2764
963
4634
2611
1031
3920
4136
2980
1198
2475
4689
3734
1463
3202
3307
1514
3778
4275
2136
742
4046
1652
1814
4107
3336
1443
4837
1416
1892
1507
1267
4982
2257
1452
4691
4497
4322
2398
1513
1813
1306
4401
107
4177
3743
2755
1014
473
1653
1906
1165
4111
4425
2783
1559
4114
2693
1735
3200
519
3475
5077
1954
379
688
3662
1738
3381
188
2399
546
5127
3848
4176
1976
4184
816
1742
1022
119
1307
813
692
1660
2773
1444
1812
177
3620
3772
3244
1032
4545
3240
4493
4329
1446
3274
4258
3056
2740
734
2664
2274
2981
1768
1585
1580
1017
582
2977
4203
4910
1819
1734
3120
3486
897
378
257
595
2446
110
3379
1162
4188
254
732
890
802
3055
1750
1506
3789
4707
5145
3305
3704
2181
3235
2322
41
329
1590
154
399
5051
4547
4263
3951
2546
4043
4024
1557
2408
4835
2692
4190
181
1964
2021
2113
4074
1806
824
586
1821
1949
431
1769
1090
2779
2538
2114
886
441
4635
1596
791
1576
3403
3597
4005
1798
3914
591
3562
1015
3019
3344
522
2056
391
1962
2485
4096
4827
874
3418
2918
4683
666
1946
1766
4972
4685
4181
3346
3776
2022
3915
1016
4323
4044
1726
1945
303
4464
947
958
1236
2688
3126
4075
590
659
2180
1315
1810
4423
37
2849
731
4568
516
1589
2046
1739
730
2543
4384
1164
3089
3693
4112
1883
2185
1258
3931
2853
1733
176
4620
161
668
159
2550
883
4684
298
1105
4397
902
3621
4838
4059
4250
2165
946
4473
2622
1163
4186
584
4392
2108
4386
2549
1729
3049
1655
2765
428
2617
370
2924
2621
1390
2827
658
2238
657
896
3806
1237
3197
910
1667
4472
1896
837
4617
4826
4004
4408
545
2760
3695
520
2620
105
3023
3862
372
2471
597
3719
948
4579
2769
4481
4023
585
798
1630
2038
4471
3669
1953
3631
1663
4146
2662
4330
950
2697
3448
3932
741
3524
253
4532
2035
1881
803
3404
2178
4115
4219
2251
1627
726
733
4898
1378
299
2131
3596
4981
943
2109
3068
1173
3878
109
4325
3052
3263
2917
973
870
448
960
955
2036
4132
3958
3050
2037
2876
4402
2472
2761
4076
3234
4606
2107
3886
510
4533
472
4332
88
163
2993
3415
2470
34
4117
1721
2187
2115
1966
5043
2983
4320
4403
5004
2668
1089
90
2852
4106
4642
2766
2395
5076
375
1654
3312
5148
4398
3861
2519
805
1648
2616
3788
4000
4692
4562
4468
1905
4387
3771
1877
831
3165
1722
305
838
3934
2835
2256
3770
1028
2596
2254
596
2401
3912
233
118
4131
3125
444
2277
33
4834
3264
2328
654
5044
160
2763
1175
87
3119
2682
4326
1835
3131
3066
1963
4480
1624
185
4178
285
2911
2995
1246
1318
1104
1628
4765
2851
3632
4542
3048
4073
1578
1894
3343
2978
108
739
4424
5054
4420
261
4690
740
1947
4208
234
1030
4003
4475
2982
2375
1606
760
40
3930
4396
3269
594
4909
2255
3121
729
4202
3058
764
4001
2110
1822
2047
4417
1126
190
3879
4314
2252
4613
1968
1616
3952
3265
2182
4248
3698
4970
4458
231
4104
3792
656
3559
15
1805
660
2979
450
804
1334
689
2926
2040
691
957
259
1370
3195
1799
3198
4612
1801
4762
4147
618
2854
260
4262
376
1697
1262
1018
1875
2447
3773
3377
3740
1577
3591
4347
1649
3191
3093
4002
3130
799
2554
885
3815
1117
1471
2590
3408
4249
982
4130
3199
2923
2323
4321
3306
2183
1054
1625
189
2020
2832
2997
3933
3663
500
377
3957
1731
974
2612
1823
3741
1688
4057
4274
1751
4335
2904
801
4169
2184
2905
4058
513
3842
2397
2326
2759
1053
1505
2987
2909
1732
4548
3887
4333
3378
2976
1101
4551
1487
945
871
2903
180
3668
2996
3522
2039
2179
3742
3629
2541
3807
2925
3270
1547
4623
2922
5055
3557
909
3595
1687
4911
3342
2837
1475
2684
2830
2542
1333
4491
4693
2112
3986
2899
3885
1544
3192
1725
4553
4694
3841
1876
2833
3628
3193
4682
5058
4419
3124
4189
3334
2468
1558
1948
4983
2324
1174
2907
89
16
2975
1695
4479
2973
1029
4543
4477
3701
162
357
2610
2253
3959
3123
3271
2626
3739
2613
4116
3813
4030
2396
17
4496
2686
2921
3051
956
903
4404
2994
449
3814
3735
4476
3699
737
4986
2469
4490
655
812
3053
3449
3164
3268
2841
872
3095
3335
1103
2831
1102
3450
1873
752
1045
2325
4550
3047
3622
2845
1190
728
4766
2111
1629
1617
3520
5130
4261
836
3020
2615
3769
2902
3521
4914
3196
3913
3549
2974
2971
1694
3480
429
727
3880
4768
1197
4459
3122
3407
1125
975
1759
832
4407
1904
4621
5005
3341
811
4029
3736
1047
1196
1696
3163
3190
3043
1189
665
4406
4334
1803
690
3485
3267
1804
5129
2687
4552
1874
3808
884
3812
593
1191
1051
2698
2850
1764
1261
1119
3045
1903
800
4840
3331
1619
3117
1048
1967
3592
3627
1402
4478
4624
4418
3118
4345
3666
4695
3406
1871
3626
1834
4625
2540
4405
1052
3667
1895
2986
3556
5056
4536
3046
908
873
4622
944
981
1730
2757
4097
4839
4767
2828
1406
3884
521
1802
4549
1123
1332
2685
1046
2778
3555
1615
2901
4175
1404
907
4346
3985
3413
3594
4031
3551
1832
2756
1403
980
2614
3262
1545
4697
3483
763
1472
1407
2829
1550
5057
3811
3266
3091
1118
904
1478
1405
1335
1546
4129
1476
1401
1479
3664
1263
1473
1474
1618
761
4103
4102
3552
4607
1124
4761
833
1336
4688
3412
3044
3697
2972
835
2900
3259
1122
1761
4985
2758
4462
976
4615
4391
1689
3340
3337
3479
1264
834
4609
4027
3115
3883
3953
3738
3956
1477
1331
3478
979
4247
3188
1548
1120
1620
4696
762
3955
18
905
4611
1760
3187
5128
3665
3332
1409
1195
3623
4610
1763
3116
4201
4469
1408
1481
4390
3260
4098
3189
3261
4025
4028
1194
3194
3593
4841
1553
1338
978
4912
1975
3810
1543
3092
977
1692
1259
906
2842
3554
4101
1833
1690
1762
3882
1050
3737
1623
4242
4245
1691
3339
2914
4913
4317
1260
3625
3409
4099
1693
4769
1330
3881
1266
3410
4026
4273
3954
3484
1622
4463
4174
1192
3405
1621
4984
1549
4540
4319
3338
4318
1049
4316
1400
1551
2770
3333
3411
1121
4389
3477
3550
3482
1265
4470
1831
4243
4172
3624
1552
1480
4535
4244
4171
3481
4100
1193
3809
4173
1337
3553
4246
4534
4315
1329
4170
4461
4388
