2317
13669
28784
15507
24329
6277
23469
12836
864
11817
17574
24628
12111
28017
15939
6542
1541
16686
13926
5499
10432
1651
15475
20477
28653
13269
3662
10557
28162
15158
12584
692
5480
7151
19549
28804
20543
374
10668
2153
15839
16573
18531
12454
12681
12086
15012
29282
8481
29954
6396
17969
23433
18518
12104
3281
6735
28334
9894
3012
13467
26817
6027
17074
14025
24311
26808
22810
26839
401
11245
24174
18029
8606
7250
27445
23143
21006
12930
25955
25909
5501
5345
19000
3898
28366
8007
18303
22437
4997
29488
9469
15766
13418
16052
28427
7164
13139
8969
8616
12302
28309
9564
6919
13943
23323
2538
26014
16275
21095
12479
9543
11845
20956
28792
2377
1795
26811
9309
21053
1858
8036
29413
24462
17460
13100
9838
11916
17977
7889
1322
29952
8247
11635
16914
26966
22591
15202
2051
28318
10837
194
29064
14202
4960
18171
25358
1387
29688
2277
23873
2243
27597
8960
10234
17163
16086
14058
29781
7905
14271
14339
18756
471
22386
4952
29974
5431
14235
4483
25461
19527
11596
24959
3155
9411
4413
29713
25125
1323
16744
29467
21138
18651
11992
8388
11484
10723
13528
21895
17262
29280
9087
23948
7659
12339
27230
26355
23293
13914
8671
28768
5662
18023
8296
17225
11525
11033
10852
7129
28302
6699
2178
6738
27320
4158
376
10582
12900
15174
19872
205
16420
17807
11751
5386
7544
28483
18170
29369
10899
1829
458
4249
18724
17579
16852
21008
23532
2945
7443
5654
8475
18335
1375
1951
6310
22310
22898
16615
28887
24349
29499
5660
10859
19808
20936
15564
13036
23254
22930
587
15355
24105
8164
6442
12695
27096
1899
4604
13338
12841
3605
27782
29609
27525
16541
15437
27973
14956
22998
11606
1081
4401
18816
10298
26167
19534
25622
24090
21467
27573
27069
961
8537
4268
24684
16140
11412
5405
21681
25803
8225
5978
13419
5132
25673
3203
20761
811
9363
9705
5041
23359
25002
633
28010
10270
17624
9815
6162
6301
18318
21983
5258
20516
17648
13190
12715
186
7691
3181
20664
26828
25259
1673
21783
12076
8584
175
8437
18259
20155
16059
16493
21381
15321
21793
9412
465
27628
19627
24084
17899
29945
19726
6201
12102
10610
601
13208
15098
15716
2198
15751
467
6833
4862
11354
28264
7713
29196
12692
964
22352
13014
13537
10013
25207
4410
10743
18167
148
2650
16861
10735
13809
18628
15180
17105
1004
16341
656
10615
18456
36
11077
17707
14595
13005
720
7836
9466
5299
25745
7494
642
8109
6734
19039
16510
15298
3396
11425
2988
23771
4704
12772
756
17070
3581
213
20702
25948
7639
14188
13495
10646
19998
11332
10803
16962
20537
20990
5514
1057
7911
16613
28433
25451
23194
7001
3254
20575
15420
7281
7134
28975
5825
23779
29787
22521
13973
25755
1888
2013
3964
27898
25857
2330
6413
8102
19312
21398
9944
28692
11487
16777
15765
21453
24523
29780
17934
16957
24692
810
24539
1341
6652
2148
3109
23219
11303
14516
9410
1189
26019
25970
9386
13159
5833
8920
3901
15539
8175
27112
23403
14315
25874
14490
23733
14402
5236
28057
7267
25086
20058
12426
3969
634
5157
22928
26898
7590
5334
26263
13613
14952
20447
9844
2637
4193
6786
20223
23945
23597
3268
25952
16228
21420
10141
26824
25770
23175
8084
26309
1158
18249
18990
1927
12481
5476
7476
16023
1880
24545
4484
3146
7282
10854
10874
4522
13657
4138
27810
8731
9880
9713
11114
23022
200
2274
22458
1320
29033
12055
27211
6607
4499
14676
24874
15578
6807
24984
27416
16656
10708
9558
4357
9535
10479
13013
13595
3874
10316
29075
13828
3404
18449
17777
11614
1398
24503
8303
11356
15386
16944
26235
25129
24362
9587
26008
27535
23581
1934
1728
26453
8424
21480
18752
12132
10120
26724
25557
21259
27308
6074
16326
14973
20439
24799
12867
8847
11210
28173
4688
27720
24920
3583
21158
2788
12570
142
11646
20765
29946
20571
9755
19809
19536
5059
21405
25896
4863
1150
14568
15644
4116
12971
4684
15645
21098
29126
10953
22476
26927
28548
26027
8611
19452
23085
25646
9116
13187
8953
7970
12945
3215
7072
8565
19075
19794
21573
21598
13646
12113
2619
28438
15101
5484
26982
4610
20040
12366
19215
16051
14066
14110
29169
9330
22756
2569
26557
25330
17465
27216
485
4160
9306
19984
149
5143
23192
10692
18604
14349
10030
13405
433
11842
20435
4339
23224
23266
3864
6105
11408
27493
16058
13043
21651
19192
28441
17531
18710
24561
9229
20434
4796
425
2881
10379
4822
28369
26199
26344
19027
14664
24850
9620
745
1155
15413
17737
27341
4373
21644
12219
3883
24585
26106
19489
14797
8458
4178
29043
1052
14992
7391
2556
19372
6504
29028
16973
10031
13617
5549
11537
18116
1407
3831
12552
2762
5188
7993
14762
29079
2050
84
150
1297
21835
28150
24080
15713
9418
321
23642
226
29566
22088
28341
10240
16305
21599
15128
23101
29006
14095
26640
18670
5231
23815
12397
10123
19387
24555
24851
13540
11490
3785
19799
17080
15338
10180
23421
11986
5791
1391
17507
10873
19833
29976
15841
15394
5705
911
14528
1069
16291
9889
4567
7241
12242
16455
3574
10198
11697
25800
24963
11618
1603
10583
20613
27241
4516
19338
12925
1882
25438
2424
11250
21179
18039
14643
12828
10218
24042
12027
23944
11060
24543
2671
16745
14777
14328
17520
23648
27859
27119
2452
14290
27148
13118
17258
29987
29353
20463
21151
6240
4953
5842
28129
6370
27180
1692
17910
14874
116
20308
19461
5759
17681
9542
12411
17725
4267
6892
11981
9322
14458
19730
9817
11829
6424
17944
15775
5275
288
1224
22704
27366
27305
10889
27432
29454
13969
302
405
20658
22839
20339
27864
26812
4149
10949
19539
1664
16290
12270
361
25392
6264
18788
25871
2717
28823
4495
26632
18776
23096
11200
16452
2467
15931
23340
480
10395
14293
11450
10678
21342
23858
10795
9205
25168
3913
6929
23632
2159
7348
3451
15020
6985
779
16504
28812
8604
19431
12100
11881
22811
16454
17479
1000
18479
21914
1649
1457
23257
7641
25362
8354
23999
4713
13054
26864
2317
