25687 22978 19047
21062 1898 22510
12235 17332 22660
18800 23839 29307
19575 10540 3856
13469 21062 1898
13573 19854 24375
23336 14513 10225
29411 7553 20031
4874 3500 2197
20924 15423 19915
15874 24576 23501
4561 3498 6548
23429 2876 8181
22893 18431 5899
14464 27613 1279
15423 22123 19915
29140 28001 15866
6625 26120 19709
26120 19709 11360
18257 1694 1843
7553 18221 20031
24549 8235 26940
19987 29683 73
11514 6625 26120
13438 22893 18431
14971 23277 22509
652 14335 12667
4671 25846 21672
15383 28254 21466
484 4026 24588
2025 20762 11775
16660 13592 769
29411 7553 18221
5163 15031 21700
388 3498 6548
18369 4078 22632
12035 18054 1891
19008 18369 4078
14118 1061 28986
24910 5163 15031
3595 26574 15762
1568 13667 4360
16314 9574 28678
19091 19378 8329
27236 15134 27575
13347 2428 26448
19709 11360 6214
8555 17866 17033
7856 10823 9094
8690 6407 4284
9593 1722 28461
5163 21700 17399
15031 21700 17399
29683 4575 73
11874 21324 873
20462 9765 3826
16607 16904 12709
18353 20128 13348
8690 4284 4563
21466 8146 18106
19008 4078 11360
18690 18500 9594
23868 4912 8449
25588 23593 10867
25216 13427 28015
25593 1175 12639
14257 9765 3826
2470 29208 3928
20924 15423 22123
7820 26855 18549
20988 20231 21206
1175 12639 18984
23382 1235 10162
21687 13766 21506
28254 21466 18106
4081 23871 18159
9277 16207 15373
13766 21506 25216
20757 12373 6271
7820 26957 18549
2747 14118 1061
5064 18672 14869
9440 26957 18549
6112 4959 16145
21506 25216 13427
19854 24375 24859
21716 18348 3814
23817 10380 9136
21572 4231 1996
10921 8490 11267
13001 3595 26574
28481 12316 16009
16273 8975 19085
22510 1343 6214
2755 1146 12601
21506 16771 13427
9016 4959 16145
5895 9016 16145
8449 18348 775
22510 19709 6214
28106 23593 2952
25629 8669 6636
23871 28243 18159
14971 19634 22509
8449 21716 18348
17573 3928 10346
15679 652 12667
6112 29166 16145
13427 28015 13972
1898 22510 19709
16951 13713 8716
4912 8449 8365
18350 23379 11827
25083 2218 6524
14325 4959 4551
29628 22311 12937
15340 23817 10380
8449 8365 775
3148 14464 1279
28851 19987 73
13469 1898 19709
19008 26120 11360
23412 15340 23817
20962 18800 29307
4029 13209 22383
5895 29166 16145
12835 4831 17793
3428 19866 25667
18690 9594 18353
23348 16667 18660
9473 11889 5522
2128 23593 2952
23888 21779 22461
11514 19008 26120
11851 2652 7021
18491 28851 73
11267 28484 13713
8690 4563 1988
25588 10867 8590
20093 771 8496
16474 29266 4101
28771 5895 9016
25917 29961 9607
771 8496 28454
23663 27858 26917
23889 3060 1343
26574 15762 23889
5411 23762 8746
2428 20345 26448
26926 27236 15134
12531 5813 28712
15635 21689 7264
3805 25808 9519
771 28454 19038
16711 2128 2952
20962 29307 2909
8146 18106 22383
19126 14254 13245
11267 13713 8716
20795 12235 22660
27017 1014 19085
705 7382 12778
1988 22123 19915
11004 16419 4369
11851 10783 7021
15874 23501 19602
1522 13810 19120
20724 13330 13004
25791 1722 28461
2255 13994 20128
4745 388 3498
25791 9593 1722
7800 23429 2876
769 2827 24069
18221 4745 24024
14524 6112 29166
3928 10346 9675
1035 9999 7807
17763 9473 5522
15846 19423 24087
21324 873 27337
23379 11827 16027
6787 6525 9492
13941 24549 26940
3222 23868 4912
27206 11029 22237
9594 18353 13348
6525 22625 9492
1838 17055 27362
23684 19277 16204
18798 19992 927
11267 8131 28484
27716 8199 12739
19163 2805 5012
7587 2652 7021
27716 26674 12739
3675 13438 8823
10797 17573 3928
2747 1061 28986
19920 29086 26793
4029 22496 13209
10921 11267 8131
29313 9356 17793
18463 21410 22773
13294 19163 5012
28817 22660 29411
17596 9339 22577
25339 8793 20160
23501 13592 769
26920 19793 817
14102 5203 11757
28952 27021 5754
24508 24633 23230
28865 21525 5115
29620 16400 29682
5841 20988 20674
5336 26841 11052
2321 8641 21867
5813 28712 22508
16707 20832 3814
20795 28817 22660
20196 27280 6019
12800 14965 2282
28693 8222 20267
1395 4536 4406
25954 26460 3229
1395 4406 28740
29086 26793 29626
16204 4912 8365
25517 13500 26422
29140 4174 15866
6407 4284 6132
20988 20674 21206
771 8460 19038
28771 13321 9016
13198 20988 20231
10733 20462 3826
1623 27433 15410
8590 23888 21779
23004 23336 6124
13556 10733 13569
10797 29208 3928
13061 13825 10209
9339 22577 11314
11629 16314 9574
1277 1566 24318
1838 27362 9366
5588 13198 20231
4078 22632 11360
22935 28592 4561
20054 4322 29081
13401 28395 18638
2470 3928 9675
4671 25846 27248
6112 4959 4551
19932 29855 17766
23336 10225 6124
7587 7021 19634
10032 11874 21324
1623 27433 19010
29313 1660 4831
13343 15234 22679
19602 23129 2827
18221 20031 3571
27021 5754 3218
29313 4831 17793
10225 6124 23081
2506 4414 7670
28952 5972 27021
13667 4360 23277
25687 19047 5840
20267 12531 28712
5522 21509 28828
4284 6132 4563
19932 2470 29208
8928 15928 28204
8496 28454 27637
13347 2428 20345
10032 3619 21324
18301 26079 1172
22578 9712 5435
22660 29411 20031
10476 25334 5173
17033 15383 21466
14096 7800 23429
18690 18353 20128
27325 7303 24269
1623 15410 20525
19575 3856 3048
13286 1566 24318
21746 19932 29855
20128 13348 23647
27575 12316 16009
7820 26957 26855
28275 1568 13667
4511 25334 14356
19126 1239 13245
5798 23829 26396
15762 23889 3060
25714 9343 17836
24447 18500 9594
8131 13556 13569
13438 8823 22893
28084 7856 9094
5813 22508 3764
23181 18060 2255
24324 20924 22123
14421 7870 25120
13994 20128 23647
28952 5754 3218
30 15588 8930
23545 28450 20038
8975 1014 19085
14118 28986 7445
10588 4671 21672
4509 16717 9699
10162 17672 4226
4745 3498 24024
10783 7021 19634
12835 4831 13972
28484 22858 13569
28566 24447 3334
18642 27433 15410
9830 17369 16363
8131 28484 13569
8641 13001 3595
7845 15874 24576
23902 8345 4317
13321 1465 9016
18339 18364 13794
2025 16534 11775
6132 4563 1988
20054 8270 29081
27575 16009 27358
287 20024 24275
1623 19010 4308
12083 17632 6004
13343 15234 24715
20729 5571 5446
14760 4327 29637
21062 22510 1343
8641 21867 3595
1623 4308 20525
2464 18369 22632
24232 3048 2254
9339 11314 26926
15307 23684 16204
2504 16274 6132
1235 10162 4226
14257 9765 4360
3060 1343 6214
5841 13198 20988
3764 10225 23081
7269 9137 1681
28481 16009 27358
19277 16204 4912
10206 16273 8975
11889 5522 28828
4777 12986 25787
20693 4081 23871
3595 15762 3060
12606 18161 28608
8423 8580 7304
29683 4575 9136
19602 769 2827
13984 5764 15309
13348 23647 9675
14118 7445 15169
2470 23647 9675
22660 20031 3571
12458 14325 4959
18966 20369 8448
8496 29474 27637
22496 13209 22383
18885 3735 22258
4029 18106 22383
4394 14609 5688
2128 25588 23593
29889 21509 24785
17951 13573 24375
23501 19602 769
28484 13713 22858
17332 22660 3571
28481 25202 27358
8146 28634 22383
26797 28865 21525
20832 21716 3814
225 21860 25122
14971 4360 23277
18060 18690 2255
28478 1274 22508
6741 3735 17047
18690 2255 20128
10733 27556 3826
5433 6140 12606
21704 27882 13794
24217 7919 15340
26214 12639 18984
17672 4226 2315
16607 5398 12709
17763 15467 5522
21572 4231 46
22632 11360 6214
13286 1277 1566
24910 6140 15031
9054 9247 8889
6124 23081 7634
4511 1035 14356
25084 13766 25216
20345 26448 8690
19069 23929 17545
22216 1838 12885
10701 12329 16175
20267 28712 22508
9576 13768 5967
15340 24427 10380
11852 21213 17143
6798 2128 25588
17866 17033 21466
15166 21550 26020
29637 1955 18798
29229 13699 25084
24566 6284 8429
28566 24447 18500
9593 28461 16483
11462 27199 2321
15014 11657 10701
17585 24649 26002
18221 3571 4745
28395 25732 18638
19423 24087 12885
7800 1955 2876
3485 7587 2652
5474 18675 19342
24087 10410 12885
22632 3060 6214
6787 6525 22625
5841 13198 20674
12835 13380 13972
25120 15513 20160
25593 1175 18984
29474 27637 15322
20231 4561 21206
80 29254 27125
9600 9440 26957
8975 1014 28090
3500 2197 11629
15925 10396 17103
21687 25084 13766
15679 22978 19047
18648 7269 9137
13257 17212 9082
7003 6402 17582
6132 1988 19915
26002 26118 1879
5972 27021 10206
19120 11314 13371
2434 21746 19932
21704 18339 13794
5522 29889 21509
16951 1153 8716
9593 9094 16483
9999 19008 18369
26892 4081 28740
28481 20804 25202
1449 13001 26574
15010 16871 15283
6181 5798 17453
23537 14274 3950
5397 19920 29086
2288 13343 24715
17763 9473 11889
16771 13427 13972
13560 24910 6140
25791 28461 22935
29471 29229 25084
16740 16951 13713
24411 23545 10658
769 24427 24069
21858 6882 7893
21704 27882 13573
24340 12458 14325
26079 21280 1172
23473 25791 9593
9892 23889 1343
6132 20924 19915
23181 2255 13994
3669 18585 5840
8121 21818 27543
5397 19920 26793
9892 21062 1343
5433 11238 12606
6729 1694 1843
6181 5798 26396
20231 4561 6548
16771 13380 13972
11238 12606 28608
19118 312 28202
10032 6004 11874
18966 1996 20369
10823 9094 16483
7269 12310 14765
18885 6741 3735
8669 6636 22530
13469 6625 19709
11217 19091 19378
9699 13254 21854
8690 1988 22123
10738 19326 14613
20263 1522 13810
12373 6271 19703
5588 27693 16309
13825 10209 74
20913 18301 26079
12778 13321 1465
4081 28740 18159
22031 23382 1235
22311 12937 2943
16717 9699 21854
16660 769 24427
15199 12403 29140
6140 15031 12606
13380 29855 17766
15467 5522 29889
20693 23871 28243
12636 23902 8345
25593 18437 12639
25593 18984 6008
24586 21091 8114
6464 18491 28851
14421 5627 22183
10733 13569 20462
28015 4831 13972
17573 775 10346
28693 20267 22508
22625 9492 24441
9438 10376 8631
9999 2464 18369
9588 4070 7634
19120 22577 11314
22578 5435 11503
11217 19091 8329
16740 18944 16951
2627 2770 16873
8305 1185 15354
703 26405 26797
24447 3334 11928
12403 29140 4174
20231 388 6548
9999 11514 19008
2406 18247 22530
11407 9312 8252
20489 13560 31
24785 7398 18147
8252 5411 23762
8270 29081 27013
11278 29961 9607
23412 23817 9136
14257 14971 4360
28693 28478 22508
16309 4745 388
15925 17103 15466
8270 27013 23835
8365 17573 775
22935 4561 3498
24150 17369 16363
8977 27121 16293
12723 16869 16008
8114 11851 10783
7652 6441 16274
4980 28678 11676
5203 25234 11757
22164 13424 23136
23473 9593 9094
27857 29996 13186
14257 14971 3826
18339 18364 8086
9438 11706 13045
19932 17766 2470
1035 14356 7807
16309 20231 388
26283 9802 18897
20043 5197 24427
28084 23473 9094
20345 8690 6407
1274 22508 3764
10588 4671 27248
10783 19634 22509
703 26797 28865
4777 12986 17024
18147 12235 17332
775 10346 9675
5588 16309 20231
9999 7807 11514
28234 9942 28200
1465 9016 4959
27556 14971 3826
26283 18897 13988
14609 5688 24758
17560 22969 10352
7289 11775 6271
7919 15340 24427
12800 14035 14965
3738 28853 12190
19495 12126 23233
27882 13573 19854
18185 19987 29683
24715 25202 27358
9684 25623 4072
25808 2775 14102
7304 20369 8448
21882 20093 8496
17099 21324 27337
7382 12778 4591
25106 18800 23839
14356 7807 1299
4174 15866 17864
20015 24715 27358
27575 20015 27358
4406 28740 18159
26883 15120 22381
28832 14965 2282
6595 17099 27337
18437 10476 5173
9108 11312 7992
10410 22216 12885
11706 13045 8631
24630 28958 27975
24649 26002 2324
10783 23277 22509
23061 23444 15828
1838 12885 9366
3935 13624 22036
4231 18966 1996
18185 29683 9136
10476 4511 25334
12942 18984 6008
7732 11625 5173
25192 4983 21908
5764 15309 2655
20043 7919 24427
6249 7269 12310
13862 28583 28811
24447 16707 20832
8746 16483 11234
18348 775 9675
8855 24359 3474
12531 4070 5813
23057 23909 26060
9438 11706 8631
4946 6547 18370
18648 9137 1681
12145 10915 239
7991 15205 15307
6674 27239 26679
26976 28481 20804
1955 18798 19992
25808 9519 2775
7807 1299 11514
20196 27626 27280
332 19693 5071
11498 6787 22625
13810 19120 13371
11889 29676 28828
8423 1996 7304
18585 19047 5840
5197 16660 24427
12942 6008 15941
4702 5981 12204
18810 23929 6412
7845 24576 23501
13348 3814 9675
21300 19563 2846
16740 13713 22858
12035 1891 20790
13862 28583 20899
16667 18660 2434
3649 27325 24269
29871 19229 21014
20249 9018 2288
436 13941 26940
18642 18054 1891
26002 2324 1879
24217 20043 7919
27150 27206 11029
28090 3485 2652
8114 11851 2652
1996 7304 20369
3500 11629 9574
18348 3814 9675
16483 11234 25234
14947 29313 9356
20795 11928 28817
18810 23929 17545
19013 19326 14613
19854 24859 24630
24427 10380 24069
7678 19013 19326
10929 10783 23277
14278 22246 10114
18642 1891 15410
24150 17369 17951
25234 11757 20674
16585 8811 20200
23888 4591 22461
17866 21466 8146
10380 9136 24069
438 23004 6124
16707 13348 3814
20377 19664 6707
11007 10608 9227
13331 18642 27433
15132 14491 666
21746 13380 29855
4327 29637 1955
20574 21200 5266
7893 8739 8546
6798 25588 8590
21346 3636 4557
438 23004 23336
12778 4591 1465
1891 15410 20525
6595 873 27337
17672 26674 2315
1465 12458 4959
8590 21779 8889
29871 19229 5740
19854 24630 28958
11657 10701 16175
18527 23426 24276
23545 10658 20038
18966 12636 8345
11928 28817 29411
20574 21075 5266
23348 16667 10797
14356 6112 4551
2770 29266 16873
24605 20043 5197
21779 22461 24340
21509 24785 18147
239 24324 22123
2288 20015 24715
969 16865 5479
26920 9766 817
26266 26682 5186
26976 25917 20804
16740 5479 22858
19992 927 9312
28254 4029 18106
16904 25732 18638
9428 3710 8101
22164 18409 23136
2411 12496 27121
16667 2434 19932
28583 28811 20899
12572 9860 3266
15466 8423 8580
15122 13862 28811
18147 3571 3531
21704 18339 8086
4308 12305 20525
27936 8715 7845
12472 12083 17632
1465 24340 12458
15009 20704 13909
18147 17332 3571
22381 14464 27613
14356 1299 4551
22949 586 46
16027 28771 5895
12800 12544 2282
15356 19163 2805
14124 19575 10540
27826 19417 3903
6896 27325 7303
7289 16534 11775
24217 23412 15340
27250 2856 26214
13984 5764 2655
4705 10608 19762
15466 14983 8580
21908 10915 239
13560 31 13712
19871 13469 21062
9519 2775 14102
6882 7893 8546
9018 2288 13343
1312 2025 20762
14462 4525 9278
29676 16774 18576
2492 28012 19151
14102 11757 20674
14918 25593 6008
11407 7756 8252
19793 817 22879
17570 29292 5208
24443 20776 14513
18524 20600 11644
6464 18491 23129
9574 28678 11676
12669 8977 27121
5336 11052 13769
9054 8590 8889
28461 22935 28592
28832 14035 14965
17143 27433 19010
8029 19056 16989
4777 17024 31
18491 23129 2827
4575 73 2827
3675 8823 969
19871 9892 21062
13897 28952 3218
22949 21572 46
12572 13334 3266
28477 11875 11278
8114 10929 10783
19408 20196 27626
5435 11503 861
27236 27575 20015
27017 19085 7398
10672 20600 11644
13768 5967 20256
11278 25917 29961
14096 7800 1955
18944 16951 1153
1955 19992 9312
24447 11928 20832
24447 9594 16707
18810 6412 7756
8423 21572 1996
11869 8555 17033
25106 23839 29307
18257 1694 8460
16740 11462 18944
5512 8125 13699
12310 14765 3590
14421 25120 15513
23762 10823 8746
2434 12835 13380
25192 4983 11875
24000 28032 2568
4575 9136 24069
17841 14168 16708
10608 19762 436
19871 27975 9892
25334 11625 5173
9870 19062 18648
4575 2827 24069
18648 6249 7269
20200 26214 12639
8125 29313 1660
7893 14253 8739
8546 12562 4468
6004 11874 873
18522 23919 1460
4983 11875 11278
4327 14096 1955
28106 23336 14513
74 13257 17212
25787 22238 13331
28204 1184 5840
28566 18690 18500
14918 6008 15941
8429 19269 12220
29397 13897 28952
7382 6798 4591
12059 13958 26973
9438 15120 10376
9594 16707 13348
24586 8114 10929
9860 11706 13045
1277 24318 6595
16274 6132 20924
16774 18576 27693
22984 6464 28851
21704 17951 13573
20731 11407 7756
22605 24508 23230
18463 8682 22773
2434 21746 13380
14256 19693 5071
743 12351 5340
22461 1465 24340
15199 29140 28001
4070 23081 7634
14274 2735 3950
14524 5895 29166
4231 18966 12636
10823 8746 16483
18491 73 2827
7756 8252 23762
12723 16008 7515
15031 12606 17399
16607 16904 18638
4591 22461 1465
9776 5108 11644
86 4509 16717
8490 11267 8716
6595 9082 873
6798 8590 23888
5577 13059 15208
18522 2161 23919
7756 23762 10823
16204 8365 17573
20731 18810 7756
21871 5163 17399
21200 5266 16186
21550 26020 26656
6412 7856 10823
27858 26917 5097
8544 20832 21716
8811 20200 7732
16667 10797 29208
16667 19932 29208
1319 12599 4359
5813 3764 23081
22263 21346 3636
28478 1274 24443
16740 11462 27199
12220 5398 11664
9247 8889 13469
10608 9227 13941
15778 19175 10461
6412 7756 10823
20731 18810 11407
27250 20200 26214
4980 16314 28678
20747 23057 26060
5967 20256 14124
23593 10867 20776
25506 27636 27239
14947 12942 9356
8029 13769 16989
1274 14513 10225
17161 6568 8637
15132 14491 26306
21867 3595 3060
22605 17239 24508
4144 3954 27032
22031 23382 10162
5108 21301 12331
8580 7304 8448
23902 13737 4317
3805 25808 14102
22511 19069 23929
1274 3764 10225
14421 15513 22183
2735 3950 15122
28450 20038 5541
1299 14325 4551
3636 3783 4557
10347 27052 28115
15928 28204 18810
27017 1014 8114
11278 9607 269
8977 16293 2506
24785 19085 7398
18185 23412 9136
22238 13331 18642
2434 12835 17793
1235 26656 4226
9519 5411 8746
5433 13712 6140
2492 11433 19151
7398 18147 12235
19689 9003 1663
23868 8449 21716
22692 8121 21818
28461 16483 25234
14168 16708 6402
28084 6412 7856
17024 31 13712
21779 8889 24340
10608 436 13941
6407 2504 6132
14356 14524 6112
18364 28693 28478
4070 5813 23081
10209 74 13257
13127 14253 8583
2655 24411 23545
27882 19854 28958
22848 10342 20139
4397 25080 18700
6547 18370 5094
24566 8429 12220
16585 27250 20200
1184 18810 17545
17887 23537 14274
3950 15122 13862
16708 7003 6402
28204 1184 18810
19378 8329 17733
15874 19602 23129
12496 27121 16293
19871 9247 13469
434 28835 2571
26674 2315 12739
15925 10396 8556
29676 28828 18576
7145 20693 4081
22400 3954 1534
16774 5588 27693
3571 3531 4745
2161 23919 4514
11238 28608 24630
25506 6674 27239
22277 2529 20218
14947 8125 29313
18966 8345 8448
7888 29397 28952
135 6457 14609
7145 26892 4081
26639 25339 8793
20377 6707 29471
29900 15166 26020
2896 28645 17099
1449 26574 23889
2856 26214 12942
20757 11775 6271
22605 17733 23230
5219 5798 23829
1955 2876 9312
1274 24443 14513
13560 13712 6140
8809 28032 2568
8977 2506 4414
8029 5336 13769
26214 12942 18984
436 8235 26940
20489 13560 24910
10237 28084 23473
10929 4347 23277
20747 1624 29553
8955 25016 11261
27199 2321 21867
24449 24000 28032
27297 14821 6110
1014 28090 2652
26855 18549 11783
12967 22511 28084
21882 8496 29474
11007 9227 13941
6877 287 20024
11234 5203 25234
13897 3218 13737
20638 3148 29803
9860 3266 13045
21224 23220 607
24304 18350 11827
5798 17453 24752
25334 11625 14356
11869 17033 15383
26973 675 24146
13369 28450 5541
20249 9018 3774
6798 23888 4591
16774 5588 13198
19013 14613 3903
2406 22530 9511
24586 21091 8544
19378 5618 17733
16865 5479 22858
1670 12373 2838
3774 7652 6441
3649 6896 27325
28541 15234 22679
4391 15132 26306
11869 15383 28254
28853 7888 12190
135 4394 14609
8544 11928 20832
27556 14971 19634
11142 705 12778
4317 3485 7587
16871 22578 11503
11625 14356 14524
28106 23593 20776
25192 21908 10915
13257 9082 873
23929 28084 6412
2411 12669 27121
10376 27613 8631
13886 10808 19908
26709 22578 9712
2086 29086 29626
1312 2025 16534
16309 3531 4745
18002 25083 8954
5148 27716 8199
9805 23057 23909
16871 11503 861
1751 11869 28254
1014 8114 2652
19277 3222 4912
11462 2321 8641
3233 18763 14918
23909 26060 12278
11928 29411 18221
8544 23868 21716
312 28202 2461
11007 4705 10608
24304 11827 16027
26448 8690 22123
17864 19126 14254
434 4262 3921
6271 4648 19703
26405 26797 22593
1522 19120 22577
2876 8181 9312
7845 23501 13592
16273 24785 19085
8544 3222 23868
24586 10929 4347
20200 18437 12639
27613 8631 1279
13941 18585 24549
11462 8641 13001
10461 27250 2856
25106 29307 2909
13699 25084 25216
3675 7991 969
24490 13213 27278
14255 17189 27705
6882 8546 12562
17024 29312 13712
15941 18660 2434
17841 14989 14168
18533 17560 22969
8490 1153 8716
23684 19277 28275
13091 15356 2805
7005 20126 7737
26079 21280 14256
8121 24276 23749
3148 1279 29803
18364 28693 8222
19069 1184 17545
23201 11498 6787
21918 7888 12190
23381 2559 12305
10995 27766 8955
9054 24443 20776
10995 27766 25936
16892 23919 1460
1624 29553 25670
14947 5512 8125
24318 6595 9082
19047 24549 8235
7991 15307 23684
21509 28828 3531
8121 23749 27543
22773 25714 9343
12752 9277 16207
3954 1534 27032
24758 21346 4557
2559 12305 20790
27766 8955 11261
11321 10342 24588
14947 2856 12942
21867 22632 3060
18576 27693 3531
12059 26973 675
5512 29229 13699
21509 18147 3531
18002 2745 8954
10461 14947 2856
28275 3222 4347
2492 8855 28012
11238 24859 24630
10263 965 5697
17766 2470 23647
5108 11644 12331
21867 2464 22632
6729 18257 1843
16175 22605 17239
21091 20795 12235
17951 24375 24859
21091 8544 20795
8889 13469 6625
13994 17766 23647
8305 16718 1185
13737 4317 3485
1891 12305 20790
25623 4072 20913
24586 3222 4347
28454 27637 15322
28303 4579 11433
12974 319 20747
22511 23929 28084
8669 22530 9511
18585 19047 24549
13331 17143 27433
2529 20218 8793
29929 9712 5435
28275 13667 4347
16264 20724 13330
1395 26892 28740
25917 9607 20804
27693 16309 3531
8329 22605 17733
1891 12305 20525
9519 8746 11234
13667 4347 23277
17585 13459 26002
8181 11407 9312
11657 16175 22605
17103 15466 8423
26656 4226 2315
26709 29929 9712
15743 8072 5972
17527 10579 29491
24586 8544 3222
28106 20776 14513
22277 2529 8793
14708 1312 16534
15520 8555 17866
25083 6524 15892
17596 1522 22577
29714 2627 16873
28865 18004 5115
24517 27636 27239
26079 14256 19693
19013 1141 27826
9054 10867 8590
18161 28608 24630
8730 15972 21882
29199 7160 14570
20913 26079 19693
13294 5012 7158
11076 22625 24441
9598 14109 6896
15513 22183 14254
17631 12264 1807
21300 2846 11142
19866 25667 27536
19118 312 12049
29115 14388 18305
24340 1299 14325
23181 13994 17766
13941 3669 18585
16186 28256 8107
13369 23545 28450
12636 23902 13737
17189 26500 15185
5899 21867 2464
12967 10237 28084
5433 11238 24859
22984 6464 23129
15309 2655 24411
12606 17399 1153
13401 16607 18638
5957 29668 4527
927 9312 8252
9054 10867 20776
7870 14451 25120
13780 15010 15283
21525 5115 2598
10206 8975 28090
3871 11278 25917
14983 2326 8490
16027 28771 13321
13459 26002 26118
28835 9108 7992
18364 8086 8222
19175 10461 27250
21860 25122 14421
16711 2952 438
29628 12937 6340
23061 24197 946
14256 14864 5071
28106 2952 438
12373 2838 19703
28828 18576 3531
24649 2324 15778
25623 20913 18301
27165 27297 14821
17143 19010 4308
26448 239 22123
14102 11234 5203
22679 6441 16274
9018 13343 22679
15679 12667 8235
23953 10547 1707
28106 438 23336
25322 18301 1172
25158 29714 16873
22692 12368 21818
705 7382 6798
18370 26747 28862
15679 19047 8235
4359 12310 3590
14983 10921 8490
9584 16900 8421
3783 4557 24388
4113 4705 19762
8544 20795 11928
19481 24688 2368
24318 17212 9082
434 3921 2571
22263 24758 21346
28477 3871 11278
29900 26020 19666
13699 25216 28015
3334 11928 18221
12942 15941 9356
14918 15941 18660
7289 6271 4648
11140 2504 16274
18002 25083 2218
434 28835 9108
9278 1670 2838
3438 13598 26534
8125 13699 1660
9492 10352 24441
319 20747 1624
4231 46 12636
13708 17342 20638
5219 5798 24752
23061 25106 15828
26973 6877 24146
1449 9892 23889
2838 13764 19703
26682 5186 5663
13624 22036 4308
18002 9117 2218
22935 3498 24024
22277 26639 8793
3636 3783 24388
11793 13984 2655
28204 3669 5840
10871 21295 13369
21687 21506 16771
946 29676 16774
10540 3856 8199
13624 4308 12305
21871 2326 17399
19269 12220 11664
4648 13764 19703
23379 16027 5895
24146 287 24275
20747 26060 29553
3188 23201 11498
1312 20762 15520
29628 22311 2943
11644 12331 409
13213 28395 25732
21410 22773 9343
16433 18185 23412
27975 1449 9892
19269 19745 22993
26317 9870 18648
16204 10797 17573
4253 14765 3590
4980 23300 11676
23322 14109 24551
4557 24388 29624
21213 17143 4308
20899 29181 4359
21410 26920 19793
1330 28962 18252
21266 1670 12373
19013 27826 3903
13897 12636 13737
21213 8556 22036
19229 21014 26118
28835 7992 2571
24706 13127 16560
1035 9999 2464
7515 24706 16560
11852 13331 17143
6056 18522 2161
703 28865 18004
16585 8811 7732
11076 7158 24441
25106 946 16774
13059 15208 7404
10342 24588 20139
1660 28015 4831
17342 20638 29803
17733 24633 23230
25339 25120 20160
2161 29996 4514
9519 14102 11234
16740 5479 27199
10299 29848 11142
3233 13438 18431
18437 7732 5173
22263 14609 24758
13624 23381 12305
11462 1449 13001
28477 25192 11875
12967 28782 10237
19277 28275 3222
13500 26422 225
1170 3843 7415
8337 484 4026
215 23835 19870
4253 14765 24752
15120 22381 27613
15743 5972 10206
5688 22012 24758
590 27362 9366
1838 22879 17055
12095 19361 9576
19269 19745 11664
332 1807 5071
28665 28018 7742
17763 24197 11889
10857 24605 3774
12967 22511 19069
20762 20757 11775
22400 5740 1534
24605 3774 20043
13061 13825 74
8977 25846 21672
11498 11076 22625
11029 22237 26892
10808 19908 29900
27863 5064 14869
7999 5239 12190
28853 8072 7888
10857 20249 3774
29254 2755 27125
12599 4359 3590
28064 13614 14873
15307 16204 10797
3774 7652 20043
21300 10299 11142
18161 24630 1449
23061 25106 946
18247 6636 22530
29871 22400 5740
17632 6004 13257
15513 14254 13245
27017 7398 12235
9802 18897 12174
15208 7404 19433
3218 13737 3485
2770 29266 4101
20200 18437 7732
3871 26976 25917
15120 10376 27613
25234 20674 21206
16771 13380 17766
21871 24910 5163
2896 3619 21324
16981 16419 2943
2326 17399 1153
23322 9440 18549
2896 17099 21324
23953 9934 10857
25192 12145 10915
9584 8421 7305
7587 27556 19634
319 5585 1624
13614 16400 29682
8855 28012 3474
16871 15283 861
18409 8591 7404
1642 8789 12144
12723 7515 24706
6004 13257 873
8928 28204 3669
28634 22496 22383
3334 18221 24024
14421 7870 14451
16865 28275 1568
15941 9356 17793
27052 6896 7303
13858 13780 15010
26060 29553 12278
2747 11592 28986
21858 7893 14253
24340 1299 11514
29553 4375 12278
23444 25106 15828
135 607 4394
13958 26973 6877
14604 5474 19342
18004 17239 24508
22390 1751 28254
13858 25534 15010
4579 11433 1370
9278 2838 13764
11029 7145 26892
13958 29220 6877
2506 16456 7670
5115 2598 24633
19185 872 10871
1170 20555 18675
969 16865 28275
17055 590 27362
24630 27975 1449
14255 27705 20724
7515 1995 16560
21491 28202 24757
18560 10995 8955
28234 9942 21491
4317 7587 27556
14604 5397 19342
10237 18060 18690
13459 21014 26118
20483 23919 4514
2086 20555 29086
18678 6729 23829
3169 16906 18565
892 8730 15972
16711 5097 438
21213 22036 4308
927 8252 5411
15941 2434 17793
5168 25080 872
18678 23829 26396
8889 11514 6625
2326 8490 1153
2747 14118 13136
21704 17951 8086
20483 16474 4514
26500 14462 9278
12562 4468 2598
24197 946 29676
21918 7888 23300
28461 28592 25234
20704 13909 14972
10738 2558 14613
17369 17951 8086
4781 12059 13958
15846 19423 5663
28324 27239 26679
14035 9830 16363
15849 15846 24087
3216 23768 23392
22012 4557 26460
23909 4375 12278
29553 18087 25670
21224 135 607
9018 3774 6441
3233 18763 15205
19871 9054 9247
29620 1697 5064
24197 11889 29676
21200 16186 28256
7678 10738 19326
20399 24044 3067
9018 22679 6441
7888 28952 5972
18678 6181 26396
13127 16560 8583
20913 332 19693
16027 12778 13321
8101 20899 29181
26770 12562 5618
29620 5064 18672
1995 9776 5108
25083 8954 15892
15513 20160 13245
2254 8199 12739
4777 20489 31
8637 13988 27863
25208 9438 15120
28348 7005 20126
20256 5148 8199
9401 23061 24197
26317 18648 6249
27543 19126 1239
927 9519 5411
22858 13569 20462
19062 18648 29850
22777 15961 2152
1463 2896 28645
586 46 12636
2909 13198 20674
3856 3048 8199
28782 10237 23181
4781 21778 13958
6877 24146 287
10962 20399 3067
15849 24087 10410
8072 7888 5972
3048 2254 8199
22777 15961 557
4317 10733 27556
25122 14421 14451
4983 11278 269
13123 8855 24359
7888 23300 29397
14124 10540 8199
9607 20804 25202
15743 28853 8072
23118 28834 17763
10658 19175 27250
10658 16585 27250
10396 3935 22036
20977 18884 16314
19118 28202 24757
14118 11361 13136
25234 4561 21206
15309 24411 10658
24517 28324 27239
28506 4527 28795
28592 25234 4561
10237 23181 18060
17169 2492 8855
18569 12472 17632
27936 1707 7845
14951 16981 29628
11361 13136 13140
1463 409 28645
19423 5663 12885
8423 22949 21572
27705 21562 19495
21908 239 24324
11657 8329 22605
9278 15185 13764
22679 16274 20924
13699 1660 28015
6674 26679 28395
3233 3675 13438
1838 817 22879
12669 8977 21672
15234 24715 25202
28541 24324 20924
26422 225 21860
22238 18642 18054
2909 16774 13198
6741 14222 17047
12562 5618 17733
4144 22400 3954
16865 1568 4360
25080 872 11793
19762 27032 436
1141 14222 27826
16384 1374 19168
11007 26385 13941
3733 11140 2504
8889 24340 11514
27125 4015 13091
18884 4980 16314
20160 1239 13245
26709 2185 22578
8823 969 5479
4406 28243 18159
26111 11321 24588
22012 24758 4557
28566 25791 22935
5433 13712 24859
28243 20024 24275
17161 8637 13988
13459 9511 21014
21295 13369 5541
2168 9805 23909
20256 14124 8199
28946 22692 12368
9934 10857 20249
9598 3649 6896
1047 14794 19199
26770 19378 5618
19185 10871 21295
16981 29628 2943
24044 26704 3067
14118 11361 15169
24155 27405 16384
25552 26920 9766
12095 9576 13768
7289 16534 4648
2909 14102 20674
14918 23348 18660
3233 14918 25593
9802 22246 12174
15082 14278 22246
3218 28090 3485
1146 12601 7047
15134 27575 12316
15205 15307 10797
28115 11783 24551
23953 10857 1707
21167 14879 23322
2598 17733 24633
3733 6407 2504
27858 16711 5097
5108 16560 21301
15010 2185 16871
28665 7742 14879
11591 14274 2735
4781 892 12059
5981 1319 12599
3946 13334 25662
27857 20729 5446
4983 21908 269
11314 26926 27236
13330 13004 6181
25106 2909 16774
11591 28096 2735
10396 8556 22036
23749 27543 19126
22012 25954 26460
21301 1463 12331
80 14760 29254
25282 13984 15309
19495 15185 23233
204 10588 27248
26114 6619 766
11361 26111 13140
20377 19664 12667
27543 20218 1239
10237 23473 25791
1146 7047 19408
3946 25662 28634
18087 496 20693
18549 11783 24551
5740 6707 29471
28454 19038 15322
10209 17632 13257
26500 9278 15185
11004 16419 2943
12531 9588 4070
3233 7991 15205
15132 1374 666
29996 13186 4101
13188 20729 5571
5571 2086 20555
26704 4019 3067
20377 14335 12667
7047 20962 18800
7966 8955 25016
27021 10206 3218
27857 13186 5446
27017 21091 8114
1319 20899 4359
17864 22183 14254
12606 18944 1153
496 20693 28243
21860 14421 5627
27017 21091 12235
3438 26534 7374
20263 861 13810
20962 2909 14102
12368 21818 27543
16474 4514 4101
11052 13769 29761
26020 26656 19666
21858 13127 14253
16865 9765 4360
10237 28566 18690
18569 10209 17632
10206 3218 28090
22858 20462 9765
27032 19664 436
7158 10352 24441
15743 15467 29889
10547 27936 1707
6249 4359 12310
18409 13424 23136
15892 24044 26704
28782 23181 16771
5981 12204 12599
18527 8121 24276
1463 12331 409
27536 135 6457
23322 18549 24551
3233 3675 7991
20962 3805 14102
28834 17763 15467
12329 16175 17239
5115 24508 24633
21410 25552 12451
28541 22679 20924
4113 4144 19762
269 28541 24324
6729 1694 23829
21918 12190 23300
22216 1838 817
22322 4397 25080
27882 13794 19871
29312 24150 17951
24688 21300 19563
28958 19871 27975
13909 9431 14972
5571 2086 29626
15205 23348 10797
5397 29086 19342
22246 12174 1697
1995 5108 16560
10396 17103 22949
18565 11076 7158
1170 3843 18675
8448 8131 13556
15177 19745 11664
27206 4702 22237
17189 27705 15185
8591 7404 19785
26747 28096 28862
15185 23233 13764
16892 20483 23919
28324 26679 27278
26596 17841 14989
25714 17836 3871
1534 27032 19664
26460 3229 11279
9339 26926 15134
7678 10738 2558
10658 20038 16585
5639 434 4262
927 3805 9519
12145 26448 239
14879 23322 9440
1255 5323 8730
24884 8682 29956
4144 19762 27032
8784 3348 15135
7742 14879 9440
15014 10701 12329
19666 2378 2315
18675 29086 19342
4914 4113 4144
27378 12351 5340
22031 10162 17672
23467 22777 22369
22949 586 11676
5899 27199 21867
4777 25787 20489
4406 28243 24275
24566 12220 5398
7269 14765 1681
29848 11142 12778
14035 9830 17369
11314 13371 27236
27297 6110 8784
7303 24269 3067
23181 16771 17766
17841 16708 7003
22266 26855 11783
3649 4019 24269
4537 18257 8460
4557 26460 29624
18004 5115 24508
7652 11140 16274
27882 28958 19871
15588 8930 27165
11852 21213 8556
5228 15199 15634
5663 12885 9366
19136 27150 11029
14983 8580 10921
26797 28744 21525
28234 28200 12145
23749 17864 19126
22949 9574 11676
8096 3649 4019
3733 20345 6407
8448 13556 10733
7652 24217 20043
22893 5899 27199
4015 13091 2805
20377 29471 25084
8823 22893 27199
16865 22858 9765
27766 11261 22923
7652 24217 11140
15520 11869 8555
13347 12145 26448
12204 4253 3590
4375 18087 496
17682 24517 28324
12083 10032 6004
3233 25593 18437
24566 16607 5398
20126 7737 16456
14082 15849 15846
8682 22773 25714
18463 21410 19793
27052 28115 24551
8181 18810 11407
6457 22263 14609
25687 1184 5840
25567 17560 10352
16906 18565 11076
14256 14864 19785
9117 12144 11431
4019 24269 3067
2185 16871 22578
24217 11140 23412
16008 7515 1995
5571 5446 29626
225 24884 29956
19516 15199 12403
14873 28256 8107
9721 4395 7966
3233 18437 10476
17864 5627 22183
9607 269 25202
23537 3950 3710
17103 8423 22949
9428 23537 3710
20724 21562 13004
8739 8546 4468
4537 771 8460
8101 13862 20899
13334 25662 28634
13371 27236 20015
19516 5228 15199
27705 20724 21562
9721 16718 7966
13708 20638 3148
23379 14524 5895
20574 21075 1529
26656 19666 2315
463 22216 817
1736 14787 28292
27052 14109 6896
29553 4375 18087
3946 8146 28634
10237 28566 25791
15283 20263 861
3946 17866 8146
2745 29292 8954
7991 23684 28275
11433 1370 19151
9117 2218 11431
1170 7415 20555
22964 2168 9805
15634 18527 23426
12204 12599 3590
15849 4914 24529
2324 1879 5512
20977 11629 16314
24802 9401 24197
22984 28851 19987
12059 15972 675
20489 21871 24910
28566 3334 22935
25613 15635 7264
8789 12144 12368
16560 21301 8583
26797 22593 28744
892 12059 15972
27052 14109 24551
1707 16660 13592
29639 24750 15009
28001 15866 17864
14951 29628 23783
29996 4514 4101
7596 8154 5239
1534 19664 6707
29639 15009 13909
18560 4395 7966
20555 18675 29086
8096 26704 4019
1707 7845 13592
18524 9776 11644
10114 29620 16400
22620 22012 25954
18533 25567 17560
12669 19710 21672
15925 11852 8556
9511 29871 21014
8154 5239 23300
27705 19495 15185
22246 10114 1697
12562 2598 17733
25787 13331 20489
28064 14873 28256
11462 18161 1449
12937 2943 6340
19664 12667 8235
8823 5479 27199
14640 12264 1807
23233 4648 13764
26111 4026 24588
7991 969 28275
18087 25670 20693
12126 23233 4648
26460 29624 11279
19664 436 8235
3362 26283 9802
15972 21882 29474
22848 20139 12329
74 24318 17212
29889 16273 24785
10347 27052 2406
21410 25552 26920
8793 20160 1239
2755 1146 27125
6578 1319 28811
8107 19575 3048
9343 17836 3871
4527 28795 15634
27150 27206 4702
7999 3738 12190
28541 15234 25202
26385 13941 3669
13500 22466 225
20218 8793 1239
5740 1534 6707
19563 23663 15606
22466 225 24884
3500 22949 9574
25450 9431 22983
17570 2745 29292
9934 13810 13371
2461 28477 25192
29620 29682 18672
21908 269 24324
15925 15466 14983
8345 8448 4317
27297 25450 8784
14082 15849 24529
15356 13294 19163
27405 16384 4391
3334 22935 24024
29889 10206 16273
15928 8181 18810
3710 8101 13862
23118 17763 24197
13059 7404 19785
14613 3903 22923
19710 10588 21672
10857 1707 24605
14335 21687 25084
2324 15778 10461
232 12752 9277
2612 557 25164
27204 10299 29848
28112 13286 24318
5186 22277 26639
7599 2526 20977
16906 11498 11076
225 25122 29956
11462 12606 18944
1319 28811 20899
8448 10921 8131
5981 6578 1319
269 28541 25202
13330 18678 6181
2568 24232 2254
29956 590 14451
24000 2568 2378
14255 16264 20724
28832 12544 2282
8809 2568 24232
29344 28906 9547
2526 20977 11629
5239 12190 23300
8107 24232 3048
6056 2161 29996
13184 8784 3348
4525 7596 9278
27892 15177 6644
18763 14918 23348
21075 5266 892
20139 12329 17239
3738 15743 28853
18364 13794 28478
18763 15205 23348
2627 2770 29626
18897 13988 12174
12974 20747 23057
12368 27543 20218
22620 25567 25954
11462 12606 18161
18560 7966 8955
29397 13897 12636
8448 4317 10733
1370 13858 25534
4262 3921 23220
29850 12126 4648
15309 10658 19175
9000 5168 872
23300 29397 11676
7599 20977 18884
3233 18431 5899
5435 23953 10547
28446 7845 15874
15892 20399 24044
10509 1047 14794
18370 5094 19136
29254 2755 12601
15961 557 3438
1807 14864 5071
8580 8448 10921
25670 7145 20693
4321 28052 6619
28665 21167 14879
15961 2152 3438
6674 13401 28395
8739 4468 2598
766 27204 10299
6249 29181 4359
28962 18252 7999
23118 24802 24197
3950 3710 13862
10461 14947 5512
9680 10239 15763
8789 28946 12368
9000 19185 872
14253 28744 8583
4509 9699 13254
5219 4253 24752
19870 16892 1460
652 14335 21687
13768 20256 5148
8809 14873 24232
16264 13330 18678
28795 15634 18527
80 27125 13091
14794 5336 26841
15972 675 29474
24604 22390 12582
586 29397 12636
23920 19034 26504
675 24146 29474
25534 15010 2185
3843 5474 18675
1707 5197 16660
29220 6877 20024
28610 9600 9440
2366 231 5474
1707 24605 5197
484 24588 20139
10114 29620 1697
3935 4874 3500
25450 8784 22983
8305 9721 16718
2526 2197 11629
22266 26957 26855
20126 2506 16456
14640 5639 434
15309 15778 19175
13958 29220 16456
11657 11217 8329
15743 29889 10206
19908 29900 15166
13004 6181 17453
19069 25687 1184
14035 17369 8086
29115 13184 18305
25122 29956 14451
24000 19666 2378
586 29397 11676
4015 2805 5012
14760 29254 29637
29908 18002 2745
4977 2168 23909
28096 2735 15122
17342 29803 22496
12091 25993 22263
26118 1879 5512
15177 6644 11664
11361 26111 15169
18463 8682 19793
13334 3266 13045
590 14451 25120
7737 29220 16456
20377 14335 25084
29668 4527 15634
22659 19185 21295
3474 8029 19056
13184 8784 22983
9003 1663 7298
13188 27857 20729
2770 5446 29626
8977 25846 4414
1446 332 1807
15199 15634 28001
17342 4029 22496
7599 21266 12373
9600 22266 26957
19069 25687 22978
24757 14096 23429
1279 29803 22496
25667 27536 12091
13659 3738 15743
26841 11052 14943
12204 9737 16814
22164 18409 8591
15082 14278 743
14794 8029 5336
19433 26770 12562
24449 10808 24000
231 3843 5474
21491 24757 14096
25208 26883 15120
2747 20828 11592
18252 13659 7999
13213 27278 28395
26841 25474 14943
1374 19168 16869
28200 13347 12145
13958 16456 7670
590 25339 25120
21167 9598 14109
4658 27125 4015
7374 4977 28348
19870 18522 1460
22237 1395 26892
17453 1681 24752
4914 4144 22400
24688 19563 15606
14765 1681 24752
2526 4874 2197
28324 27278 14894
15619 14604 5397
24304 5541 18350
4511 1035 2464
7298 29639 24750
18560 4395 12578
19563 2846 23663
25846 27248 4414
21295 24304 5541
13186 2770 4101
9758 27892 15177
12204 16814 5219
13988 12174 1697
28001 23749 17864
3229 29624 11279
80 13091 15356
22390 12582 28254
23392 14951 16981
29312 17951 24859
29312 13712 24859
21167 23322 14109
9278 21266 1670
17631 1807 14864
232 9277 3428
8682 19793 22879
5541 18350 23379
3733 11140 23412
7005 4375 496
27378 24449 28032
13988 27863 5064
8154 4980 23300
5435 23953 9934
3067 18247 6636
26770 11217 19378
4537 20093 771
231 3843 7415
25051 13347 20345
10347 2406 9511
26679 27278 28395
16474 29266 16873
25506 27636 3169
434 9108 17631
20126 16293 2506
19871 9054 24443
9431 14972 22983
12582 17342 4029
7005 7737 496
13186 2770 5446
21491 4327 14096
16433 3733 23412
13988 1697 5064
13184 18305 22983
6056 27857 29996
19908 19745 22993
7445 15169 23037
17047 27826 19417
29861 13536 23855
12582 28254 4029
5148 27716 26674
16711 6798 2128
18565 5012 7158
1446 14640 1807
463 9766 817
24757 23429 8181
5755 21167 9598
7047 19408 20196
25714 3871 26976
8154 18884 4980
204 18672 14869
312 2461 12049
28001 24276 23749
17582 16892 20483
22593 28744 1463
12204 5219 4253
2627 26793 29626
4174 17864 5627
10808 24000 29900
24000 29900 19666
14222 17047 27826
19908 22993 15166
14082 25629 24529
24688 2368 15606
15846 26682 5663
28834 15743 15467
9737 1395 4536
12572 3946 13334
4321 26114 6619
25232 22659 27204
13598 26534 7374
27766 25936 22923
13294 7158 10352
16989 26709 29929
4536 4406 24275
16384 4391 15132
25567 9492 10352
9511 29871 22400
19195 965 5697
19111 5704 6056
20263 17596 1522
28782 21687 16771
15634 23426 24276
22848 11321 10342
3233 10476 4511
19229 5740 29471
5957 28506 4527
18370 19136 28862
9737 16814 19038
5704 215 6056
16814 8460 19038
10825 9618 14164
2324 10461 5512
4509 5307 12095
24757 8928 15928
13254 21854 5148
15925 14983 2326
13334 13045 8631
27204 29848 24304
5435 861 9934
7678 19013 1141
215 19870 18522
29292 5208 8096
21075 4781 892
13659 7999 3738
13424 28324 14894
29254 29637 18798
22879 17055 590
16384 15132 1374
11852 13331 20489
24582 11591 28096
9000 25232 22659
14168 27013 6402
5186 26639 590
6402 17582 16892
18305 14972 22983
4914 24529 22400
14873 8107 24232
26639 590 25339
8337 13140 4026
463 10410 22216
13659 28834 15743
5663 590 9366
17682 22164 13424
27013 23835 19870
7992 2571 3188
20139 18004 17239
9000 22659 19185
15925 21871 2326
24146 29474 15322
22258 18569 12472
26111 13140 4026
16718 7966 25016
12601 927 3805
1642 9117 12144
4537 21882 20093
7599 21266 18884
15892 10962 20399
13794 28478 19871
5148 17672 26674
24566 13401 16607
22593 1463 2896
9600 15167 22266
11592 743 12351
8682 29956 22879
20574 21200 28064
2558 14613 22923
28064 13614 29682
86 4509 5307
1255 5323 5967
6547 5094 5585
28446 15874 23129
13004 17453 1681
13059 14256 19785
29929 5435 10547
6644 5398 11664
28478 19871 24443
1796 25023 22515
19069 15679 22978
22322 5168 25080
27378 5340 28032
21200 28064 28256
20828 11592 743
2378 2315 12739
25567 25954 3229
13371 2288 20015
23544 12572 3946
4262 21224 23220
6340 17161 6568
29929 29761 8715
19056 16989 26709
6644 5398 12709
6318 23467 22777
2655 13369 23545
5541 23379 14524
484 20139 18004
15763 16008 1995
4198 13061 10209
4509 12095 13254
29929 27936 8715
13769 16989 29929
25051 3733 20345
11592 28986 7445
2378 2254 12739
5585 1624 25670
3921 2571 23220
7742 28610 9440
14570 13858 13780
25552 12451 11007
5340 8809 28032
434 17631 12264
15597 6056 27857
12144 11431 22277
861 9934 13810
1312 15520 11869
18099 16433 3733
22777 2612 557
1529 204 18672
15714 9339 15134
22593 2896 3619
2568 2378 2254
30 4321 28052
14253 8739 28744
872 11793 10871
12601 7047 20962
12368 22277 20218
204 21778 27248
22422 17596 9339
23444 25106 18800
215 6056 18522
10378 23061 23444
2846 11142 705
25208 9438 13045
23392 14951 23783
20038 5541 16585
2846 23663 27858
14082 25629 6636
15619 5397 26793
15925 11852 21871
24359 3474 8029
3735 17047 22258
29848 24304 16027
17682 13424 28324
7992 3188 11498
2366 231 7415
8337 484 18004
5186 5663 590
8101 6249 29181
4536 15322 24275
26283 17161 13988
29848 16027 12778
14278 743 10114
9934 20249 13371
27052 2406 7303
18648 29850 1681
24757 15928 8181
20249 13371 2288
25282 15309 15778
4702 5981 6578
2406 7303 18247
7303 3067 18247
24146 15322 24275
23934 10027 19939
18645 9000 25232
27378 24449 10808
15634 28001 24276
3903 11261 22923
12601 20962 3805
6865 9860 11706
10347 13459 9511
4946 6547 5585
13769 29929 29761
4658 19408 27626
9758 13886 19908
29956 22879 590
13059 21280 14256
16207 15373 23934
9737 19038 15322
24604 22390 1751
22266 28115 11783
14640 434 12264
8337 703 18004
28744 21525 2598
28610 18700 9600
15082 9802 22246
463 4113 4705
25158 16474 16873
23037 13886 10808
19229 26118 29471
20422 25474 20361
9003 8548 7298
15167 25282 13984
28234 21491 28202
21778 13958 7670
13213 16904 25732
26317 8101 6249
29344 28906 25158
232 3428 19866
12144 12368 22277
80 15356 13294
16585 7732 11625
28906 24582 25158
29586 24490 13213
4397 28610 18700
25232 766 27204
1529 29682 18672
11052 14943 29761
28906 24582 26747
2571 23220 3188
9277 15373 1138
11852 20489 21871
10396 3935 3500
24582 26747 28096
25282 17585 24649
8669 9511 22400
26883 22381 14464
15373 1138 19939
15373 23934 19939
26504 29115 9370
5266 892 8730
26118 5512 29229
15714 15134 12316
3006 13708 17342
25282 24649 15778
12049 26385 3669
26118 29471 29229
11793 10871 2655
10378 9401 23061
8548 7298 24750
10672 11644 409
4658 1146 27125
29254 18798 927
8631 1279 22496
15122 6578 28811
13059 21280 1172
10579 29491 14972
10396 3500 22949
9737 4536 15322
29929 10547 27936
25629 8669 22400
25322 5577 13059
496 28243 20024
5266 1255 16186
1370 25534 2185
5899 4511 2464
6110 8784 15135
16149 3362 24987
2091 23920 19034
27378 12351 23037
25613 15635 29861
29254 12601 927
5957 28506 28112
28868 27626 27280
10871 2655 13369
14168 29081 27013
4072 20913 332
16149 3362 26283
12572 6865 9860
22422 20263 17596
16149 26283 17161
25629 24529 22400
28112 74 24318
409 28645 17099
27636 3169 16906
9674 9680 15763
19710 6568 8637
12049 8928 3669
29714 2627 26793
29668 5228 15634
8261 21550 26656
6865 23381 2559
29861 23855 15619
7673 5957 29668
13294 22969 10352
18409 7404 19433
8305 4198 15354
5266 1255 8730
5541 11625 14524
6882 19433 12562
3233 5899 4511
19199 20422 20361
23467 22369 19034
24884 8682 25714
27536 6457 22263
28962 7999 5239
29850 12126 1681
12723 24706 13127
10239 15763 16008
13424 14894 11217
28202 2461 25192
743 5340 10114
17047 22258 18569
13500 22466 12348
2368 23663 15606
6402 19870 16892
25552 9766 11007
25322 13059 1172
28234 25192 12145
29628 23783 6340
23201 6787 9492
6340 16149 17161
14787 28292 20054
7596 9278 21266
10973 12348 15714
8261 8429 19269
16900 8421 14787
17887 9428 23537
22027 13968 4198
19710 8637 10588
4658 1146 19408
27013 6402 19870
26917 5097 438
1694 5219 23829
14943 29761 28446
18099 25051 3733
9576 5323 5967
29761 8715 7845
2152 3438 13598
3946 15520 17866
27536 12091 22263
10973 25517 13500
22466 24884 25714
8261 19269 22993
13334 28634 22496
22322 4397 28610
4394 5688 22012
8548 1471 24750
19118 12049 8928
20828 15082 743
28052 6619 18645
28096 28862 15122
29292 8096 26704
14787 20054 4322
8739 28744 2598
1370 19151 2185
22620 23201 25567
7047 23444 18800
29761 28446 7845
22848 15014 12329
4702 12204 9737
9584 16900 10263
19361 9576 5323
16814 1694 8460
18645 25232 766
19118 24757 8928
17210 17887 9428
16814 1694 5219
28012 3474 19151
12451 11007 26385
2091 22369 19034
25256 22031 1235
19168 16869 16008
11312 7992 11498
1796 16717 21854
21301 8583 1463
29639 13909 9431
4198 18569 10209
23201 25567 9492
8107 14124 19575
29491 20704 14972
24688 21300 10299
21778 4414 7670
26504 29115 14388
5541 16585 11625
3006 12582 17342
8261 15166 21550
13611 17210 5222
23172 5420 27652
14082 10962 6636
9758 15177 19745
24490 27278 14894
8261 22993 15166
13184 3348 22322
5639 4262 21224
9758 23037 13886
21778 27248 4414
29491 15009 20704
13968 28506 28795
10962 3067 6636
30 8930 28052
2558 3362 24987
28744 8583 1463
22164 8591 19785
28868 4658 27626
4537 6729 18257
15763 1995 9776
9758 19908 19745
13188 5571 20555
15354 19417 3903
557 25164 3438
7673 18524 20600
22258 12472 12083
16534 29850 4648
9108 17682 11312
4525 7596 5239
5340 8809 14873
22659 21295 24304
17682 24517 11312
22422 15714 9339
6619 18645 766
3428 1138 25667
9370 22322 28610
18162 25023 10378
19495 12126 1681
6318 22777 2152
12967 19069 15679
29861 15619 14604
7047 20196 23444
21562 19495 1681
18409 19433 26770
6644 16904 12709
3438 7374 4977
1255 16186 8107
27378 23037 10808
13334 8631 22496
25623 25322 18301
25158 20483 16474
8930 27165 14821
12451 12049 26385
19056 26709 2185
2846 705 6798
3935 4874 13624
22659 27204 24304
12348 15714 12316
22466 12348 25714
21562 13004 1681
11592 7445 23037
4321 26881 26114
25936 24987 22923
28868 27280 6019
7599 20757 12373
1138 25667 12091
22984 18185 19987
14794 19199 26841
18565 4015 5012
13254 13768 5148
5323 8730 21882
15208 6882 19433
9674 7673 18524
5323 4537 21882
21410 12451 9343
8637 27863 10588
15966 23544 3946
12967 15679 652
12095 13254 13768
19620 29908 2745
11431 5186 22277
14491 26306 25322
28234 28202 25192
607 4394 22012
11431 26266 5186
18700 9600 15167
25613 21689 7264
7678 2558 3362
7596 8154 18884
25613 29861 13536
86 1796 16717
23909 7005 4375
15597 13188 27857
26883 3148 14464
29199 14570 13780
14491 666 25322
5755 9598 3649
9428 26317 8101
15271 232 12752
27150 4702 6578
1471 24750 15009
29344 9547 20483
28782 652 21687
28862 15122 6578
14082 10962 15846
23220 3188 23201
4702 22237 1395
29199 9618 13780
607 22620 22012
21075 1529 4781
8261 1235 26656
4977 28348 23909
25256 8261 1235
13123 24359 8029
27892 22848 11321
19620 29908 12578
18885 6741 14222
2091 23920 13978
15135 9000 5168
25016 3903 11261
29292 8954 15892
12348 28481 12316
12752 16207 23934
29292 15892 26704
3348 15135 22322
12967 28782 652
1277 6595 17099
19062 16534 29850
7596 21266 18884
17150 28016 19689
10973 22422 15714
15966 23544 13624
2747 20828 13136
18885 22258 8337
5967 8107 14124
28962 4525 5239
19620 18560 10995
16718 1185 25016
23544 12572 23381
23544 13624 23381
5222 26317 9870
28348 23909 7005
23172 3216 27652
9277 3428 1138
8421 14787 7305
28016 19689 9003
18162 25256 22031
13968 4198 13061
28018 7742 28610
5208 8096 3649
25714 26976 28481
23220 607 23201
8305 22027 4198
25506 6674 13401
19620 18560 12578
22964 9805 23057
13598 7374 28348
12451 9343 3871
13188 7415 20555
204 27863 14869
18409 13424 11217
25208 11706 13045
12451 28477 3871
5340 13614 14873
17169 2492 11433
1529 28064 29682
20574 1529 28064
24604 3006 12582
1277 409 17099
15763 18524 9776
2846 27858 16711
12723 21858 13127
2846 16711 6798
23663 26917 438
1185 15354 3903
1255 5967 8107
2091 22777 22369
2091 22777 2612
18885 8337 13140
12572 6865 23381
15619 29714 26793
19136 27150 6578
18162 25023 22031
19481 2368 23663
29344 25158 20483
11592 12351 23037
204 27863 10588
23920 13978 26504
10263 19195 965
25164 3438 4977
2943 6340 16149
16264 18678 6729
22593 10032 3619
15014 11657 11217
2558 24987 22923
1736 14787 1471
6644 29586 15014
23118 28834 24802
5957 28112 13286
15966 2526 4874
11312 16906 11498
19199 26841 20422
29586 24490 14894
10973 13500 12348
26841 20422 25474
29586 13213 16904
4914 463 4113
9942 21491 4327
25080 18700 11793
10579 14388 18305
86 1796 1330
28348 20126 16293
14787 7305 1471
1796 22515 1330
9547 7003 17582
29312 24150 16363
4702 9737 1395
204 4781 21778
9547 17582 20483
1529 204 4781
5307 14255 16264
14708 19062 16534
18006 1446 14640
18409 26770 11217
28962 14462 4525
29220 496 20024
7737 29220 496
28906 9547 26747
14708 1312 11869
17527 10579 14388
26596 12974 319
438 6124 7634
1374 666 16869
18700 11793 13984
19136 28862 6578
19361 5323 4537
29908 12578 18002
8305 9721 22027
13123 14794 8029
19168 10239 16008
3216 23392 27652
7673 10672 20600
17210 5222 9428
26111 15169 11321
14708 9870 19062
26596 319 5585
25164 4977 2168
10973 14164 22422
10579 18305 14972
17887 11591 14274
9618 14164 13780
1736 8548 1471
17169 28303 11433
14989 14168 29081
27892 22848 15014
6865 2559 20790
17169 13123 8855
29115 9370 13184
15849 4914 10410
9674 15763 18524
29639 25450 9431
463 11007 4705
607 22620 23201
10672 1277 409
28016 9003 8548
5222 14708 9870
5340 10114 16400
19620 17570 2745
463 9766 11007
15135 22322 5168
4322 14989 29081
5340 13614 16400
9370 13184 22322
18533 13294 22969
22027 28946 22692
17527 13978 29491
5697 26596 12974
18700 15167 13984
4914 463 10410
27892 6644 15014
24517 11312 27636
9758 15169 23037
9108 17682 17631
6284 8261 8429
6865 12035 20790
22692 18527 8121
3474 19151 19056
26306 25623 25322
29586 15014 11217
13968 28795 18527
29586 14894 11217
2152 27652 13598
6644 29586 16904
15966 4874 13624
10347 28115 13459
12348 25714 28481
1796 25023 21854
13968 28506 28112
13598 2411 12496
1446 4072 332
21224 27536 135
21860 4174 5627
5420 6318 2152
5420 2152 27652
15966 7599 2526
12752 23934 10027
8270 215 23835
22164 14864 19785
5222 9428 26317
1185 25016 3903
19111 15597 6056
18370 9547 26747
9584 10263 19195
22593 12083 10032
17527 13978 14388
19151 19056 2185
10825 10973 14164
19620 11004 4369
10378 20196 23444
5755 5208 3649
17210 13536 17887
4395 12578 1642
26500 28962 14462
12451 2461 28477
12451 2461 12049
15167 22266 28115
4946 18370 9547
2943 16149 24987
22964 12974 23057
3362 15082 9802
10263 5697 26596
12578 18002 9117
29861 14604 5474
16264 4537 6729
19195 5697 12974
12578 1642 9117
19195 22964 12974
25164 22964 2168
6110 15135 9000
13978 26504 14388
8930 28052 14821
14708 1751 11869
28018 9370 28610
11312 27636 16906
23392 27652 23783
12993 28832 12544
18565 4658 4015
6318 23467 28665
23467 19034 28018
21854 5148 17672
23467 28665 28018
2411 12669 19710
5094 5585 25670
12496 28348 16293
18006 1446 4072
9942 14760 4327
12290 10509 1047
8337 703 26405
28016 1736 8548
21689 24604 3006
26405 22593 12083
22515 24802 9401
29861 2366 5474
17841 9547 7003
23855 15619 29714
13780 15283 20263
10263 26596 14989
28052 14821 6110
24155 29199 7160
28115 17585 13459
28112 13061 74
14222 13136 13140
12723 16869 21858
12290 29583 10509
12993 28832 14035
19516 29668 5228
17682 22164 17631
22027 13968 18527
17402 10973 25517
18885 14222 13140
12993 12800 12544
10378 20196 6019
13598 12496 28348
25023 21854 22031
5307 12095 16264
27405 7160 4391
25023 10378 9401
6340 19710 6568
28052 6110 18645
27892 15169 11321
15635 16895 2366
11029 25670 7145
9721 4395 1642
24155 27405 7160
10825 29199 9618
15635 21689 16895
23783 6340 19710
18006 9684 4072
22164 17631 14864
5704 8270 215
21854 22031 17672
1471 29491 15009
9758 27892 15169
19034 26504 9370
9721 1642 8789
13968 28112 13061
19620 11004 10995
10825 24155 29199
12290 1047 19199
7038 1663 7298
766 24688 10299
13780 22422 20263
7673 5957 10672
14164 13780 22422
21689 3006 18813
7599 20762 20757
26422 21860 4174
14570 1370 13858
17169 18006 28303
487 3636 24388
25613 13611 17210
15167 25282 28115
9721 22027 28946
5094 19136 11029
17903 30 4321
6110 18645 9000
24582 25158 29714
15271 29583 10509
15354 17047 19417
22515 1330 18252
766 19481 24688
18099 25051 18533
5094 11029 25670
13536 17887 11591
9721 8789 28946
5957 13286 1277
25517 26422 4174
26596 4946 5585
22027 22692 18527
7305 1471 29491
26596 4946 17841
25023 22515 9401
14570 4579 1370
2218 11431 26266
7160 4391 26306
25282 28115 17585
15635 29861 2366
26881 26114 19481
1138 12091 19939
487 22263 3636
20054 5704 8270
10825 17402 10973
23783 2411 19710
26114 766 19481
13536 23855 11591
21689 16895 8712
25613 17210 13536
12986 25787 17024
21689 18813 8712
5222 14708 1751
18006 28303 9684
23768 23392 16981
27165 27297 25450
7109 17903 30
12095 19361 4537
18162 28868 10378
12290 19199 20361
12290 12091 25993
19034 28018 9370
5307 14255 17189
5957 10672 1277
19516 12403 4174
4198 15354 18569
9942 80 14760
22515 18252 13659
4946 17841 9547
24566 6284 28868
18006 14640 5639
23855 24582 11591
28868 10378 6019
12095 16264 4537
9584 7305 29491
18813 16895 8712
29583 10027 19939
12800 14035 8086
11004 10995 25936
23768 16981 16419
23855 24582 29714
5577 15208 6882
18099 18533 25567
487 25993 22263
5420 6318 28665
22515 28834 24802
2218 6524 26266
12290 12091 19939
18099 25567 3229
28016 1736 28292
7109 30 15588
18162 25256 28868
15354 17047 18569
15271 13123 14794
4111 19111 15597
15271 10509 14794
16384 19168 10239
22515 13659 28834
487 24388 29624
6284 8261 28868
27652 13598 2411
25256 8261 28868
17402 19516 25517
7678 1141 14222
5577 21858 6882
15271 12752 29583
7678 3362 15082
16900 14787 4322
16900 10263 4322
12752 29583 10027
19866 21224 27536
12290 29583 19939
16072 12531 9588
22258 8337 26405
17903 26881 16072
19516 25517 4174
20828 7678 15082
25613 21689 13611
2943 25936 24987
16072 20267 12531
10263 4322 14989
11004 2943 25936
22258 26405 12083
17903 4321 26881
666 25322 5577
86 5307 17189
10962 15846 26682
3006 18813 16895
28292 20054 5704
15966 7599 3946
27652 23783 2411
17169 15271 13123
7599 20762 15520
16072 9588 7634
25051 28200 13347
6524 15892 26266
7298 29639 25450
487 18099 16433
2612 25164 22964
10962 26266 26682
2612 19195 22964
15892 10962 26266
1330 26500 28962
28303 9684 4579
7673 19516 29668
86 17189 26500
16072 8222 20267
7599 3946 15520
26881 19481 23663
21689 13611 24604
487 16433 18185
7678 14222 13136
20828 7678 13136
9584 13978 29491
16072 438 7634
86 1330 26500
24155 16384 10239
23172 3216 5755
5420 28665 21167
10825 17402 24155
25208 6865 11706
23172 5755 21167
23172 5420 21167
487 22984 18185
9674 7673 19516
17150 19689 1663
487 22984 23129
487 3229 29624
24566 28868 13401
17194 4111 15597
5222 24604 1751
9942 80 13294
26881 23663 438
28292 19111 5704
13611 5222 24604
24155 9680 10239
26881 16072 438
9674 9680 19516
487 18099 3229
2091 2612 13978
17150 7038 1663
16895 2366 7415
3169 18565 4658
487 28446 23129
3216 23768 5755
5755 17570 5208
666 16869 21858
9584 2612 19195
4111 28292 19111
487 12290 25993
487 14943 28446
25051 28200 18533
487 25474 14943
7160 26306 25623
21734 7109 12993
12290 25474 20361
666 5577 21858
21734 7038 7109
12993 14035 16363
14570 9684 4579
9942 28200 13294
9584 2612 13978
7160 14570 25623
14570 9684 25623
7109 17903 8086
26517 15597 13188
25506 3169 4658
7038 7109 15588
17194 26517 15597
28200 18533 13294
25506 28868 13401
25506 28868 4658
7109 12993 12800
17169 15271 232
7109 12800 8086
17903 8086 8222
17903 16072 8222
17402 9680 19516
22238 12035 18054
28016 4111 28292
487 12290 25474
12993 29312 16363
7298 27165 25450
19620 4369 17570
17150 21734 7038
17402 24155 9680
7038 15588 27165
7038 7298 27165
18006 5639 21224
26517 3006 13708
16419 4369 17570
17194 28016 4111
23768 5755 17570
17169 232 18006
26517 13188 7415
26517 3006 16895
23768 16419 17570
25208 6865 12035
232 18006 19866
18006 19866 21224
26517 13708 3148
17194 17150 28016
26517 16895 7415
26517 26883 3148
21734 12993 29312
26517 25208 26883
21734 17024 29312
25208 22238 12035
21734 25787 17024
17194 26517 25208
17150 21734 25787
17150 25787 22238
17194 17150 25208
17150 25208 22238
