93468
88468
202091
83468
78468
73468
207091
8468
13468
18468
23468
38468
267091
97091
282091
292091
297091
307091
312091
317091
2091
157091
61608
152091
28285
33285
127091
43285
48285
62135
182642
177642
116608
102135
107135
212642
112135
121608
167642
117135
126608
27135
56608
22135
51608
17135
314936
319936
4936
9936
14936
19936
24936
304453
29936
34936
39936
7135
306819
289936
284936
279936
274936
264936
259936
254936
249936
244936
239936
234936
109936
114936
104936
99936
94936
89936
84936
79936
74936
69936
139936
134936
129936
59936
156608
209936
204936
199936
171608
166608
194936
189936
184936
149936
154936
159936
164936
169936
174936
208639
244453
213639
218639
239453
124453
119453
114453
109453
194453
199453
204453
209453
219453
229453
258639
263639
268639
273639
278639
283639
288639
293639
298639
64995
59995
54995
49995
180357
10357
15357
20357
25357
30357
35357
224995
115357
105357
100357
205
5205
10205
45205
50205
55205
40205
185205
190205
90205
85205
80205
75205
65205
70205
60205
47409
42409
37409
32409
27409
22409
12409
7409
2409
317018
227018
232018
312018
237018
242018
307018
247018
67817
57817
108431
317817
2817
308431
272677
294934
164594
253558
133222
260704
255704
250704
285704
10704
20704
48222
43222
25704
30704
300704
117420
63222
113222
108222
237081
242081
247081
252081
123011
128011
294444
289444
284444
279444
274444
269444
264444
230037
101815
186943
261815
266815
271815
216943
276815
211943
206943
151943
283036
253416
248416
238416
233416
293416
228416
288416
283416
218416
135959
306815
296815
274190
260140
209320
204320
126815
194320
39320
261174
34320
149320
136498
29320
24320
19320
154320
159320
184320
164320
179320
169320
174320
8307
132373
113132
246498
148020
76856
201481
122904
117904
112904
206481
107904
102904
97904
82904
77904
66856
72904
291481
67904
57904
47904
52904
115344
286481
121498
276498
286498
281498
271498
56856
51856
111498
75140
144025
199025
204025
101350
23049
116719
174025
189025
184025
179025
169025
59973
164025
195642
185642
130519
153198
236418
48107
43107
56996
10053
60642
31927
175519
15053
98107
93107
108107
3107
113107
118107
25053
63107
114059
119059
104059
124059
134059
308223
298223
280595
41248
21248
293223
16248
11248
185053
288223
244846
180053
125053
120053
115053
105318
23198
175053
18198
19302
145053
14302
170053
165053
245519
160053
86719
250078
260078
289563
294563
83198
260642
255642
130193
204879
209879
214879
19563
234879
290642
295642
147488
244879
269563
264563
54879
249879
291026
39879
133462
250813
251418
249563
123210
316338
182855
24879
245813
258210
162488
167488
118210
263210
240813
172488
239563
234563
177855
19879
303123
256418
14879
268210
9879
4369
4879
273210
108210
319879
9369
275129
56927
83462
93049
78462
104563
109563
15220
98462
230813
284879
95038
90038
100038
103049
105038
85038
128049
284963
120038
110038
115038
279963
245038
274963
239137
265038
167126
252126
314418
319418
4418
9418
14418
19418
86481
24418
237126
273307
242126
278307
283307
288307
126350
46107
71481
56107
136107
66107
71107
36719
116107
76107
74418
79418
84418
69083
58548
289418
68548
38
73548
78548
81620
296388
76620
46337
142481
2978
114077
8620
3620
318620
276362
41906
216906
51906
18620
211906
186339
66906
71906
76906
206906
201906
196906
191906
186906
181906
91339
231536
96906
101906
111906
106906
116906
111894
178455
126906
131906
226536
136906
173455
168455
158455
163455
230177
106894
26339
16339
98538
118538
238538
73538
243538
83538
60902
248538
253538
45380
121208
116208
50380
299903
294903
289903
284903
279903
274903
89903
94903
111419
99903
104903
5175
109903
286176
256176
175
281176
276176
315175
310175
100175
95175
282318
277318
35902
192318
197318
184109
240902
222318
147950
207318
227318
221113
265633
124109
119109
114109
109109
107735
2950
93284
98284
73284
68284
53284
48284
58284
319910
43284
217181
38284
9910
221565
52761
211113
206113
160485
201113
196113
275021
191113
280021
285021
186113
98163
103163
108163
113163
123163
128163
162677
133163
138163
298163
293163
224268
288163
214268
219268
293014
229268
234268
239268
244268
249268
254268
259268
284349
169268
164268
159268
119073
24349
19349
124073
14349
129073
30903
134073
35903
4349
314349
309349
295472
286859
116349
111349
106349
101349
96349
91349
280737
52121
57121
256349
100737
261349
7121
78612
83612
88612
267121
35031
138612
40031
45031
50031
55031
159908
164908
174908
179908
182091
187091
192091
134908
129908
108468
113468
103468
98468
93468
