283207
263207
258207
228539
233539
238539
135111
186098
145111
150111
155111
286098
160111
281098
276098
169470
271098
164795
266098
261098
256098
206098
251098
159795
67813
62813
57813
154795
52813
47813
42813
37813
153582
144795
158582
163582
168582
139795
134795
129795
124795
119795
114795
109795
104795
99795
94795
89795
84795
79795
74795
69795
64795
59795
54795
155743
160743
165743
170743
175743
180743
185743
190743
195743
200743
158539
153539
168539
173539
178539
208539
125743
210743
293207
288207
283207
