81747
86747
91747
257139
262139
96747
267139
272139
282139
257534
39269
247139
143208
44269
267534
157364
138208
253174
243174
248174
287139
292139
297139
244245
118450
123450
128450
144245
149245
154245
216343
159245
174394
169394
154394
164394
159394
167370
162370
229245
147370
146455
224245
219245
214245
209245
204245
265322
270322
275322
280322
285322
290322
295322
300322
317644
312644
307644
302644
297644
292644
248000
253000
258000
263000
268000
22644
273000
27644
197523
192523
187523
202523
207523
212523
217523
103600
98600
93600
68180
73180
232523
78180
83180
116637
121637
123600
126637
131637
93180
245133
42644
156942
250133
255133
260133
298000
265133
141637
140865
133600
103180
247523
150865
87051
180865
165865
175865
160865
232534
227534
73611
168604
217534
212534
100382
156851
137051
139394
83611
91907
105382
74001
76215
127051
81215
79001
299968
158604
86907
147051
144394
77051
72051
157051
152051
66747
71747
76747
81747
