140390
193450
188450
183450
150390
178450
173450
155390
160390
165390
170390
175390
180390
185390
190390
195390
200390
205390
25322
20322
15322
10322
5322
322
315322
310322
305322
300322
295322
290322
285322
280322
275322
270322
265322
204245
209245
214245
219245
224245
146455
147370
229245
162370
167370
159394
164394
154394
169394
174394
159245
216343
154245
149245
144245
128450
123450
118450
244245
297139
292139
287139
248174
243174
253174
258174
263174
162229
13920
18920
23920
28920
225322
241851
192971
105596
54203
271746
276746
281746
286746
110596
86088
291746
120390
296746
170596
165596
160596
179079
174079
169079
164079
208450
186843
251843
192985
246843
241843
236843
231843
221843
264422
269422
274422
201843
197985
272985
178696
173696
245390
135390
140390
