21225 9604 10634
21225 9604 9481
15063 6670 5070
3887 22009 1711
23875 1110 18557
17397 16313 762
15117 9354 19720
9354 23697 19720
17876 15511 12033
16766 4087 18011
7186 12823 11977
7909 6670 5070
21026 23632 21445
6128 15254 16839
16313 762 6451
15700 16321 6328
1456 7644 19400
5116 21069 9466
4557 11977 15867
6113 5116 21069
13801 14409 12266
17186 21498 10648
7124 8617 7604
15117 3498 22145
4557 12823 11977
12266 7985 16972
7186 11977 15867
11868 9076 18883
2557 4192 8636
6308 18574 13729
11308 19999 4628
5084 10004 9244
7286 1456 7644
13200 12300 5664
16364 9750 2706
12266 3555 16972
459 23505 23746
15535 14674 18064
11308 4628 8842
16313 8460 6451
22854 22486 12036
7286 1456 18572
15117 3498 9354
16746 10742 1246
23482 8518 5664
8617 1246 7604
23218 21225 9481
18761 21120 10742
7096 18257 5673
5116 675 9466
17429 3846 13823
22379 12036 12037
18012 6315 14330
1553 8554 4228
19206 17725 16459
6128 15254 4851
13919 1865 23876
3188 18576 13570
18570 23875 1110
5479 4298 15254
13828 12553 9879
3555 7985 16972
675 9466 7604
14874 16692 8636
675 1246 7604
8518 5664 2225
11362 9750 2706
11959 9806 19278
493 3929 5645
21230 21351 18871
11660 21286 81
3846 13823 21957
6113 21069 9466
22079 12813 3338
12712 15700 6328
13823 19149 21957
22672 4739 11711
18754 4543 1001
4739 9597 18263
20601 17254 21640
21498 10648 20601
1395 13825 5022
14287 5502 21756
4563 7313 4693
7088 21445 15838
7623 1064 16492
23969 9673 21864
19819 3423 8012
10009 10688 12862
12352 818 5798
667 16601 23482
4072 14746 22849
4449 20732 565
16861 9604 10634
18284 21225 10634
6716 7494 2926
4298 15254 16839
667 23482 8518
3420 8928 16648
10235 15038 8494
16943 10004 9244
19359 20044 14489
21373 5180 8749
10931 13919 1865
11959 23344 19278
16155 1110 15391
22085 4138 316
3368 164 19912
23218 9604 9481
5188 16082 12625
21026 23632 11562
3300 1373 14834
21488 6862 7313
861 582 16079
18399 21843 5084
8969 12308 23357
11137 21689 2220
13529 22635 16907
23137 8232 5180
21488 4563 7313
14103 16861 9604
621 744 14256
22376 17744 2715
8220 23632 11562
17066 7140 17323
3926 7969 19608
23759 7325 19911
3522 4376 364
11660 16426 81
3039 1660 12308
10119 19588 17025
10530 19560 13196
18754 1001 15535
23482 12300 5664
1745 9597 18263
1001 15535 18064
14204 21540 15356
16733 15378 4228
5172 8077 6650
4138 12955 316
22576 9911 7225
14261 10550 6369
16648 10341 6070
7099 1496 22854
7186 15867 11474
13972 6118 22863
21087 18454 19318
7099 1496 17585
14103 23218 9604
15063 5070 3096
4317 22354 13666
13452 17891 18919
17857 10948 20459
10557 23215 21372
1001 9438 18064
5642 9615 19113
18761 21120 5246
10564 16733 4228
12674 18536 22672
1145 5889 10557
23759 19911 10721
16978 14237 2225
6835 22991 4549
7075 23969 21864
18454 19318 19400
8749 22591 18826
8602 8194 12820
1273 1395 13825
667 16601 16978
17088 6538 20423
22635 16907 19410
13529 10384 22635
9368 12712 15700
14261 22325 10550
21026 21445 15838
18454 1456 19400
11298 9737 17661
16513 8969 12308
19588 12449 17025
621 6607 744
5116 5246 675
20402 621 6607
9390 11689 18393
21406 8219 4192
16513 3039 12308
7909 15063 6670
4543 1001 9438
1613 9145 10090
4072 22849 22286
18093 11362 2706
7186 12823 238
1127 12920 23044
23746 9854 2846
16984 2827 18760
18093 15054 178
6942 16963 18095
19352 17788 8146
1541 8354 6618
11442 22285 16601
5387 21656 20988
7186 12510 238
7289 15057 23293
8602 22308 8194
667 8518 16978
23406 5180 8749
7313 4693 21487
6379 6182 814
5664 17693 2225
18284 5028 10634
3555 15038 8494
20137 7270 23632
19778 20597 3300
19703 16082 1456
18761 5246 10742
7075 7837 23969
19080 22248 21656
1107 16733 15378
3555 7985 15038
11018 7286 7644
20240 5028 16861
22132 2657 619
426 17305 521
3646 19819 8012
2557 4192 5167
11288 4476 1670
13969 19119 15062
18576 13570 22635
8518 16978 2225
17025 10848 11911
23406 8749 22591
18284 9836 21225
23154 21034 1106
19736 12132 3154
8306 224 22545
16746 7124 8617
16082 1456 7644
21487 5838 6182
21620 3517 7005
18480 20597 3300
13430 4449 20732
4142 2938 19410
19117 3555 8494
14874 2557 8636
13200 5664 17693
7481 14006 10564
20746 22976 16123
6942 16963 20009
5078 13815 6259
13089 9911 6650
12888 164 10980
5246 10742 1246
5639 13954 22635
10550 6369 20823
17393 5009 12130
12449 17025 10848
17788 8146 16861
8678 1553 8554
19285 19986 15701
19318 18284 9836
8146 20240 16861
2432 19285 15701
17066 17323 22110
4554 14810 14406
5246 675 1246
12378 16513 3039
940 6379 814
2998 17302 11374
9911 6650 7225
19318 9836 19400
8839 4072 14746
5838 22379 12036
5662 3106 21606
8928 16648 6070
4886 8908 7875
1145 12464 5889
17056 12378 3039
4135 9172 19456
5639 22635 19410
22854 12036 12037
5812 21703 2666
19999 131 8197
16561 20746 22976
23289 4453 4596
19048 19057 23698
23353 18454 1456
9737 17661 12827
16082 12625 7644
13666 8938 5076
6182 814 22486
8839 19656 7895
11878 16437 6322
8201 5663 6561
5084 10004 22132
5663 6561 4886
15229 3498 19833
19994 11018 7286
16726 11856 1064
15403 11868 18883
11978 2977 23986
23137 23406 5180
18712 21437 7485
23849 7597 4967
15229 3498 22145
7481 10564 16733
5479 15254 4851
11856 7623 1064
791 18093 15054
6182 22486 12036
14287 5502 15366
21406 4192 5167
19233 12827 17425
5028 16861 10634
14675 4604 23357
22475 2398 8494
21993 10445 9349
10638 1873 10729
22475 19117 8494
23344 22843 19278
534 18073 7481
18819 21288 17061
14431 3420 8928
14675 14674 18064
22805 19804 23154
14937 21938 6149
2839 23759 7325
19588 12449 10848
4633 15179 5808
4620 16601 23482
2177 9480 8011
18093 16364 2706
619 22591 18826
762 6451 12862
10388 10009 12862
21161 4473 10677
20371 21868 20619
7779 16657 11382
16726 11856 7623
17254 21022 21640
2276 7286 18572
8617 9466 7604
8220 7270 23632
1107 19364 16733
11274 11009 12914
8354 6618 5167
17302 333 5479
17582 14675 4604
5812 16184 2666
22308 8194 12820
4473 10677 8452
8839 4072 19656
20137 23632 21445
12625 10019 7644
11995 16155 1110
788 21204 19127
19149 21957 16611
22009 1711 13733
2998 17302 333
9779 1956 18288
17788 14103 16861
11995 18565 16155
20044 14489 13378
818 10387 5798
23456 15356 23100
4345 493 3929
3846 21957 16611
9197 9847 10858
2938 5639 19410
8460 6451 12862
9016 3469 4042
17862 5639 13954
17803 21406 5167
6459 3221 4390
20401 22672 4739
5838 6182 12036
23479 9633 8403
3423 8012 23376
4633 5719 15179
5172 6650 7225
2432 15701 11005
6862 7313 21487
1541 12308 23357
12726 21540 8205
18192 2718 20878
11995 18570 1110
1756 2206 21620
5333 9099 17235
11274 21689 2220
1660 1541 12308
5889 10557 21372
333 5479 4851
10384 18576 22635
21087 19318 18284
114 21809 1362
6830 8220 7270
8275 17585 12037
2539 6128 16839
13011 15095 23386
2069 9317 6622
6459 16586 3221
19285 19986 15772
7174 5321 17788
11911 4739 18263
164 19912 10980
11493 10904 13522
7909 13498 5070
5509 17931 22346
10019 7644 19400
9211 9390 18393
11442 4620 16601
7818 10856 3395
2681 18093 11362
9836 10019 19400
18357 7245 5957
22376 17132 2715
940 814 22486
10384 3188 18576
1613 10090 8627
2117 6006 20674
3498 22785 19833
15063 7810 3096
21488 17092 4563
12789 9713 11644
1127 15036 23044
20459 11282 2284
8796 12124 560
12674 18536 19985
842 13494 22257
10962 8306 22545
7103 7578 18530
5387 20988 19295
1496 22854 12037
17582 8969 23357
8232 21373 5180
16426 18454 19318
11468 13954 13570
6265 14237 2225
11374 5479 4298
13954 13570 22635
7818 12130 3395
8678 8554 4228
20685 18565 16155
4549 15573 15812
10677 7088 8452
13200 12300 10231
3923 21014 21993
18666 5504 14046
14874 16692 14220
15321 21378 6273
22248 6456 4468
8248 5070 3096
759 9368 20316
13072 6317 9541
3423 23376 19985
8403 12006 16746
21286 16155 15391
11978 23986 8949
5941 10948 11282
23779 21540 8205
21014 21993 10445
10948 20459 11282
12789 17964 11644
3522 9451 364
17302 11374 5479
1496 17585 12037
21701 14611 15940
791 15054 178
2343 16943 9244
23544 19364 16733
17178 704 1956
21487 5838 22379
22189 11298 9737
13625 16611 15620
14213 18407 8548
514 12789 17964
11878 16437 3003
1541 8354 9438
11442 19417 4620
1145 10557 23215
18206 14415 15816
21161 10677 18919
16426 21087 18454
1541 9438 18064
19703 1456 7644
19359 14489 13378
4967 13014 7549
10004 22132 619
12674 22672 11711
7088 8452 21445
1362 7289 20892
922 10235 8494
7261 6618 5167
23980 9726 2454
603 4543 9438
5889 7124 21372
7282 8712 6687
16120 9451 364
17025 20401 11911
5046 21597 14220
11137 8678 2220
6265 17693 2225
23353 1456 18572
436 19736 12132
1816 10662 9197
23945 23322 13386
7140 17323 22110
17582 4604 23357
22189 9737 12827
23875 14237 18557
10405 2115 7270
14409 12266 22257
21498 20601 21640
11995 13242 18570
8131 14287 15366
4081 16427 5078
2206 21620 3517
7186 12510 11474
10430 4142 2938
21620 7005 13285
10097 15701 11005
3385 17025 20401
4293 861 582
22984 603 4543
1273 1395 5022
5873 14741 14409
12464 5889 7124
14851 8602 22308
12466 22171 14346
20746 20759 16123
22285 6149 16601
9633 8403 16746
10530 19560 3386
10387 5798 9986
8678 2220 1553
1613 9145 8627
6715 21058 22766
22079 12813 1390
14964 14790 10502
8757 14006 10564
18357 5957 88
6128 9145 4851
10010 20822 13815
22863 17545 22584
5230 10430 4142
13828 12553 8215
22189 19233 12827
5924 881 22999
15469 13548 7096
10760 11493 10904
11660 16426 21087
3529 6288 12
7384 10306 3003
11274 12914 2220
10856 5873 14741
5924 18093 16364
7236 2447 17224
22248 21656 6456
22785 14675 14674
1362 23406 20892
5046 1698 14220
6103 13474 19471
6265 6113 5116
333 5658 4851
19061 8678 13805
13236 19560 3386
21491 6858 16223
20992 3106 21606
13499 7909 15063
8422 8146 20240
7483 9390 11689
19061 11137 8678
21087 18284 5028
13498 8248 5070
17857 20459 2284
11343 17545 16364
1483 19986 15772
12300 10231 19318
13992 10654 8930
20858 11671 18826
14611 15940 6300
21701 15940 22843
15321 1465 21378
13479 21120 10742
14675 23357 18064
12823 7060 238
17027 17016 15620
8422 11660 21087
13089 3154 9911
13897 1228 4343
5188 19703 16082
7075 22984 21864
19149 16611 15620
4367 19819 3423
13011 19080 22248
11818 10124 23376
10562 7521 12000
19656 7895 12685
3668 10231 19318
22565 13072 9541
11422 11120 1267
14009 18712 21437
15391 8617 9466
18374 5172 7225
17696 18874 19406
13801 12266 3555
9128 15321 6273
10119 3385 17025
16746 15391 8617
20401 11911 4739
5491 17316 20445
17803 23544 19364
18570 23875 14237
10119 19588 8813
2027 2432 11005
10706 23849 7597
21843 5084 22132
81 3668 13479
18192 2718 23270
18423 3739 13705
6265 5116 5246
13147 3581 1479
114 21809 534
20791 7908 5230
12266 22257 7985
4453 4596 16969
18570 16978 14237
10590 17061 7810
13014 7549 18256
16692 14220 8636
17132 3825 9620
4142 19410 11821
18073 21406 7481
7723 10097 21618
18733 22759 17482
12914 8757 2220
21656 20988 6456
8757 10564 4228
18294 16120 9451
7590 12373 14894
112 19671 304
9888 18012 6315
1483 19285 15772
13072 6317 23135
1110 15391 9466
17132 2715 9620
6035 131 8197
1199 6549 15469
23779 1628 5596
2681 436 11362
7030 7174 17788
20137 8452 21445
13200 3668 10231
16038 23046 7485
10931 13919 23876
9713 11644 14611
9368 20316 20318
8611 5163 5924
6149 16601 16978
16426 81 3668
5491 20445 7083
3529 12 23103
2447 12920 23044
17803 23544 16733
16426 3668 19318
13200 17693 3668
18500 12466 17073
14894 18374 7225
17803 21406 16733
6259 1373 14834
8275 22379 12037
21204 5642 9615
21406 7481 16733
14363 21351 22576
19933 23138 2657
5321 17788 14103
17971 21938 13242
6663 3564 791
1541 23357 18064
10322 436 9750
4476 21597 13382
8422 21087 20240
18819 10590 17061
11274 12699 11009
15041 14874 14220
17061 15063 7810
9373 2715 9620
6006 20674 914
4397 2718 20878
18375 7384 11878
14261 15722 22325
9633 16746 7124
19994 2276 7286
6862 21487 6182
760 16561 22976
762 10688 12862
7384 11878 3003
10019 23218 21225
23799 8949 12452
9211 18393 6687
17545 22584 16364
17726 17582 8969
16123 21026 11562
14163 18666 14046
21809 15057 23293
3564 18536 19985
436 11362 9750
20858 8993 11671
842 15295 14741
2446 5333 17235
8662 20371 21868
6322 11442 19417
6113 1110 9466
9836 10019 21225
6895 951 15350
15119 21361 22079
18666 5504 11308
8275 8627 22379
3423 12674 19985
2220 1553 4228
5504 11308 8842
6259 3300 14834
14204 15356 23100
19093 19359 20044
16427 5078 6259
23195 7818 4898
22752 1434 13387
16123 8220 11562
5321 5188 19703
20174 2446 12000
3825 11978 19509
14415 19778 15816
13870 4111 23672
744 14256 23540
4367 3423 12674
12352 818 10387
13443 16984 2827
6240 23559 22169
11391 19659 2493
4650 20316 20318
19560 13196 22257
13969 19119 11923
21361 22079 3338
2539 4298 16839
23387 20566 996
13430 4449 565
5520 8129 23954
5230 4142 11821
23559 7723 20971
13498 15117 19720
23135 15727 8197
1273 5022 1373
19434 18377 20017
17027 582 13625
17614 22431 9615
7352 21585 588
21087 20240 5028
5342 1106 13386
4802 2657 619
10097 19986 15701
15727 19999 8197
8467 3498 22785
10010 5078 13815
14363 21230 21351
6240 23559 7723
2167 5431 21701
20732 565 20401
18014 2040 8077
21809 7289 15057
17203 8275 17585
8930 23164 2227
23052 2190 21620
13548 7096 5673
2190 21620 13285
3434 1745 9597
12653 10810 1486
20878 13236 19560
3564 791 18093
17677 4505 7147
18480 3300 1373
430 13828 8215
19337 5164 1053
18754 15535 14674
16437 7083 6322
13818 6379 6182
12553 9879 8215
3154 22576 9911
8201 5603 5663
4085 5693 17891
81 16746 10742
11099 19909 21317
7289 20892 23293
23215 7124 21372
5693 10388 13974
603 8354 9438
2039 18128 19046
21161 4473 190
23980 9726 9047
1547 23344 22843
8749 11671 18826
18192 20878 13236
6663 791 16871
5798 224 22545
21580 8611 5163
12653 10810 9365
11343 16364 9750
12914 7875 8757
2666 14287 21756
5522 15461 13290
13498 23697 19720
5504 14046 8842
19996 19117 3555
1145 13285 23215
20174 7521 12000
9106 8001 8838
12351 842 13494
9673 21864 23270
21286 81 16746
3420 16648 10341
8136 19038 12726
20829 6437 7494
88 4425 10388
6265 17693 5246
2276 23353 18572
13805 15378 4228
81 13479 10742
23578 5655 11493
11486 17213 2380
5873 13801 14409
8908 11009 12914
4802 20858 18826
2288 7099 22854
23505 23746 2846
13805 1107 15378
12452 12510 238
10931 1865 10131
12713 12872 23859
4425 10388 13974
2167 20634 21020
7607 10187 940
8928 6070 9492
15095 23386 22248
13498 8248 23697
18756 4367 19819
21809 1362 7289
3963 14849 23864
17208 5693 13974
17693 3668 13479
17971 14937 21938
1273 2281 18480
9633 12464 7124
8460 8043 12862
13072 23135 15727
7818 2796 10856
19999 4628 8012
1101 19328 3599
13897 20131 1228
8001 8838 1670
12625 10019 23218
1794 16610 7276
2637 11137 21689
8908 12914 7875
19996 13801 3555
16871 12955 316
17213 114 2380
13494 13196 22257
14713 22085 316
3825 9620 19509
17027 13625 15620
14008 11468 13570
12104 1127 12920
13011 15095 22248
10177 2637 2803
11288 4476 21597
2637 11274 21689
3157 9106 19128
16437 3003 7083
8215 3646 8012
7005 8617 7604
4620 23482 12300
10090 8627 22379
19588 8813 15886
5188 14103 23218
10341 8403 12006
2256 5502 15366
18637 2343 11486
4426 21618 2398
23876 23945 13386
13721 9368 20318
17208 5693 17891
10322 436 12132
7005 7124 7604
9806 19278 17203
23154 12804 1106
4802 619 18826
4967 7549 10068
14596 13089 6650
603 16756 8354
4381 17305 521
414 10554 8129
10706 23849 20004
5957 88 4085
9557 3368 164
21938 6149 16978
1065 13089 3154
7597 4967 10068
17726 16513 8969
5801 16096 5815
7245 5957 4085
5908 5387 21656
2557 8354 5167
17693 21120 5246
11224 17192 21213
5113 21112 18636
10004 619 22591
19911 5009 10721
7427 5022 7555
114 1362 2380
5188 12625 23218
17693 13479 21120
2190 1145 13285
9283 5509 17931
1816 9197 9847
19038 12726 21540
21351 18871 22576
5908 19080 21656
19471 8938 5076
16756 2557 8354
1582 20721 2661
14426 14596 18014
11442 22285 6149
1680 12823 7060
1199 15469 13548
23195 7818 12130
14711 3239 18095
13870 23966 23672
1107 7261 19364
17931 22346 17016
7005 16746 1246
11538 10701 11979
7837 23969 3386
11978 8949 19509
9673 13236 3386
10706 20004 7597
18242 6858 16223
914 4426 21618
7005 8617 1246
23746 10569 9854
1273 2281 13825
23980 2454 5448
15350 1698 14220
9137 1691 2046
22976 16123 21026
4643 18214 7828
4192 14220 8636
19999 131 8012
5924 22999 18093
18760 4693 21487
19912 10980 3434
4802 23138 2657
5342 21034 1106
5924 881 18093
5655 10177 2803
14964 22169 14790
5719 17316 15179
13876 596 8640
2803 19061 11137
13443 2827 18760
23799 19295 8949
13378 582 16079
8492 13818 6862
3948 15369 13937
20732 3385 20401
23101 11630 8306
3434 1745 18263
13430 20732 7555
13430 565 7555
14964 951 15350
7723 10097 11005
22332 8976 16837
12820 6459 4390
7834 23479 9633
22253 17661 23323
8678 13805 4228
14741 14409 22257
15350 5046 1698
1711 13733 5491
1756 23052 21620
6847 1880 8379
20611 426 521
5491 3003 7083
7607 18807 940
19371 7779 16657
5321 5188 14103
18625 17222 7014
20977 12040 15698
4317 22354 14415
23980 2090 5448
9847 19985 10858
8219 4192 14220
8628 15117 22145
13242 18570 16978
22984 21864 23270
10388 13974 10009
18733 13535 5353
12828 14213 8548
8001 19128 440
18733 22759 20989
2493 9128 15321
23969 9673 3386
6571 23876 23945
21938 13242 16978
15350 15041 14220
15426 1953 22253
791 16871 178
21288 9296 17061
1362 23406 22591
13378 582 13625
16038 7485 19776
13705 8712 6687
2426 13992 8930
18377 20017 704
19121 12346 1777
21286 16746 15391
13494 10530 13196
7083 6322 19417
18760 21487 22379
10341 6070 9492
17202 1180 9574
18871 19736 3154
3039 1660 1541
864 6890 20685
22347 9016 3469
88 4425 13974
18042 4557 15867
17964 11644 16757
2380 16943 10004
13452 18919 19689
6693 2493 15321
10341 9492 12006
9197 19985 10858
718 430 20992
19619 5929 8662
17980 1107 6618
21597 8219 14220
2281 14713 6663
1637 17208 17891
22843 19278 17203
9145 4851 10090
8757 2220 4228
11422 11120 3168
20685 21286 16155
23195 4898 12130
15403 2393 18883
9806 6128 9145
13499 17061 15063
20685 11660 21286
2666 8131 14287
21640 4376 364
842 14741 22257
7590 14894 18374
18712 23046 7485
21373 8749 11671
10662 9197 19985
17980 13805 1107
20822 5174 13815
3158 18206 14415
17980 1541 6618
10654 8930 2227
718 20992 3470
14163 14046 2519
12276 3336 2170
7828 9574 19608
4701 18242 23010
14964 15350 15041
5658 4851 10090
18014 8379 2040
13815 6259 1373
16907 19410 11821
9016 16984 4042
22849 22286 10721
8492 13818 6379
190 7909 13498
12653 1486 700
7530 13870 23966
7030 19352 17788
5174 11959 23344
2170 17224 15036
5163 5924 16871
8909 11102 16766
1273 18480 1373
2343 11486 16943
5886 8136 22056
19352 8422 8146
22984 23270 603
5603 12699 11009
10405 20137 7270
6265 14237 18557
6265 1110 18557
8628 15229 22145
21809 534 23293
3470 10445 12083
11442 14937 6149
11288 5046 21597
18042 15867 11474
2637 2803 11137
6035 10996 8197
1107 7261 6618
19778 20597 9370
13443 333 5658
19057 20977 23698
14894 12685 7225
6259 19778 3300
9480 21142 14318
23010 1582 2661
23694 19531 8890
9879 17086 3646
9879 8215 3646
13733 5491 17316
4481 2839 23759
3621 10384 3188
4476 23293 13382
23479 10341 8403
15815 4473 8452
7261 5167 19364
2539 15886 4298
14746 22849 10721
6265 6113 1110
10510 18139 5210
8628 15229 19833
12674 4739 11711
13443 5658 10090
7818 4898 2796
10271 21062 9237
9106 8001 19128
14261 6369 20823
20978 21062 9237
13097 7969 19608
18139 5210 12114
17725 16459 19476
6561 4886 17213
11630 10962 8306
5491 10306 3003
21378 6273 15677
10931 5342 13386
11486 2380 16943
22667 718 3470
8681 2332 2998
3929 5645 621
11343 10322 9750
1064 16492 916
22354 13666 5076
940 22854 22486
15295 10856 14741
2115 6830 7270
6571 1865 23876
9557 12888 164
19588 15886 10848
2167 21020 21701
3879 9257 16331
17803 5167 19364
4085 13452 17891
18890 1203 14047
6322 11442 14937
17092 4563 4693
23980 13811 9047
8467 3498 9354
2456 9016 16984
5509 21843 22132
18344 2393 18883
131 8012 23376
18733 1255 13535
5509 18399 21843
3470 12083 21606
17661 12827 23323
11298 22253 17661
7969 3895 20823
14345 17046 10638
8838 1670 9753
18423 19119 13705
16841 664 23945
9480 8011 14318
11214 18704 20010
8681 12888 2332
3464 14723 11759
5798 9986 224
14713 6663 16871
10445 9349 12083
2666 9453 21756
20829 7494 2926
15815 10405 20137
7276 18399 5084
3310 15273 2193
2944 3739 13705
14713 16871 316
922 2398 8494
9713 14611 6300
5812 16184 14615
3158 14415 19778
11818 10662 10124
23456 15356 1628
16427 3158 6259
1808 4633 5719
18206 15000 15816
12653 700 11599
16779 21923 15344
18294 16120 15036
14790 10502 922
19342 4980 9888
12 13974 10009
3918 9779 18288
5174 13815 8051
5230 1880 8379
22354 15000 5076
22976 19689 15838
3368 21024 23166
18636 2063 10830
18668 3961 2288
12828 8548 22133
20992 3470 21606
12648 15388 4606
8248 23697 3096
15815 20137 8452
1816 9847 22999
23692 4317 13666
10554 5410 3608
11233 11868 9076
17975 17178 1956
8732 22785 14675
888 23318 18506
19804 23154 21034
9713 10531 6300
11018 19703 7644
7549 8552 18256
16871 18093 178
10388 13974 12862
21204 19127 9615
13097 22325 10550
22976 21026 15838
13818 6862 6182
9349 5662 21606
7215 15722 11759
17178 18377 704
9847 22999 19985
7242 1981 7828
16459 19476 11347
9283 5509 18399
2498 16963 20009
4802 20858 8993
6890 20685 18565
21618 922 2398
18192 13236 23270
18756 3646 19819
5924 22584 16364
22347 3469 4042
2796 10856 5873
17862 11468 13954
20461 13733 20592
18819 21288 21022
10187 3961 2288
10962 22545 13666
15940 22843 17203
4554 14810 9080
14596 18014 8077
19119 11923 14529
459 23746 10569
914 10097 21618
17316 20445 15179
18206 14415 15000
13825 565 5022
14363 22576 7225
18407 8548 15273
23098 2530 23519
6561 11486 17213
2040 11821 8077
17849 6035 19736
23456 1628 23100
3185 23949 22392
8662 20371 9141
11538 11979 23271
17975 17178 18377
19127 17614 9615
23822 3529 23103
610 2796 5873
7236 2447 12920
11818 131 23376
3310 18407 15273
11391 6693 2493
10981 22921 15062
1065 12132 3154
14596 8077 6650
16084 17088 20423
16186 20461 20592
13815 8051 7427
17971 11995 13242
17865 20791 5230
15959 17337 9349
949 3157 19128
9349 12083 21606
565 5022 7555
1816 11818 10662
23779 21540 1628
15940 6300 17203
19456 20949 18057
18375 7384 18042
1526 11374 4298
7030 7174 5321
23166 9879 17086
9296 13499 17061
23271 19434 18377
16120 15036 364
5924 16871 18093
17202 7828 9574
4293 17027 582
19471 9370 5076
6035 11818 131
12276 2170 17224
8215 4628 8842
15064 9726 2454
1637 23822 17208
5588 11978 2977
22347 2456 9016
10654 18037 1808
3599 19933 23138
6895 15350 2027
2447 17224 15036
21936 1794 257
20761 2069 6622
8628 13498 15117
8379 2040 11821
5890 3599 23138
11120 3168 1267
23716 23772 18128
1582 9478 20721
5645 621 21900
914 4426 2398
15927 20978 21062
1483 186 19285
19817 22017 14849
7427 5022 1373
10788 13075 16501
6035 18871 10996
13285 23215 7124
1880 18014 8379
4293 861 16079
9076 18625 17222
19061 12378 13805
8732 17582 14675
3158 6259 19778
9888 15865 14470
69 5203 23692
2344 19636 20000
4491 15344 4190
10677 18919 7088
14426 1880 18014
18871 3154 22576
12648 15388 12352
7908 5230 8379
7165 7215 3464
9854 2846 2661
6716 7494 8928
1434 20620 13387
2447 15036 23044
8757 7481 14006
13097 9574 19608
20217 8793 14889
23986 19295 8949
15573 15812 19804
1547 21701 22843
15886 4298 10848
14964 10502 15041
20761 12816 6622
15064 9726 2641
13564 13828 9879
10502 4397 20878
10931 23876 13386
3368 18756 19912
20445 2276 23353
16348 19927 7236
10187 940 22854
15369 16331 13937
88 4085 5693
5431 1267 21701
88 5693 10388
10062 12828 14213
9673 13236 23270
2167 3168 20634
15570 9608 12804
22759 20989 17482
19417 23353 18454
7297 69 5078
5174 11959 9806
1880 8379 11821
2343 5084 9244
14108 6847 1880
15274 23694 19531
14336 13666 8938
21540 15356 1628
18574 13729 20525
10931 10131 5342
21898 17088 6538
17139 14874 2557
7005 13285 7124
14336 22545 13666
7103 15815 7578
1520 17696 19406
5798 14336 22545
2167 5431 3168
14336 19471 8938
11214 16631 20010
18636 2063 21373
18760 10090 22379
10980 6957 3434
13548 12964 5673
17876 15511 17305
17971 11995 18565
10662 10124 23376
7483 13525 11689
8331 23672 7140
2944 13705 8712
11599 7483 13525
2530 759 23519
15959 21993 9349
12888 2332 10980
22182 16970 8909
10662 23376 19985
15226 17027 17016
5204 6657 14224
5163 653 12955
5603 5663 4886
17617 4473 190
6729 14260 6093
12056 6437 14431
23166 18756 17086
8628 22785 19833
15927 20978 9237
610 5873 13801
19933 22132 2657
10301 2911 23318
2115 1680 7060
4898 2796 9541
18890 17050 14047
14527 6077 17275
21288 9296 21022
1547 1267 21701
18242 23010 16223
2724 15226 17027
2206 2926 3517
16096 19604 18787
19778 15816 9370
6456 12452 12510
19689 7088 15838
19542 23318 18506
6568 12466 22171
6549 15469 7096
20988 19295 6456
16184 14615 9453
864 19352 8422
22984 18754 4543
14431 7494 8928
5163 16871 12955
2117 23864 6006
22805 23154 12804
19417 4620 18454
4725 14163 18666
4511 23716 23772
16305 22863 22584
22991 4549 22805
17617 13499 7909
22140 3158 18206
2446 12000 17235
23690 22921 15062
18119 1621 18853
7801 12378 16513
20243 17186 21498
21373 8993 11671
864 8422 11660
20445 19994 2276
760 16561 9620
17617 15815 4473
8890 1756 2206
20445 7083 23353
21597 8219 13382
19119 14529 13705
7014 15746 2256
2332 6957 1526
2332 10980 6957
2718 23270 603
13721 9368 15700
2281 14713 22085
8732 8628 22785
15000 15816 5076
270 17971 14937
888 10301 23318
17203 8275 8627
11942 7549 10068
4549 15812 22805
8839 6317 9541
11214 18704 9328
10904 7801 12378
20878 19560 10235
10550 7969 20823
1647 788 19127
18756 17086 3646
8215 4628 8012
16073 17980 13805
18733 12528 5353
13443 18760 10090
18871 10996 8197
18636 8993 10830
7590 18374 5172
9103 11538 10701
17222 7014 9453
8136 22056 12726
17865 10806 20791
16459 11347 9080
9806 17203 9145
20759 19509 16123
6847 7908 8379
17617 190 7909
14406 13011 23386
1808 16186 20592
4848 14977 560
881 22999 3564
2115 7060 238
6890 9633 12464
18733 22399 12528
2926 3517 7005
18357 760 7245
17849 6035 11818
9986 8306 224
17208 12 13974
22138 500 5203
18733 20989 1255
15816 9370 5076
7653 3185 23949
3157 9106 8838
18756 19912 4367
7103 3522 9451
13811 1628 5596
16018 16321 6328
19656 13529 10384
22354 14415 15000
6890 7834 9633
12351 13494 10530
14431 3420 10341
18322 7297 69
14108 6847 7908
15815 7578 10405
20445 19994 11018
16706 19093 19359
3336 7384 10306
8033 18402 11630
6154 2080 15366
11923 11689 18393
18697 5174 8051
6942 14711 18095
1647 16726 7623
13290 10009 10688
15812 22805 19804
3434 4739 9597
2121 6657 14224
2977 23986 19295
22667 4725 14163
16184 2666 9453
6663 3564 18536
4889 13072 4725
8051 7427 15886
5230 1880 11821
22667 718 14163
23559 20971 922
17208 12 23103
3918 1956 18288
2332 2998 11374
16610 9759 7276
430 20992 3106
18375 11878 18042
5321 5808 19703
13378 13625 16611
13937 10760 11493
881 3564 18093
7578 10405 2115
621 14256 23540
270 12510 11474
7590 13529 16907
7075 5842 18754
15637 18668 3961
17876 4381 17305
7837 10530 3386
14426 14596 13089
18919 19689 7088
700 11599 13525
8976 16837 598
7483 9211 9390
21998 19619 5929
16841 6571 23945
15573 8765 19804
12276 5905 17255
10502 922 10235
3621 22286 10384
17857 2284 19776
15350 2027 2432
23654 12813 3338
5842 10590 18754
7083 19417 23353
16338 7653 3185
13452 22976 19689
20174 2446 5333
13776 5522 15461
17617 7103 15815
4254 15959 17337
8945 12828 22133
23822 17208 23103
16706 4538 19359
6957 1526 11911
16348 10911 5905
5890 3599 4802
5155 9099 13711
19206 16459 16171
14046 2519 15811
10904 13522 12378
8839 9541 14746
19531 8890 1756
19933 5509 22132
5431 3168 1267
10562 21323 12000
13825 565 6663
10590 9354 23697
17213 114 534
19927 7236 17224
16348 12104 12920
1808 5719 20592
5655 3578 10177
864 20685 11660
17931 17016 15620
14108 20791 7908
9211 7282 6687
2454 8628 13498
8765 11764 9161
7875 8757 7481
21933 20761 2069
17744 2715 20092
20131 15637 18668
6240 22169 2027
20092 13974 12862
596 8640 2080
16557 13514 7367
2344 15775 20000
22697 4081 16427
21373 8993 10830
2718 15041 14874
10322 18011 12132
8215 13230 12313
18890 1203 17050
2121 10789 14224
5655 11493 2803
4886 8908 11009
18697 9806 6128
13729 9465 20525
15369 3879 16331
2115 18530 1680
2718 17139 2557
10187 2288 22854
21112 8232 21373
16779 4491 15344
3923 15959 21993
7723 21618 20971
21014 22565 10445
3929 20402 621
16348 10911 12104
20746 20759 19509
22667 4725 3470
2879 22140 3158
12245 5162 171
2718 603 16756
8928 9492 12006
22332 5905 17255
13474 19471 9370
23271 19434 17668
11041 23722 6571
6437 14431 7494
22169 14790 922
17971 4468 18565
16575 598 11468
14046 12313 15811
5009 14746 12130
19560 10235 15038
3368 23166 18756
1362 2380 22591
7578 2115 18530
22399 12528 9161
8043 20092 12862
1465 21378 15677
17203 9145 8627
18423 19119 15062
16038 23046 19776
3336 7384 18042
1691 2046 1471
19560 22257 7985
18697 2539 6128
8215 12313 8842
2718 17139 14874
11942 7549 8552
3336 18042 4557
8813 20732 7555
5009 14746 10721
2281 22085 4138
17186 12351 10648
8732 17726 17582
3621 22286 10721
21112 23137 8232
20597 9370 4138
16348 19927 5905
17101 16757 21020
14046 12313 8842
17980 3039 1541
9868 13729 9465
610 19996 13801
2332 1526 11374
13097 10550 7969
16561 20746 19509
7215 3464 11759
18073 21406 8219
9726 9047 16586
7597 11622 10068
21323 12000 17235
7242 4643 7828
4620 18454 19318
6035 18871 19736
21886 2803 19061
21933 20761 12816
2192 14851 22308
17204 14819 1582
22999 3564 19985
22697 15365 4081
1180 1471 1981
18666 11308 19999
18294 4557 12823
2063 21373 10830
2380 10004 22591
5890 4802 23138
2080 8131 15366
21618 20971 922
11233 9076 17222
6308 3110 15967
20217 10211 16186
270 14937 11474
23722 16841 6571
9373 760 9620
22308 12820 6459
10052 14128 20234
18644 19206 17725
596 6154 2080
19560 7985 15038
15226 22346 17016
5801 16096 19604
2281 13825 6663
18344 9076 18883
23322 1106 13386
22753 7653 7352
22332 10911 5905
8205 3221 4390
6103 14336 19471
13811 9047 16586
5502 9453 21756
23293 8219 13382
760 7245 22976
9370 4138 12955
13387 6942 20009
13059 5171 20949
16459 16171 9080
7276 2343 5084
22332 21863 8976
4072 22286 10384
17092 18760 4693
22766 9211 7282
5588 5387 2977
16557 2344 23266
4345 493 5645
1526 10848 11911
10729 16072 8492
4620 12300 19318
16984 4042 18760
18480 20597 4138
15927 9237 23954
10097 1483 19986
18697 5174 9806
7297 10010 5078
16171 4554 9080
4481 22332 2839
10981 14009 22921
565 20401 22672
18053 10617 17393
2718 16756 2557
4889 4725 3470
6448 13767 17862
19359 8046 13378
18754 22785 14674
13376 19387 17088
16837 14008 11468
8492 940 6379
2681 436 19736
10119 20732 3385
11347 9080 7030
3918 704 1956
1331 7162 7828
12470 23011 3336
10502 4397 2718
18668 10531 2288
22190 19128 440
11493 13522 2803
22565 2796 9541
7427 8813 15886
10534 10562 7521
18807 16072 8492
13075 16501 22347
13815 7427 1373
19909 17066 22110
7005 12006 16746
5113 21112 440
5603 4886 11009
11382 5603 12699
430 5662 3106
2227 20217 10211
500 5203 15365
15612 13434 6101
1873 10729 8492
6240 7723 11005
8839 6317 7895
7075 22984 18754
8201 6561 11486
7242 1471 1981
6154 2256 15366
7427 8813 7555
15350 5046 2432
4042 17092 18760
6300 17203 17585
10531 6300 17585
14450 7352 588
12726 8205 4390
5808 11018 19703
17849 2681 19736
2170 18294 15036
17202 1981 7828
11422 1547 1267
6308 9868 13729
14163 12313 15811
12811 20566 996
17056 17980 3039
16907 5172 8077
17101 20634 21020
23386 22248 4468
4072 19656 10384
3887 1711 10306
16557 7367 5886
20004 7597 11622
430 13828 9349
8949 12452 6830
7801 17726 16513
16837 598 11468
13828 17337 9349
2331 15573 8765
8949 6830 8220
14163 13230 12313
5398 17059 19776
2080 2666 8131
6729 6180 6093
7810 23697 3096
14163 2519 15811
15179 5808 11018
6101 2046 7242
22900 14209 10301
19933 5509 22346
5387 2977 19295
5686 9498 8033
16841 664 16846
9172 19456 17425
21703 2080 2666
3918 20017 704
20909 10271 9237
430 9349 5662
10531 7099 17585
18294 1680 12823
23799 19295 6456
17021 2846 2661
19166 6077 17275
19659 2493 13616
20620 14851 8602
1526 4298 10848
16561 9620 19509
4190 17269 21437
23406 20892 23293
2456 13443 16984
16631 22978 15327
6456 17971 4468
10531 2288 7099
11770 18344 18625
8949 19509 16123
23799 6456 12452
9608 664 23945
18697 2539 15886
11440 8329 20004
17849 1816 11818
8602 22056 12820
18344 9076 18625
11878 18042 6322
18807 8492 940
9608 23945 23322
23010 16223 2661
270 6456 17971
16557 5886 8136
22138 5203 23692
3336 2170 4557
7103 9451 18530
15511 12033 10763
17696 514 12789
12648 19665 12352
19909 21317 22110
1326 12811 20566
5719 20592 17316
17254 21022 5842
23822 23100 3529
6957 11911 18263
20092 88 13974
12452 238 6830
17617 3522 4376
16073 12378 13805
22376 19688 17132
18402 11630 5203
9283 19149 15620
19602 22182 904
2724 4293 17027
18853 4294 5348
23164 2227 20217
22332 2839 10911
7367 3239 18095
9370 653 12955
9451 18530 1680
4538 19359 8046
4612 16779 4491
22056 12820 4390
10590 7810 23697
10569 9478 9854
6448 17862 11468
8001 21112 440
22017 14849 23864
2281 18480 4138
9373 2715 20092
4886 17213 7875
21020 21701 14611
9726 6459 16586
16907 11821 8077
718 430 14163
21380 10911 12104
22815 17088 19113
1326 20566 16846
18357 760 88
9478 20721 9854
6895 951 2027
2344 15775 13514
6159 12002 19688
22815 19387 17088
16073 17056 12378
21112 18636 21373
10502 20878 10235
5842 8467 22785
5842 8467 9354
18294 9451 1680
10962 23692 13666
19656 7590 13529
13767 10430 2938
10119 8813 20732
21022 21640 4376
20721 9854 2661
4701 23010 1582
22429 13014 18256
23559 22169 922
5203 15365 23692
23759 3621 10721
17744 8043 20092
13733 20592 17316
1711 5491 10306
186 1670 9753
22392 18242 6858
9128 6273 15677
10648 7075 5842
13185 22190 949
15327 23387 20566
7458 19121 1777
17876 4381 12033
1101 19328 17850
23135 18871 8197
21898 6538 20423
19656 12373 14894
16765 3918 9779
23864 6006 22190
18322 7297 10010
21640 15036 364
22138 500 15365
19038 14204 21540
13767 17862 5639
8909 16766 4087
17617 9296 13499
12816 15698 6622
1065 18011 12132
23779 16586 5596
17617 7103 3522
19656 14894 12685
13767 2938 5639
20601 17254 5842
18644 19206 16171
9296 21022 4376
2192 20620 14851
22431 9615 16084
22138 22697 15365
23166 13564 9879
10648 20601 5842
19456 17425 18057
12056 13216 14431
11764 12528 9161
8949 16123 8220
21380 2839 7325
17849 1816 2681
6240 2027 11005
9997 12002 19688
19927 5905 17224
22190 949 19128
17101 17964 16757
17850 2724 15226
21886 19061 12378
18150 1109 1188
9365 5941 10948
17059 7485 19776
5162 171 5588
11233 14615 17222
12466 17073 14346
9726 2641 6459
18617 18150 1109
2046 7242 1471
14406 23386 6890
19328 17850 3599
1065 4087 18011
3533 8373 18214
13972 22863 17545
15706 22978 15327
6154 15746 2256
21380 2839 10911
16096 5815 13564
15388 12352 5798
11382 11274 12699
1486 700 13525
6317 23135 18871
6101 13249 7242
11364 22887 18143
69 4081 5078
18500 6568 12466
9759 17429 13823
18574 8370 20525
8329 20004 11622
8001 21112 23137
2227 10211 16186
3157 8838 9753
534 18073 23293
5203 10962 23692
5842 18754 22785
9498 23101 11630
10617 15295 10856
20674 22475 2398
21863 22009 13733
13434 1520 19406
16018 16321 21058
13216 23479 10341
2115 238 6830
14964 951 22169
9498 8033 11630
14615 17222 9453
16348 7236 12920
6006 22190 914
9317 10789 6622
12964 5673 11599
6663 18536 22672
18787 13828 17337
21031 12056 13216
21019 12708 8762
60 15064 2641
16305 6118 22863
16096 18787 13564
159 20829 6437
19656 7590 12373
12827 17425 23323
10806 14108 2393
10590 18754 9354
9283 17931 15620
270 6456 12510
1127 21640 15036
9615 16084 19113
17202 1180 1981
23011 3336 17255
2879 22140 18206
6890 4468 18565
20674 914 2398
22308 2641 6459
15344 4190 17269
2454 5448 13498
8299 23654 12813
12797 8945 17275
21142 3182 14318
5046 2432 19285
6957 3434 18263
1816 22999 18093
8205 16586 3221
13501 20796 5348
6835 4549 15573
15722 22325 6369
11463 19636 20000
3464 14723 1255
18042 14937 11474
12351 7075 7837
18697 8051 15886
13072 4725 15727
17393 19911 5009
15064 2454 8628
10062 8945 12828
17865 16193 5230
4481 22332 16837
13811 16586 5596
19434 10806 20017
5842 18754 9354
12276 3336 17255
3210 10775 16706
1255 13535 10131
16575 6448 11468
20786 23277 20424
23864 22190 440
1432 4426 617
5162 5908 5387
13721 15700 16321
23966 8331 23672
23779 8205 16586
17046 5483 10638
4725 18666 19999
565 6663 22672
19604 2117 20674
2277 21380 7325
15461 17397 762
12104 22417 1127
22772 7801 17726
2090 21161 190
16557 2344 13514
18787 13564 13828
20445 15179 11018
20217 14889 20461
7506 19604 2117
10502 2718 15041
10738 4643 18214
2277 7325 19911
13443 2998 333
17581 7623 16492
23217 1950 20010
10654 18037 11347
11288 186 1670
69 15365 4081
22056 12726 4390
10806 14108 20791
18540 12302 5721
12276 5905 17224
60 15064 8732
11644 16757 21020
10260 16321 21058
3257 5171 20949
4596 6729 16969
12351 7837 10530
7030 864 19352
17617 9296 4376
7590 16907 5172
5155 3310 2193
1816 2681 18093
4898 9541 14746
5162 5588 5387
8046 13378 16079
15927 8129 23954
15927 1479 8129
534 7875 7481
10617 17393 12130
19619 8662 9141
11644 21020 14611
22017 2117 23864
7922 1442 13059
18432 7941 9608
18042 6322 14937
12648 10463 15388
6317 21230 18871
9608 664 16846
21863 8793 14889
9257 2192 60
10352 22753 7653
10654 1808 16186
21161 17891 18919
11630 5203 10962
1432 3157 4426
23424 3825 11978
2879 22697 3158
7367 5886 22056
13193 1326 16846
21863 14889 20461
1794 257 18637
16193 5230 10430
14529 18393 6687
1203 14047 916
18819 21022 10590
11778 7014 15746
12648 19665 10463
8046 4293 16079
22697 16427 3158
2660 9137 2046
9557 3368 21024
5483 10638 1873
14008 3188 13570
14261 18402 20823
3846 13378 16611
69 15365 23692
6716 2926 12006
16970 8909 11102
4725 15727 19999
9064 9365 5941
7276 18637 2343
7592 18712 23046
13290 762 10688
7245 4085 13452
1637 21161 17891
19665 10463 12346
9064 12797 5941
10654 19476 11347
23424 17132 3825
18733 13535 10131
8201 18637 11486
16575 20217 8793
7458 14261 18402
16084 17088 19113
951 22169 2027
23822 1628 23100
556 591 8681
914 3157 4426
22752 13387 20009
12099 14426 1880
7367 14711 3239
21580 13474 5163
16073 17056 17980
19817 15601 22017
11923 14529 18393
11422 1331 3168
14529 13705 6687
5801 7506 19604
16508 6159 12002
10654 2227 16186
2944 7282 8712
5046 186 19285
8765 9161 21034
21898 16084 20423
2170 18294 4557
12772 5113 21112
7779 11382 5603
4833 20202 15426
18037 11347 7030
696 13876 8640
6935 7162 7828
11608 17614 22431
9948 16305 6118
16631 20010 22978
14260 10898 3182
10617 10856 3395
18540 6333 5721
6568 2193 22171
7592 14009 18712
2926 7005 12006
18012 14330 12648
12304 5526 6448
8765 19804 21034
9888 18012 14470
10617 12130 3395
16575 8793 598
22832 14065 9423
3923 610 19996
18402 5203 3895
15273 2193 22171
18668 9713 10531
10738 3533 8373
10131 5342 21034
21863 20461 13733
10738 8373 18214
23980 2090 21161
20217 16186 20461
18073 23293 8219
10898 3182 23277
17021 16223 2661
21886 13522 2803
7941 15570 9608
18432 9608 16846
414 1479 8129
2090 5448 190
20829 2206 2926
14102 13290 10009
2039 23431 19046
6159 22376 19688
8548 22133 22171
10849 17744 8043
3923 21014 610
4898 14746 12130
15461 13290 762
17440 15704 3578
12804 23322 1106
14102 6288 12
21498 22417 1127
6333 5721 22110
69 5203 3895
22017 7506 2117
759 9368 12712
16331 13937 10760
2589 10463 22978
2493 13616 9128
10617 842 15295
16193 13767 10430
15064 8732 8628
21886 13522 12378
10455 1950 20010
3887 12470 10306
22190 914 4426
22658 1442 13059
23098 23519 15677
11316 9328 16084
22190 4426 617
12351 10648 7075
13185 22190 1432
11041 23722 3464
1626 11608 17614
16557 23266 19038
12302 2010 5721
4111 23672 7140
430 8215 13230
8860 19525 4225
19233 9172 17425
17204 4701 1582
21072 14346 5398
13721 10260 16321
12304 16193 13767
19848 12713 23859
14047 5734 916
12397 888 18506
1486 13525 11689
16557 8136 19038
10788 5483 16501
23722 16841 20566
112 12887 154
23966 11195 8331
15344 17269 21437
23266 7167 19038
21488 4042 17092
14723 1255 11759
10898 20786 23277
2872 9986 8306
14135 2010 10271
6317 14363 21230
188 2637 11274
13376 21898 17088
591 8681 2998
15959 22475 19117
6716 8928 12006
22182 16970 11343
21498 1127 21640
621 21900 23540
14977 8796 560
1228 4343 9713
1794 7276 18637
6664 18807 16072
13216 7834 23479
14102 12 10009
18402 3895 20823
6715 22766 9211
10849 8460 8043
3182 14318 23277
1331 6935 3168
5163 9370 653
9257 22772 16331
13216 14431 10341
4343 12789 9713
8793 8976 598
18733 13535 17482
8640 21703 2080
17482 22325 6369
11288 5046 186
22138 23692 4317
17696 18874 514
14135 20909 10271
8299 12813 1390
759 23519 12712
22429 4967 13014
12811 23387 996
18432 13193 7941
1331 7828 19608
7351 3963 14849
14406 6890 7834
4633 5321 5808
19531 1756 23052
5448 190 13498
7014 2256 5502
1101 7505 3599
22565 3470 10445
16305 5924 22584
16970 11102 11343
22190 1432 617
7014 5502 9453
7458 14261 15722
19912 3434 4739
914 10097 1483
1348 6333 21317
16018 12712 6328
12099 14426 13089
11041 3464 6571
2344 23266 7167
17850 3599 19933
21022 5842 10590
11608 4127 22431
19517 11942 10068
4554 14406 7834
2169 20243 17186
11778 11770 18625
21898 11316 16084
1331 6935 7162
19517 11622 10068
16841 20566 16846
23409 16639 17204
10510 18139 10002
12797 5941 11282
12470 3336 10306
914 186 9753
2879 18206 14415
13075 22347 2456
22565 13072 3470
6935 17101 3168
426 17305 23654
16501 22347 4042
22332 21863 17255
14213 3310 18407
21072 5398 19776
15570 22805 12804
21863 23011 17255
9161 10131 21034
12304 6448 13767
19671 15369 3879
21247 17440 15704
12304 17865 16193
4889 13072 3470
7245 13452 22976
17770 18920 13501
18853 4294 21220
19517 11942 8552
1326 4127 12811
257 8201 18637
8370 20525 23654
17213 534 7875
1255 1865 10131
13877 8190 9478
11778 18625 7014
13897 20131 15637
8602 14711 22056
2177 10497 8011
10510 5210 10002
23424 5588 11978
414 3581 1479
14384 12124 560
6317 7895 12685
9708 5113 21112
9504 10849 8460
21863 8793 8976
9373 760 88
22697 4317 14415
23386 6890 4468
6935 17101 17964
17101 3168 20634
430 14163 13230
10554 5410 18725
7367 14711 22056
23966 11195 16628
9608 12804 23322
8299 17305 23654
1015 12099 1065
18725 22991 22805
8190 10569 9478
18704 11316 9328
10738 18874 19406
20044 3846 13378
1015 12099 8909
888 22900 10301
18920 13501 4294
8548 15273 22171
13474 5163 9370
21923 14009 22921
18432 13193 16846
16657 11382 11274
22138 22697 4317
11422 18322 10010
4254 18787 17337
20682 7351 9708
23505 17021 2846
23323 20949 18057
1255 6571 1865
1820 4612 16779
2879 22697 14415
4476 23406 23293
9373 20092 88
12797 11282 2284
21377 22392 18242
2000 18704 11316
3963 23864 440
23578 13937 11493
12099 1065 13089
19912 4367 12674
15722 1255 11759
1547 5174 23344
10806 15403 2393
10738 3533 18874
11533 1691 12528
13185 949 3157
13876 596 6154
5673 11599 7483
21380 12104 22417
21220 13376 19387
14204 23100 3529
14828 1647 788
6664 7607 18807
9038 257 8201
1547 10010 20822
17770 23896 18920
4254 20674 15959
16018 6715 21058
459 23505 521
14406 6890 12464
19604 4254 18787
5686 2872 9986
1180 1471 5353
17073 5398 17059
21773 6715 9211
6729 16969 14260
14205 17192 21213
10554 3608 8129
21377 4701 18242
19434 10806 15403
15918 21585 588
2192 22308 2641
2192 60 2641
459 10569 521
7167 19038 14204
14345 17046 5483
4481 16837 14008
904 13972 17545
17429 20044 3846
21437 17059 7485
4067 5645 21900
8001 1670 23137
7653 7352 23949
19909 17066 16322
188 10177 2637
5929 8662 21868
3210 16706 4538
19615 6835 22991
23578 5655 3578
6317 12685 7225
4135 19456 15781
2169 20243 21380
19371 188 16657
9498 23101 8306
19434 17668 15403
6935 514 17964
12548 15601 23156
2277 2169 10617
5686 7458 8033
2711 21936 1794
13501 4294 5348
3948 23578 13937
11099 19909 16322
1547 20822 5174
1203 16492 916
2530 759 20316
3512 328 1520
18037 7030 5321
1348 18540 6333
13185 1432 3157
188 16657 11274
18053 2277 10617
20131 1228 9713
16766 10322 18011
4127 22431 16084
3887 12470 23011
17668 11233 11868
5113 18636 8993
7458 8033 18402
16331 10760 10904
4428 23694 8890
1873 8492 6862
16331 10904 7801
16765 5526 3918
19093 17429 20044
7215 7458 15722
10701 11979 17975
14819 1582 9478
2169 17186 12351
9283 13823 19149
914 1483 186
22102 13897 4343
9948 15388 4606
17668 15403 11868
21923 15344 14009
645 11333 17050
7505 3599 4802
16305 8611 5924
9759 7276 18399
6317 14363 7225
4476 23137 23406
6103 16305 13474
16305 21580 13474
13097 22325 9574
3533 18874 18214
18053 2277 17393
2169 10617 842
11099 9762 16322
8909 1065 4087
20989 15722 1255
19912 12674 4739
2944 22766 7282
8370 20611 426
171 23424 5588
18733 22399 9161
2427 17850 2724
1486 11923 11689
21585 21491 6858
18143 22900 14209
6333 21317 22110
23217 10455 1950
19604 4254 20674
10897 20682 7351
9708 5113 440
14406 864 6890
23424 19688 17132
11102 16766 10322
10738 19406 4643
914 3157 9753
15344 14009 21437
10260 21058 22766
5686 9498 2872
21323 9099 17235
12872 23859 20796
19542 18506 14819
7351 9708 440
17425 23323 18057
18257 5673 9211
14065 12099 8909
1180 17482 9574
16301 3257 20949
18733 9161 10131
5155 5333 9099
3024 21998 11440
9080 7030 864
4476 1670 23137
954 4847 17192
16301 23323 20949
2277 2169 21380
3464 1255 6571
19636 7167 14102
22658 15781 13059
15388 5798 14336
15918 21585 21491
1109 1188 17066
19848 20815 23859
9103 12977 16422
18621 4491 4190
2169 12351 842
19933 15226 22346
4111 7140 22110
12397 888 22900
22752 2498 20009
2278 4343 12789
16305 21580 8611
12772 9708 21112
18874 6935 514
1691 12528 5353
13059 3257 5171
12765 21031 13216
23409 17204 14819
16775 11533 1691
4980 9888 15865
20977 23698 15698
4481 23759 14008
6180 6093 21142
22772 16331 7801
12765 15880 13216
20243 21380 21498
610 22565 2796
11102 11343 10322
17073 14346 5398
11195 16628 8331
2530 4650 20316
1015 8909 1065
8475 16775 2660
21380 21498 22417
21014 610 22565
2277 17393 19911
16775 9137 1691
23039 19342 4980
11422 1547 10010
5155 5333 3310
12977 16422 12872
2344 19636 7167
10497 14162 14977
6935 18214 7828
3512 13434 1520
15511 8299 17305
9997 23424 19688
3887 22009 23011
4538 8046 4293
9557 21024 23166
7192 21247 17440
23431 23164 20217
15865 14470 15588
4381 23505 521
21072 2284 19776
9423 18344 2393
13535 1180 17482
23156 9557 12888
1626 19127 17614
12708 23052 2190
20674 15959 22475
2121 10052 14128
1873 21488 6862
23271 17975 18377
20131 18668 9713
15274 19531 23052
1109 9762 16322
5164 1053 13075
13535 1180 5353
14260 6093 3182
19456 15781 20949
21863 22009 23011
19542 23318 14819
22182 11343 17545
20620 13387 6942
13877 8370 8190
9948 6103 16305
17677 4505 2944
12304 5526 17865
22832 15865 14065
20611 10569 521
10455 10463 22978
19615 18725 22991
14384 12124 12813
4505 7147 10260
14810 14406 864
17725 10654 19476
20902 11099 9762
9257 22772 60
3110 15967 14209
19996 15959 19117
13877 10301 2911
1621 4509 13376
2589 15706 22978
13434 19406 13249
23759 3621 3188
11608 1326 4127
4020 13776 15461
14204 3529 6288
11778 6154 15746
17725 13992 10654
3608 5520 8129
399 20682 12772
9498 2872 8306
4505 10260 2944
13434 6101 13249
15781 13059 20949
2461 16969 14260
2911 23318 14819
16639 21377 17204
4127 12811 23387
9504 16313 8460
10981 14009 15062
2331 8765 11764
4833 15426 22253
14810 9080 864
11214 16631 4127
645 11608 1326
5673 7483 9211
12713 16422 12872
7165 23722 3464
3250 9868 4848
2589 7458 1777
17857 23046 19776
11979 23271 17975
4453 16969 12040
19671 304 3879
21302 21868 20619
7351 3963 440
19166 8945 17275
11422 18322 1331
18012 14470 15588
399 7505 12772
4509 2000 11316
19406 13249 7242
9759 9283 18399
12124 12813 3338
18037 1808 5321
15601 23156 5801
1691 1471 5353
16018 21773 6715
3923 19996 15959
4606 13972 6118
328 2278 1520
7167 14102 14204
18853 21220 13376
18322 3926 7969
16628 5642 19113
12887 154 2498
16775 2660 9137
9868 9465 16024
9948 15388 14336
2427 1101 17850
21302 3572 20619
20265 22105 16018
17771 12302 21062
13877 2911 9478
18150 1188 17066
9423 14108 2393
23716 18128 19046
5812 11233 14615
11538 5812 21703
20989 17482 6369
16501 21488 4042
23896 23772 18128
9759 9283 13823
7147 13721 10260
15588 19602 904
23759 14008 3188
1808 4633 5321
23409 18506 14819
23896 2039 18128
7224 23039 9423
18322 7969 3895
18322 69 3895
15865 19602 22182
1647 17581 7623
20989 15722 6369
1203 17050 16492
11333 17581 17050
8370 426 23654
17850 19933 15226
2589 7215 7458
15706 15327 20566
16024 23654 3338
23980 1637 21161
15511 8299 10763
7165 15706 23722
1109 17066 16322
2278 1520 17696
22815 16628 19113
22887 18143 14209
16301 13059 3257
188 3578 10177
18725 15570 22805
20265 7096 18257
1621 18853 13376
2366 1465 15677
15706 23722 20566
4554 13216 7834
19848 21632 20815
9948 4606 6118
18874 6935 18214
5817 2075 6310
21072 22171 14346
13147 15927 1479
7352 23949 21585
7530 14135 13870
2121 6657 10052
3608 7941 15570
6664 10729 16072
9948 6103 14336
23431 16575 20217
21019 12245 5162
15865 15588 19602
13616 23098 15677
19665 12352 10387
16631 15327 23387
2121 14128 20234
20682 12772 9708
19406 7242 4643
6093 21142 3182
159 12056 6437
7941 14047 5734
20902 11099 21317
10455 10463 15388
23690 18423 15062
2010 10271 21062
10455 20010 22978
13376 21898 11316
23698 15698 6622
112 154 22752
18150 17066 7140
5155 2193 13711
14102 14204 6288
22182 904 17545
23849 22429 4967
22815 8331 19387
18322 3926 19608
23980 13811 1637
304 3879 9257
2911 14819 9478
1320 3572 20619
8496 5164 556
11261 13147 3581
12397 23409 18506
13514 7367 18095
2589 10463 12346
14384 560 12813
13776 19636 5522
591 13443 2998
8011 14318 23277
8299 10763 1390
7458 10387 9986
7224 11770 18344
4847 11224 17192
4511 17129 23772
3608 5734 916
12302 2010 21062
414 10554 18725
10943 18540 12302
7505 4802 8993
17581 17050 16492
21377 17204 4701
15601 22017 7506
10260 2944 22766
4190 21437 17059
2589 7165 7215
20204 8329 11622
11463 13776 19636
13616 9128 15677
112 304 22752
5410 3608 15570
1626 11333 17581
5483 16501 21488
10455 12648 15388
23156 5801 9557
22487 4848 14977
16631 4127 23387
7779 8201 5603
16508 6159 22376
2589 12346 1777
21377 3185 22392
5686 7458 9986
20815 23859 20796
11463 15775 20000
8190 20611 10569
16706 19093 17429
4067 4345 5645
12708 2190 1145
60 8732 17726
9465 20525 16024
645 1626 11608
23698 10789 14224
904 4606 13972
22772 60 17726
15588 12648 4606
154 22752 2498
22753 14450 7352
954 14205 17192
18621 4612 4491
4127 9328 16084
8370 8190 20611
9038 7779 8201
17482 22325 9574
11214 4127 9328
15612 6101 2046
7530 14135 23966
17050 7941 14047
10763 22079 1390
696 7224 13876
14406 1145 12464
14065 12099 1880
3918 10806 20017
10534 20174 7521
18150 8331 7140
17857 10948 23046
14828 20909 788
21361 12124 3338
5410 18725 15570
13514 16963 18095
10943 1348 18540
18139 10002 12114
2278 17696 12789
2589 7165 15706
9146 20139 6664
2711 21936 257
4833 16301 23323
19636 5522 13290
7224 9423 18344
15880 4554 13216
7607 10187 3961
19636 14102 13290
5812 23271 17668
23039 22832 9423
2461 14260 10898
5483 1873 21488
20815 18853 5348
696 9103 16422
12772 5113 8993
7592 13969 15062
21247 15704 3578
4833 22253 23323
15880 16171 4554
304 22752 1434
16508 22376 17744
14563 22127 16925
17770 16765 5526
3250 22487 4848
9103 15185 10701
23039 4980 22832
750 18617 1109
23698 10789 6622
15185 10701 17975
12708 8762 1145
18012 15588 12648
19848 21632 12713
11538 5812 23271
4666 13721 20318
23217 14330 20010
5812 17668 11233
4453 20977 12040
8011 23277 20424
304 1434 20620
20815 20796 5348
7592 13969 11923
15185 9779 1956
11261 414 3581
6664 10638 10729
3608 5520 16726
4848 12813 3338
12797 8945 22133
10775 16706 17429
5801 5815 9557
15775 12887 2498
15185 16765 9779
112 6310 12887
22392 21585 6858
21491 17021 16223
12977 15185 16765
7192 21247 3578
9064 12653 9365
15601 5801 7506
4111 5721 22110
17770 23896 23431
10810 9365 23046
20525 16024 23654
10497 22487 14977
13811 23822 1628
3608 7941 5734
3608 16726 1064
15274 12708 23052
5815 23166 13564
4848 560 12813
2177 10497 22487
9868 4848 16024
13811 1637 23822
23949 22392 21585
5929 21302 21868
15185 17975 1956
17771 10943 12302
11224 14205 21213
13147 15927 21062
7505 12772 8993
4980 22832 15865
18322 1331 19608
19048 23698 14224
10943 1348 21317
22815 16628 8331
22105 16018 12712
1053 10788 13075
9146 6664 7607
23896 2039 23431
1820 18621 4612
3608 1064 916
4848 16024 3338
14330 18704 20010
6315 14330 18704
4509 13376 11316
4666 7147 13721
15588 904 4606
6942 8602 14711
20698 14345 10638
19166 10062 8945
14135 20909 788
14135 788 21204
9317 10789 20234
2121 10789 20234
11440 20204 8329
5164 556 591
21361 8796 12124
21220 8331 19387
7592 14009 15062
11672 5929 21302
4666 4650 20318
14065 22182 8909
15637 7607 3961
6308 3110 18574
19815 8475 2660
14450 15918 588
750 17129 1109
645 1626 11333
3512 15612 13434
10052 9317 20234
11538 8640 21703
9365 10948 23046
20902 1109 9762
20902 17129 1109
12977 12872 20796
9888 4509 6315
4225 16779 21923
14450 15918 21491
21019 5162 5908
20620 6942 8602
15775 13514 2498
7224 18119 23039
13514 2498 16963
23896 18920 18617
5526 3918 10806
15865 14065 22182
10775 9759 17429
4225 21923 22921
5526 17865 10806
591 2456 13443
21323 9099 13711
23217 14330 10455
18261 19817 14849
2426 17725 13992
23896 750 18617
9064 12797 17275
12397 18143 22900
22429 8552 18256
4833 20202 16301
4509 2000 18704
12765 21031 12056
8860 18423 3739
304 9257 2192
645 17050 1326
13876 11778 6154
13877 14209 10301
19815 15612 2046
18119 23039 19342
19337 1053 10788
1626 17581 19127
14330 10455 12648
23289 4453 20977
21220 18150 8331
16508 10849 17744
23098 2530 9141
14135 23966 16628
7192 188 3578
1647 17581 19127
21019 12245 9997
6568 2193 13711
12040 12816 15698
8890 20829 2206
6310 15775 12887
9103 12977 15185
9423 14108 1880
19525 23690 18423
20204 19517 11622
19815 2660 2046
14135 21204 5642
1621 9888 4509
304 2192 20620
3250 2177 22487
3110 13877 14209
9997 171 23424
13193 17050 7941
12245 9997 171
4225 23690 22921
5210 12114 2462
12653 12964 11599
6308 9868 15967
3110 18574 8370
19525 4225 23690
5815 9557 23166
7458 19121 10387
4428 159 8890
10810 1486 23046
2427 16001 4538
9146 15637 7607
2711 1794 16610
2010 4111 5721
22887 15967 14209
21019 5908 19080
19619 19659 13616
14065 9423 1880
9103 11538 8640
2724 4538 4293
20265 6549 7096
13193 17050 1326
21072 22171 2284
19665 12346 10387
9613 20371 20619
5520 16726 23954
696 12713 16422
23716 2426 19046
4294 21220 18150
2426 19046 8930
12797 22133 2284
8011 14162 20424
8762 13011 19080
12977 13501 20796
23431 8930 23164
1277 11463 13776
12548 19817 15601
8860 19525 18423
4020 15461 17397
10497 8011 14162
19121 12346 10387
399 1101 7505
14135 13870 2010
17770 23431 5526
18621 4190 17059
2461 16969 12040
11440 10706 20004
18920 18617 18150
22133 22171 2284
13870 2010 4111
696 9103 8640
20265 18257 9211
696 21632 12713
20265 16018 21773
11533 11764 12528
2711 9038 257
22524 7192 188
8762 14406 13011
3909 14527 6077
18119 1621 19342
14828 1647 20909
21933 2069 9317
696 21632 18119
1621 19342 9888
159 8890 20829
23431 19046 8930
13876 11778 11770
14162 14977 8796
12397 11364 18143
17677 2944 3739
21019 8762 19080
4509 6315 18704
16726 9237 23954
3110 13877 8370
14135 16628 5642
1929 9038 7779
696 7224 18119
10002 12114 2462
23431 16575 6448
22102 13897 15637
22127 16925 2462
3210 16001 4538
8762 14406 1145
2461 12040 12816
14563 272 22127
16925 10002 2462
2366 22105 15677
23156 8681 12888
14527 9064 17275
1320 9613 20619
23431 5526 6448
7224 13876 11770
18920 4294 18150
17770 16765 13501
21632 18119 18853
5164 13075 2456
21632 20815 18853
16508 23436 12002
10062 14213 3310
18261 10897 7351
9480 6180 21142
12977 16765 13501
4428 12765 159
2427 2724 4538
7230 4020 17397
7592 23046 11923
12033 10763 22079
12548 556 8681
20265 21773 9211
21019 12708 9997
2499 19337 10788
18261 7351 14849
12765 159 12056
272 22127 2462
1486 23046 11923
2530 20371 9141
22105 23519 15677
22102 2278 4343
22524 7192 17440
11261 19615 18725
11261 414 18725
22105 23519 12712
9613 2530 4650
23896 750 23772
15119 12033 22079
2075 6310 15775
1647 20909 9237
22524 23578 3578
12548 23156 8681
10352 16338 7653
8496 12548 556
18261 12548 19817
1953 3929 20402
10562 22658 1442
21759 19371 7779
1647 16726 9237
5210 16925 10002
22524 17440 3578
5164 591 2456
750 17129 23772
13616 23098 9141
22102 9146 15637
19619 13616 9141
19048 19057 20977
9613 2530 20371
10534 10562 22658
1953 4345 3929
11298 1953 22253
21998 19619 19659
3024 11440 20204
3250 9868 15967
18644 15880 16171
18980 12397 11364
10534 22658 15781
23716 2426 17725
8860 17677 3739
18621 17073 17059
19671 3948 15369
22524 3948 23578
5817 112 6310
14162 20424 8796
23716 18644 17725
2331 11533 11764
4596 6729 6180
1277 5817 2075
11391 21998 19659
2366 20265 22105
17677 4666 7147
2711 1929 9038
9613 4666 4650
15274 12708 9997
2499 10788 5483
7922 16301 13059
1277 11463 2075
11463 2075 15775
16775 2331 11533
17771 13147 21062
10775 16610 9759
21933 10052 9317
18261 8496 12548
4511 23716 18644
18261 8496 5164
15274 9997 12002
21759 19371 188
10943 20902 21317
23289 4596 6180
8475 16775 2331
21759 1929 7779
21933 2461 12816
21998 11440 5929
6835 2331 15573
19048 5204 14224
19815 3512 15612
1277 4020 13776
11298 1953 4345
20698 6664 10638
4381 23505 17021
1199 13548 12964
9064 12653 12964
18980 3909 12397
18261 19337 5164
3909 14527 9064
5817 112 19671
7230 17397 16313
15119 4381 12033
19517 22429 8552
11440 11672 5929
2499 14345 5483
5645 21900 23540
2711 10775 16610
10352 22753 14450
20786 20424 8796
11440 11672 10706
5817 19671 3948
11391 3024 21998
11672 10706 20004
10534 4135 15781
18980 3909 6077
18980 19166 6077
21759 22524 188
399 2427 1101
11391 3024 20204
4511 20902 17129
2711 1320 1929
23289 19048 20977
18980 11364 22887
18261 19337 10897
2711 3210 10775
20174 5333 3310
11672 21302 20004
4428 744 23540
23409 1199 16639
16338 21377 3185
1320 9613 1929
10562 7922 1442
23849 21302 20004
19233 4135 9172
14450 21491 17021
12397 23409 1199
22524 5817 3948
3909 9064 12964
18500 6568 13711
4428 23694 744
7230 9504 16313
3909 1199 12964
23694 6607 744
3210 16001 22429
22524 11843 5817
3909 12397 1199
1820 11843 5817
22102 328 2278
20786 21361 8796
10562 7922 21323
20698 5210 16925
1320 3210 3572
3210 23849 22429
1199 6549 16639
2711 1320 3210
3210 21302 3572
2427 16001 22429
23694 20402 6607
20202 15426 15274
21759 9613 1929
15426 15274 23694
15426 1953 23694
1820 11843 16779
1953 23694 20402
11391 5532 20204
3250 2177 15967
2177 9480 15967
4225 11843 16779
14563 5532 16925
6549 16639 21377
20698 5210 2462
3210 23849 21302
16508 7922 23436
8860 4225 22524
20202 23436 12002
20202 15274 12002
20698 16925 14345
21933 2461 10898
9480 22887 15967
20202 23436 16301
20698 6664 2462
5204 954 4847
21759 9613 4666
7922 23436 16301
21933 10898 20786
1820 1277 5817
7230 1277 4020
20139 6664 2462
272 5983 20139
272 20139 2462
16338 15321 1465
6693 16338 15321
5204 4847 11224
4225 22524 11843
2499 16925 14345
4511 20902 18644
10352 272 5983
8860 17677 4666
2366 16338 1465
8860 21759 22524
5204 6657 11224
4428 12765 23540
12765 5645 23540
14563 272 5532
1820 18621 1277
20265 6549 21377
8860 21759 4666
2366 20265 21377
2427 19517 22429
18621 18500 17073
16508 7922 10849
12765 5645 21900
399 10897 20682
2366 16338 21377
4067 12765 21900
11391 5532 6693
10352 22102 14450
17771 11224 13147
7922 9504 10849
10062 20174 3310
399 2427 19517
10352 22102 9146
10352 9146 20139
22102 328 14450
17771 10943 11224
20204 399 19517
11261 11224 13147
10352 5983 20139
11261 19615 10052
2499 5532 16925
11261 6657 10052
2499 5532 20204
10943 11224 14205
272 5532 6693
10352 272 16338
7922 21323 9504
22189 11298 4345
328 14450 17021
272 6693 16338
20204 399 10897
11261 6657 11224
9480 22887 6180
7230 18621 1277
2499 19337 20204
21933 19615 10052
19337 20204 10897
15119 4381 17021
7230 21323 9504
21933 19615 6835
18980 22887 6180
19048 19233 4135
7230 21323 13711
7230 18621 18500
23289 19048 4135
3512 328 17021
7230 18500 13711
22189 4067 4345
4067 12765 15880
19815 8475 15119
18980 19166 6180
21933 6835 2331
3512 15119 17021
4067 954 14205
10534 23289 4135
19815 3512 15119
4067 18644 15880
8475 15119 21361
19048 22189 19233
10943 20902 14205
19166 6180 10062
8475 21933 2331
10534 23289 20174
8475 20786 21361
23289 6180 20174
6180 10062 20174
19048 5204 22189
8475 21933 20786
22189 4067 954
4067 20902 18644
5204 22189 954
4067 20902 14205
