20198
7176
17350
10302
5755
13913
12169
11679
16664
12908
15654
21126
5771
9621
7690
6814
23950
23493
6542
12405
22995
9780
20808
19987
15373
11096
14815
13848
22155
16531
5360
15034
2466
19899
18546
13794
18502
5660
11806
22254
13083
21285
6584
6442
23439
13748
11809
23008
10983
17491
10673
4640
6560
21315
22675
17985
4502
13674
9292
4556
11944
10059
11329
5126
374
16135
8955
3689
14974
8605
3976
5176
20762
11795
15919
3806
16411
20607
4625
2733
9195
16030
4933
4088
4153
9554
4798
20221
11435
16552
2673
4793
21621
6412
5091
17883
11449
5031
11078
22914
6178
719
23878
4149
8933
185
23016
15235
22001
16345
20419
19762
5704
5666
14500
6017
12611
6533
18614
8092
11142
12123
18229
5963
20515
11723
15035
3643
1295
1849
11760
20248
8139
20156
23682
17217
15649
12200
23525
14846
7800
682
12451
142
3444
4089
5832
6281
7569
10801
5897
6536
555
18671
10730
21261
8251
16076
18748
3889
2653
17539
15110
9718
13367
6941
20605
17941
1391
4912
17074
15947
15074
9844
5247
5720
8824
4475
20018
8198
532
5878
10365
8242
5958
8296
5427
13984
2507
20075
639
6477
2425
12161
8752
8786
20298
7369
20486
19390
23889
12407
10744
23177
2989
1452
2636
11398
19622
15312
7434
2434
3992
1578
9532
14446
12491
10247
3203
3234
9074
23676
18005
4377
13286
21654
18068
3865
9489
17291
10479
23997
17389
22418
12777
15481
16901
23540
744
6607
20402
16725
1953
15426
22253
17661
23323
16301
11276
23110
3257
12393
5171
2443
1442
22658
10534
7521
12000
21323
17635
20238
17235
9099
5155
3310
15273
2193
6568
12466
17073
7796
16038
7485
18712
21437
17269
4190
4491
15344
21923
22921
10981
14529
15062
19119
13705
3739
2944
4505
17677
7147
10305
4666
13493
5620
1141
22193
21882
19722
12356
13141
20619
21868
8662
5929
19619
21998
3024
11440
20004
10706
23849
7597
4967
13014
18256
8552
11942
7444
9831
5518
16166
2060
2487
13567
3814
7637
9924
14673
20454
1739
3849
7804
14042
13077
12411
23825
19723
23801
5142
20463
2289
10993
17384
6635
889
5183
4753
20377
17252
902
19002
20557
944
1587
7616
10473
22533
1160
23363
1058
318
12339
15024
2420
3673
16921
20053
19129
19135
19399
14405
20198
