20198
7176
17350
10302
5755
13913
12169
11679
16664
12908
15654
21126
5771
9621
7690
6814
23950
23493
6542
12405
22995
9780
20808
19987
15373
11096
14815
13848
22155
16531
5360
15034
2466
19899
18546
13794
18502
5660
11806
22254
13083
21285
6584
6442
23439
13748
11809
23008
10983
17491
10673
4640
6560
21315
22675
17985
4502
13674
9292
4556
11944
10059
11329
5126
374
16135
8955
3689
14974
8605
3976
5176
20762
11795
15919
3806
16411
20607
4625
2733
9195
16030
4933
4088
4153
9554
4798
20221
11435
16552
2673
4793
21621
6412
5091
17883
11449
5031
11078
22914
6178
719
23878
4149
8933
185
23016
15235
22001
16345
20419
19762
5704
5666
14500
6017
12611
6533
18614
8092
11142
12123
18229
5963
20515
11723
15035
3643
1295
1849
11760
20248
8139
20156
23682
17217
15649
12200
23525
14846
7800
682
12451
142
3444
4089
5832
6281
11805
12176
10547
17455
20571
1684
5553
2390
15834
11842
7852
19189
19730
2330
17064
9057
4659
19521
13559
17245
4576
9693
2248
12079
27
14329
10555
16181
23919
20582
20868
8431
5804
4907
9388
14853
15998
21707
680
20134
10321
12768
22670
15087
1143
14420
12043
17805
14449
20074
18165
448
273
7883
18987
1179
11812
18245
5179
89
18231
20383
14317
6587
1570
2535
5115
1430
6191
8871
23434
20972
5140
8804
4010
10692
7988
11862
20164
10078
790
8350
10812
17960
5401
8495
6264
10408
5682
4587
8493
15268
254
21830
19765
1359
9497
8943
14250
11654
6831
5274
19346
13383
9387
9322
13091
23212
3127
11097
21754
19866
7797
14646
23780
23307
19663
3103
20284
94
20375
1609
3927
20704
6469
9342
7375
3815
6579
7995
10499
23361
21429
20764
7579
13883
12589
18529
5345
19319
17113
6171
21440
19929
8574
11758
12034
13412
23329
19785
10347
507
4312
5436
17643
20535
13962
11469
3738
3745
7447
11665
17493
2497
141
10003
5194
919
19250
12807
18650
2098
14744
2300
12038
16323
4500
4083
16285
20054
14289
23066
10817
13326
15833
13261
20031
23840
23820
3980
14365
10786
5622
2337
21611
5740
7574
3510
261
18560
13041
15924
20038
4676
8276
22055
22782
22590
21354
7159
16576
12484
12347
16063
17574
18099
16115
9701
4938
14559
7448
4461
6092
10813
16896
4224
10380
22462
8490
7927
7396
20143
22957
4941
3276
8499
10986
7073
6235
2547
15170
20933
2678
11309
21067
15333
13917
9729
23309
8819
17205
23565
11966
23548
5813
781
11527
15819
20107
3656
19563
7246
1421
22471
7954
16324
12273
8974
11558
728
20188
21880
674
21272
19559
21951
20226
10468
9383
5004
12046
18365
22287
23303
16934
12697
18996
18833
2141
7064
2488
2769
2894
11210
1335
19225
5215
18935
11249
12666
14007
14259
9254
9548
16904
15230
11688
10196
18910
508
5885
13842
19813
22326
22699
21390
221
16798
563
18747
16058
13899
303
17796
3347
5425
15818
12787
8735
12698
16939
2265
2163
3146
12489
14242
10532
10416
3389
19351
15832
14508
20702
13938
5026
2293
12336
5165
21293
9879
17086
21075
14403
18828
10124
23376
19985
18536
22672
3226
10858
9847
22999
881
5924
18093
2706
178
21734
20005
17689
22584
653
8730
20616
9370
5076
8938
13666
22354
4317
14415
18206
12565
15816
19778
20597
3300
14834
1373
5022
1395
13825
3314
6957
1526
11374
17302
333
5479
4298
15254
16839
22784
9145
10090
1613
8627
22379
12037
12036
22486
22854
7099
17585
8275
17203
19278
11959
23344
22843
15940
14611
11644
12789
17964
16757
22613
9276
18260
22266
7429
19522
6777
4413
14972
22278
20384
16489
4901
5018
21641
15631
13608
8907
1725
13483
18411
4432
1176
23054
419
22625
10931
13919
23876
23945
23322
13386
1106
23154
22805
19804
15573
15812
4549
22991
18725
6458
5410
10554
8129
23954
9237
10271
20909
2010
12302
18540
2350
17771
11224
21213
17192
22539
4847
2836
2121
5204
6657
14224
10789
9317
2069
20761
12816
15698
12040
4453
4596
16969
6729
4021
6093
14260
10898
20786
23277
7231
20424
14162
20066
14977
560
8796
12124
1634
14384
1390
12813
3338
23654
20525
18574
6308
3110
14209
22900
18143
11364
18980
3909
14527
6077
17275
12797
5941
10948
11282
2284
19776
14182
7796
16038
7485
18712
21437
17269
4190
4491
15344
21923
22921
10981
14529
15062
19119
13705
3739
2944
4505
17677
7147
10305
4666
13493
5620
1141
22193
21882
19722
12356
13141
20619
21868
8662
5929
19619
21998
3024
11440
20004
10706
23849
7597
4967
13014
18256
8552
11942
7444
9831
5518
16166
2060
2487
13567
3814
7637
9924
14673
20454
1739
3849
7804
14042
13077
12411
23825
19723
23801
5142
20463
2289
10993
17384
6635
889
5183
4753
20377
17252
902
19002
20557
944
1587
7616
10473
22533
1160
23363
1058
318
12339
15024
2420
3673
16921
20053
19129
19135
19399
14405
20198
