153
851
1282
1209
808
1448
490
473
411
1563
861
1876
906
701
1427
659
14
1214
976
1179
667
13
475
1242
2008
2013
737
1048
1039
1236
1269
288
1906
662
923
1933
749
1951
983
1298
1341
400
685
1004
171
529
1525
1598
304
79
1848
1809
1485
1030
1460
578
2012
889
947
1590
634
1060
182
904
1398
312
17
109
126
1550
715
1853
291
98
1601
248
1228
1166
1533
1089
65
1915
2053
1852
1444
1733
442
2020
879
1487
1195
1728
1543
51
1823
132
1669
1746
1697
686
1378
1526
1103
1291
796
1489
800
68
759
647
1210
1773
1639
1191
924
1258
1135
281
358
1824
215
461
848
837
1412
613
1859
1433
1036
2019
565
1052
153
