848 215 461
70 68 759
670 190 2098
1899 1906 662
1809 1848 79
647 70 759
427 1777 1751
261 70 68
58 810 197
1048 1039 2097
497 1556 556
303 17 91
1093 1590 634
1541 1291 1103
1394 1563 411
1210 1773 647
1291 1526 1103
899 1539 1739
1412 613 1859
610 670 190
1236 1039 2097
791 573 55
109 312 17
304 1848 79
2057 1665 679
358 1824 215
1853 1550 715
131 687 6
921 190 2098
1428 810 197
1639 1798 1191
1027 1489 800
183 848 461
2070 2004 1100
1150 985 1817
1698 1524 1100
1507 1336 889
904 312 1398
358 215 461
1948 1891 787
312 1398 17
1236 2097 1311
924 1798 1191
791 573 734
520 1341 400
610 131 190
921 670 2098
1135 1258 281
1151 921 190
1408 843 1868
1069 1853 715
1060 1590 634
2086 864 889
528 0 432
738 848 215
164 66 398
1304 573 734
164 66 124
800 68 759
1698 2070 1100
796 1489 800
1508 725 1258
894 1192 587
303 1398 17
701 1661 906
164 124 398
1870 610 131
303 1398 91
2007 1447 226
9 1237 864
1027 800 759
1876 906 0
924 725 1258
299 1876 0
1197 1857 1069
1745 1505 790
899 183 1539
358 183 461
151 1698 2070
846 2097 1311
1661 906 0
572 427 1777
1508 1135 1258
1151 131 190
1891 902 787
1539 63 1739
1924 1343 226
924 1508 725
846 1048 2097
299 0 432
1661 528 0
1593 1197 1857
796 800 68
1661 528 432
1192 1535 587
1269 1906 662
1870 2004 1100
1237 2086 864
358 183 281
1395 861 1563
1639 1773 647
1870 610 2004
1870 131 6
2022 1870 6
314 238 646
291 1069 1853
217 131 687
126 109 312
1395 1394 1563
299 1876 861
2048 497 556
38 833 872
1792 1711 1202
250 613 1859
291 2080 1853
1149 1899 662
1722 2057 1665
883 956 838
2012 1336 889
902 1183 962
151 1541 1103
1027 647 759
2012 2086 889
659 14 1427
894 1650 587
796 1489 1291
217 1151 131
171 529 1525
478 1149 1899
610 2070 2004
1069 1550 715
282 66 398
1362 883 956
852 1535 587
885 316 315
689 250 613
166 1691 660
272 573 55
924 1508 1798
1210 810 647
1436 1809 1848
182 904 1398
1027 1489 1291
501 1210 810
147 299 432
59 346 1140
1139 1759 1039
1486 13 475
1183 17 91
506 1395 1394
862 358 1824
1269 1759 1236
1229 384 426
520 400 685
1517 647 70
1399 130 1124
1517 261 70
796 261 68
1013 1221 1474
805 1892 590
495 987 1556
1661 147 432
1819 560 910
1182 1950 1394
1759 1236 1039
506 794 1395
1593 1857 2080
2013 737 2008
1507 864 889
126 1853 1550
2051 1639 1798
551 426 983
852 1628 1535
558 520 685
1994 1990 1393
1197 1069 1550
652 842 2071
1829 843 1868
151 1541 1698
1857 291 2080
1797 250 1859
1541 1027 1291
701 1876 906
1428 1698 1524
558 520 400
1738 1829 1868
1508 1135 281
1891 902 1183
314 1457 646
1790 1139 1759
673 1792 1202
1183 1398 91
1857 291 1069
282 124 398
182 904 312
501 1210 1773
193 560 910
1971 1408 1868
1469 733 361
1517 1639 1191
217 1151 921
1242 2008 475
688 1454 2070
1474 109 17
418 2007 588
738 1824 215
1394 1016 411
1182 1394 1016
1486 976 13
1266 1665 679
272 791 55
2051 58 810
1428 1524 197
1485 1436 1809
673 1711 1202
1212 346 1140
2011 1033 1539
1410 1192 1535
1517 1990 1191
1537 2048 497
1790 1269 1759
384 1347 426
1598 1525 304
1266 846 1048
899 183 848
126 1197 1550
1819 560 166
282 124 1751
923 1149 662
657 1124 728
2051 1639 1773
363 126 2080
987 1556 556
1517 1639 647
1313 1781 1283
1486 2008 475
126 2080 1853
1501 1362 883
1298 1933 592
1757 1372 529
282 1792 1711
1457 646 872
66 124 1751
1924 1447 226
750 572 427
1298 426 983
689 1412 613
796 1291 1526
610 2070 670
2049 1445 846
737 1266 1048
2051 501 810
1541 1428 1698
1298 1347 592
1469 1485 1809
1909 1541 1027
1906 1236 1311
1797 1867 250
1269 1906 1236
2011 1033 1798
1033 1508 1798
1162 38 872
852 1628 1393
2051 2011 1798
2013 737 1266
1298 1341 400
2012 1237 2086
1607 843 1868
1469 733 1485
1211 931 919
1607 1738 1868
1298 1933 1341
1722 1445 846
1395 299 861
1464 688 670
183 1508 281
923 478 1149
688 2070 670
329 1501 1362
506 1182 1950
862 1969 1824
1909 1541 1428
1033 1508 1539
1595 1745 1505
657 1124 1792
987 2048 556
1961 1609 329
2013 1486 2008
1460 9 1237
1464 688 1454
1722 1266 1665
324 833 872
14 1427 701
384 1347 1147
1298 1347 426
1722 1266 846
1537 348 497
506 1950 1394
1013 1183 962
1014 384 1147
862 358 281
522 902 962
766 1788 130
238 363 646
2011 1539 63
1266 583 679
1909 1428 1027
1971 1868 1526
1572 985 1817
578 1460 1237
837 1412 848
31 750 572
1891 9 864
1428 810 647
183 1508 1539
1607 1738 1829
1797 63 1859
1004 400 685
750 657 427
689 1182 1016
63 1739 1859
1957 976 13
1609 329 1501
1362 1124 956
1994 1990 1191
1517 1650 587
1410 1628 1393
1362 1124 728
1214 701 1661
126 1593 1197
1266 925 583
903 497 1556
1457 883 838
1301 418 2007
1208 1454 2070
1994 1410 1393
1961 329 1362
1410 1628 1535
1900 324 833
1242 13 475
1430 1983 418
852 1517 587
2051 501 1773
733 1948 787
151 1208 2070
1948 1891 9
1568 909 1316
1214 791 734
1162 646 872
852 1990 1393
1390 578 1460
689 837 1412
852 1517 1990
1214 14 701
407 238 363
821 1924 588
182 1060 1590
390 38 833
1788 130 2056
1229 304 79
903 1507 1336
1607 1482 1829
1501 324 883
1372 171 529
1266 272 925
821 1924 1447
551 426 1598
821 2007 588
1474 1183 17
1460 1030 9
390 38 1505
755 931 919
1829 1464 670
551 983 1598
130 1124 1792
821 2007 1447
59 824 1372
1428 1027 647
1162 182 1060
2049 846 1311
1009 673 6
316 894 1192
1790 1347 592
1070 1691 660
151 1526 1103
363 1593 2080
1790 1347 1147
1229 426 1598
1009 673 282
352 794 147
93 2057 679
673 2056 1792
1518 1524 1100
712 2051 2011
348 2012 497
689 250 940
899 1739 1859
1159 1211 919
1957 1214 976
673 282 1711
899 1412 1859
1788 2056 2022
891 1563 411
1013 1474 1183
578 2012 1237
659 891 1427
94 925 583
673 2022 6
2013 1266 272
321 862 1969
923 1269 662
1736 618 1663
1283 1343 226
363 126 109
1504 1436 1848
912 652 2071
733 361 787
1888 522 1013
324 1457 872
1070 240 1691
1994 924 1191
467 1787 618
182 126 312
891 689 940
912 842 2071
2088 766 1788
1427 701 1876
738 1969 1824
1957 1214 14
1009 282 66
1059 1797 1867
1517 1650 261
1473 1607 1482
233 352 147
182 1398 1590
1298 983 1598
1059 1867 250
1214 976 791
1283 1924 1343
794 1395 299
807 1016 411
1229 1598 304
1650 796 261
899 1412 848
37 346 588
2013 1486 272
986 652 842
522 232 361
837 738 848
1009 687 6
324 1457 883
903 1595 1745
522 1013 962
1603 1787 618
1803 1410 315
794 147 299
824 1372 171
1221 407 1474
539 407 238
891 807 411
657 1792 427
1364 986 321
1595 38 1505
675 59 1140
407 363 1474
1573 1150 985
659 891 940
1229 1809 79
1214 1661 734
529 1525 304
506 689 1182
1754 1287 671
768 1518 1524
578 348 2012
1900 390 833
903 1093 1590
678 465 862
217 1777 1751
572 217 1777
673 2056 2022
733 1485 1948
1710 2049 1445
1661 1304 734
363 1474 109
1829 1208 1454
1485 1948 1030
272 1304 573
1757 529 304
1124 956 838
1504 1485 1436
301 250 940
229 1290 87
903 2012 1336
1790 1933 592
449 1788 2022
1390 1757 1372
129 352 794
495 1745 1556
321 738 1969
151 1208 1526
1162 363 646
1891 1507 864
31 572 217
903 1507 1590
129 689 837
1504 1485 1030
1829 1464 1454
130 2056 1792
1792 427 1751
1983 418 588
2088 449 1788
1469 361 1809
1754 671 401
2006 1145 495
1722 1445 2057
891 689 807
1688 1059 1797
282 1792 1751
301 659 940
1983 37 588
449 768 1518
1891 1507 1183
891 861 1563
465 862 281
689 807 1016
712 1570 63
1408 843 894
31 217 921
1971 796 1526
1790 1139 1147
1603 467 1787
1399 1124 838
1898 1607 843
1298 1598 1525
678 1994 465
1390 1460 1030
1486 976 791
712 2011 63
923 478 1933
1609 1501 324
1900 1609 324
1212 346 588
575 1482 1829
1139 1048 1039
1994 924 1258
1948 1030 9
1790 923 1933
176 1595 1093
1633 1803 315
1473 1898 1607
129 506 794
1145 495 987
1710 478 1899
2049 1899 1906
1576 31 921
903 2012 497
1781 1283 1924
1486 272 791
1961 1362 728
1399 1457 838
1009 217 687
449 2022 1870
1059 301 250
1829 843 1208
2049 1906 1311
751 706 605
182 126 1593
768 1524 197
1014 1139 1147
1710 2049 1899
129 506 689
1790 923 1269
903 1595 1093
903 1745 1556
316 315 1192
272 925 1304
1971 1408 894
478 520 1341
1473 885 1898
1162 363 1593
129 837 738
539 1221 407
1410 315 1192
1961 657 728
449 1870 1100
1507 1183 1590
1162 182 1593
478 1933 1341
361 902 787
843 1208 1868
1004 1298 400
1427 1876 861
522 361 902
449 1518 1100
1205 1688 1570
1986 1572 985
1399 766 130
1885 94 583
1183 1398 1590
1390 59 1372
1971 894 1650
1212 1924 588
217 66 1751
1162 1595 38
233 1661 147
1413 2009 824
1298 171 1525
1399 314 1457
1349 1139 1048
1983 37 1171
1858 1885 94
1004 1298 171
1349 1014 1139
1208 1868 1526
768 58 197
1390 1504 1848
1971 1650 796
987 37 1171
678 1994 1410
355 987 1171
1430 1301 418
1162 1060 634
1390 1504 1030
2058 1242 2008
675 1212 1140
912 986 842
94 925 1304
530 751 626
1009 217 66
1390 304 1848
1833 751 626
1781 1212 1924
891 1427 861
1162 176 1595
1390 1757 304
1829 921 670
1059 659 14
1994 1258 281
1537 37 2048
93 1445 2057
1994 465 281
750 1961 657
103 1572 805
1537 348 37
1349 737 1048
1710 478 520
1059 301 659
316 843 894
1865 449 768
1957 1242 13
678 1803 1410
1986 1572 1892
234 482 1284
1283 2007 226
423 1473 1482
2058 1349 2008
2009 824 171
1399 314 238
1349 737 2008
986 321 652
1570 1797 63
41 530 626
176 1093 634
1885 583 679
1430 1983 1171
1576 575 921
885 316 1898
1572 805 1892
129 233 352
1750 712 1570
1858 233 94
987 37 2048
316 1898 843
2064 768 58
1162 176 634
1633 885 315
293 751 605
234 193 560
575 1829 921
1390 59 346
1688 1570 1797
1305 1229 384
1865 2064 768
578 37 346
755 706 605
1750 712 2051
1633 1573 1150
1364 129 233
1603 1819 910
1364 321 738
1305 1014 384
1937 1957 1242
423 575 1482
578 348 37
157 539 1221
1205 1937 1688
1736 245 1663
530 755 919
293 1150 1817
1145 355 987
186 560 166
1390 578 346
1937 1688 1059
1229 361 1809
1519 1413 2009
605 1211 931
1364 129 738
232 1229 361
1900 1961 1609
1986 1892 985
751 755 706
1886 1070 660
161 1732 1886
1430 355 1171
1892 590 985
539 1399 238
1888 522 232
198 240 1691
755 605 931
1153 750 1961
233 1661 1304
1603 1736 618
1641 805 590
200 1858 1885
1313 1283 2007
1886 166 660
423 1159 1473
1205 1750 1570
293 1572 1817
1707 200 262
186 166 1691
530 1159 919
233 94 1304
1865 2088 449
1632 1975 912
1413 59 824
1413 675 59
1632 912 652
1937 1957 14
1750 2051 58
1080 103 1572
570 1633 1573
1305 232 1229
157 539 766
1413 675 1663
602 179 1224
161 1568 909
1833 293 751
423 1576 575
1145 909 1284
1886 186 166
41 1833 626
2006 1145 909
161 1886 909
530 751 755
1632 1975 1855
321 652 862
539 1399 766
1080 1833 1572
2058 1349 1014
293 605 1150
2009 1004 171
678 652 862
1937 1059 14
482 1253 1284
2006 909 1316
1858 1364 233
1080 103 805
1305 1888 232
186 1819 166
1313 1781 1212
1603 186 1736
395 1253 193
1885 93 679
1519 1413 1663
2006 495 1745
234 1253 193
1865 2088 766
2009 1004 685
1603 467 1287
675 618 1663
395 1253 1284
1302 200 1885
1750 2064 58
1519 245 1663
229 186 1736
1886 909 186
1301 401 2007
1833 293 1572
570 1633 1803
1732 1886 1070
234 482 1253
198 229 240
198 229 1691
1159 1473 1211
1302 1885 93
179 41 1224
395 1430 355
602 1224 1555
157 1013 1221
395 1145 355
876 1305 1888
395 1145 1284
467 675 618
1603 186 1819
1313 401 2007
229 1070 240
2009 558 685
1153 31 750
234 909 1284
157 1888 1013
1302 1707 200
1080 41 1833
229 245 1290
41 530 1159
570 678 1803
1632 570 678
1573 590 985
423 41 1159
229 1736 245
395 193 910
1858 1364 986
1632 678 652
1632 570 1855
570 1573 590
605 1211 1150
229 186 1691
1430 1301 401
1080 179 41
1519 2009 558
395 1603 910
876 1305 2058
1305 2058 1014
157 1865 766
1313 1212 401
395 1754 1287
1316 1505 790
909 186 560
1316 390 1505
1633 1211 1150
675 1212 401
234 909 560
602 1080 179
675 671 401
1316 1745 790
1153 1555 31
2006 1316 1745
1519 558 400
467 1287 675
1287 675 671
1519 520 400
1153 1555 1961
1858 912 986
1302 1290 87
200 262 1858
1641 1855 590
1519 245 1290
1473 885 1211
161 1641 1732
395 1603 1287
423 41 1224
1633 885 1211
1732 229 1070
1430 1754 401
1519 1710 520
1316 1900 390
1975 1858 912
570 1855 590
395 1430 1754
262 1975 1858
2058 1937 1242
1865 1750 2064
1302 1707 87
1519 1710 1445
1576 1555 31
1568 1316 1900
1707 229 87
1519 93 1445
1302 1519 93
602 1080 805
1641 1975 1855
423 1224 1576
1224 1576 1555
1302 1519 1290
1865 1205 1750
1205 2058 1937
157 876 1888
602 1555 1961
1732 1707 229
602 1900 1961
1732 1707 262
602 1568 1900
161 1641 805
157 876 1865
1641 1732 1975
1732 262 1975
161 1568 805
602 1568 805
876 1865 2058
1865 1205 2058
