851
153
759
68
70
1499
1311
461
1467
1282
1895
1569
2097
1084
411
79
391
1859
215
1103
1039
1768
1326
224
1612
309
647
1601
2098
703
281
1587
1185
734
1996
197
614
34
1739
1778
2102
337
432
679
1052
190
1848
405
0
901
800
634
65
1429
1526
55
670
2055
720
222
71
284
1543
1626
603
15
1378
248
932
1522
6
993
687
1985
1773
1048
880
810
1291
865
476
1444
410
1016
1875
91
715
132
1100
1210
1728
359
1324
1258
1764
58
84
1563
573
1669
134
848
261
1135
1550
1733
1735
2019
1751
105
1777
1853
1810
1700
1915
1089
1292
784
780
305
1421
969
617
341
17
1202
1804
1823
1890
1489
1141
1586
159
962
871
613
889
1236
1665
565
1503
1441
1524
1037
1328
398
939
947
906
996
1809
1228
544
782
1646
864
1488
1262
490
1989
669
1509
45
866
226
1394
817
473
1590
2057
63
583
336
1191
373
1331
263
1166
1567
1618
1539
1904
791
685
2004
1398
1446
2078
556
1664
1058
2070
124
1950
1433
1533
974
2093
941
429
1260
1698
879
1798
1711
131
725
434
819
1852
696
382
303
1824
1508
1840
1965
183
665
1188
1069
2020
749
358
1336
1973
924
51
662
2
1086
1031
1033
115
937
1969
951
1182
528
475
1585
875
2086
684
803
1583
1849
1448
857
808
847
553
1992
921
427
312
1639
110
787
581
705
1713
697
2033
610
1906
1792
1742
552
1717
1281
1843
1753
1027
1454
292
1771
66
722
2094
1766
711
442
1183
1076
213
479
1209
878
649
1412
1327
1237
729
1060
1695
1868
2003
1250
1746
688
443
1870
1072
1011
304
1043
2065
587
1234
1254
686
1370
796
13
861
1151
769
1535
838
1161
540
1418
1927
1105
2080
291
1036
1638
1579
1758
98
899
966
1304
109
42
1244
730
1093
2044
989
1428
1273
1487
297
1447
1192
211
347
1363
1507
872
925
1899
1393
1208
1882
1295
933
902
86
1637
1022
1321
203
9
433
1627
542
1407
992
938
136
1525
1035
606
1556
1993
660
1085
1222
1988
1195
1541
1351
295
164
1611
1631
1463
956
400
1343
2081
209
253
1857
743
1113
26
1928
1385
2062
1878
991
1142
1817
1197
471
1381
1653
1697
217
940
5
1648
230
1844
952
527
1876
1622
207
529
1759
1650
299
1053
1474
785
867
497
517
1593
97
1341
113
757
1932
904
458
883
1598
21
1395
690
1914
250
117
863
1344
1172
1353
1891
949
1334
2071
572
1592
595
2048
147
1990
790
1140
758
823
2022
736
2047
1661
1951
955
913
896
770
1268
1581
1575
1278
1791
162
807
1921
588
908
255
701
1619
1077
36
2007
1046
344
1658
523
816
1333
1130
496
126
1505
1218
1935
728
1691
1286
592
818
269
1427
361
501
1358
1628
62
999
2027
582
746
842
1924
182
2054
1542
171
1124
894
462
1255
858
1194
1379
846
277
498
408
1588
1404
1170
1051
738
1149
1683
837
702
1335
107
378
2046
1392
1360
1687
1760
1198
1877
1406
1625
133
1355
1416
1763
2056
140
843
152
767
1348
1675
254
1483
288
621
657
646
809
1470
40
1269
77
1856
2026
130
1458
1147
976
505
624
1651
1827
1867
833
1107
1436
151
1692
520
280
892
424
855
10
2035
394
1248
1408
740
38
46
1239
240
289
1180
1811
775
648
1799
3
363
1644
120
214
1923
945
1450
1155
2091
716
1594
2000
106
1240
2038
1181
1977
251
1362
571
48
1850
1061
1684
463
983
886
1074
1863
1527
667
1001
1822
1521
946
1030
1167
1294
306
593
1948
2011
1133
256
1419
744
1577
661
1745
550
994
1854
1449
300
67
4
1964
562
689
934
978
426
1933
1322
828
1671
1652
1979
645
1554
884
2012
238
1689
1510
346
1998
1649
1372
272
2077
257
1907
2100
1213
692
1931
2039
407
1414
1831
835
1715
2053
1529
169
1347
1179
1902
14
1706
1298
794
1630
282
1431
874
1266
367
1042
356
166
1227
1752
1457
589
910
1485
455
2059
447
1171
1445
104
2005
985
1283
658
799
1391
2008
1775
532
558
1643
1163
509
1215
1960
844
492
776
1765
1835
737
508
511
1668
1314
364
227
1476
1095
1139
365
1464
1829
111
824
145
1442
1797
47
7
1738
1952
274
1784
1154
654
1423
72
1673
597
59
1082
402
37
590
1657
771
1602
756
210
1482
1221
519
1137
674
891
1615
1903
1242
1786
1460
1122
474
1971
560
1226
56
546
491
554
1557
1157
1201
2051
324
733
1041
792
206
99
1150
1367
967
1369
74
995
694
627
1832
1909
1623
1536
1701
1597
1486
1734
2034
239
1570
1498
1595
713
829
1501
1517
20
1246
1090
218
1504
506
1819
1782
478
577
664
666
504
1374
466
988
1500
64
699
1102
431
515
1241
1388
389
314
1389
385
44
1477
812
57
2013
650
598
1494
628
1177
568
637
852
1726
270
401
1299
764
1565
870
712
644
1337
1064
551
325
1892
1814
877
1020
822
1456
85
672
1019
1223
671
1066
1126
635
1123
1807
464
360
923
1315
1329
1493
323
915
1186
1607
384
789
1926
1459
1469
862
673
348
1796
1578
1545
531
1206
416
93
987
92
748
1207
853
176
1032
276
1958
1947
1981
1267
1345
357
869
919
495
406
1225
707
1997
2082
1682
659
1057
1319
1212
315
1600
228
2089
2104
777
1908
1044
1730
1781
329
1516
1317
1722
1537
1830
204
418
765
653
1874
298
1755
632
512
1115
128
832
1054
1837
1323
1836
1461
112
944
547
1984
1004
390
469
1995
1410
1009
903
441
1409
954
612
1929
2072
1097
2010
1901
1663
481
2101
296
1000
1384
82
1131
507
1178
1884
2014
1898
386
1911
774
618
1214
683
1842
860
1005
465
2031
301
1994
1613
137
911
87
890
2073
158
205
1677
1749
638
2036
89
1034
1559
1609
1560
753
355
27
488
918
1162
201
1869
1544
1272
477
1088
194
1013
1820
931
1801
2105
1803
536
1916
1290
584
1654
1310
936
316
236
1917
2107
1790
1841
960
526
731
1277
25
156
1229
245
428
1788
440
652
1006
196
2025
2028
1104
330
641
232
258
332
1047
1894
60
1308
801
1070
1551
1956
1264
1513
1636
1204
338
1397
2084
859
514
403
2030
202
352
1160
1941
2087
1961
1339
290
1794
393
1757
834
2040
1978
675
1231
1497
2041
489
1365
1263
225
963
317
1531
448
805
1361
1922
543
620
1187
370
559
1562
1062
1452
1270
522
750
2002
1174
820
695
1518
1976
887
321
513
1808
1014
1063
1169
643
1475
905
626
1332
2049
2018
335
719
114
1109
599
409
766
1399
1440
986
193
984
326
930
1426
1078
1112
964
1558
1437
561
439
1484
11
1743
1287
1972
143
578
539
1285
1591
1366
1417
380
414
723
2017
680
121
1471
1604
78
322
1584
1787
1855
1599
927
1645
1307
472
1211
138
94
233
806
997
53
1515
1887
1862
557
821
318
575
499
235
1572
579
668
1018
1900
265
116
1203
691
795
100
129
2096
268
1783
1656
1132
768
1954
1828
189
693
826
881
885
1957
259
1943
1910
1059
1289
415
813
1081
1582
279
1251
31
1574
2015
437
1422
1718
246
1127
379
1720
2066
1136
1719
1114
567
449
935
494
1465
642
32
2016
1466
103
761
339
585
591
1352
1939
1087
1094
754
1284
929
959
467
313
831
1021
287
1736
35
1420
990
1473
278
22
1118
677
1538
1635
850
709
39
1340
912
1710
1253
1708
605
311
1685
1640
1411
1159
742
1605
1555
125
404
1098
150
1056
1023
1806
216
739
1983
135
521
1802
594
981
1846
96
1980
535
1390
95
586
678
2103
172
1680
724
90
636
30
2064
285
381
1443
788
760
1438
763
1138
574
1300
362
184
1280
1634
1624
1629
493
1296
804
600
1826
1148
633
242
1275
1217
868
1190
1885
778
101
1288
1686
2076
450
1793
354
957
706
1003
1721
2088
755
1245
294
368
1071
1688
920
1357
1999
1845
563
1795
854
1354
459
2029
1780
307
616
24
353
1725
503
1986
1608
1589
1108
534
510
1606
1851
1573
1818
1750
1067
249
1880
73
333
376
244
1860
580
953
735
815
420
454
1546
1316
2067
1566
1813
1435
1712
19
566
639
555
797
900
186
1547
396
399
331
1349
907
1301
1789
569
1184
1754
971
1748
18
968
1955
1430
698
1364
965
1936
1724
444
1279
1967
676
1576
1770
349
76
1962
1111
1455
631
1512
972
1633
1175
1375
1156
1511
1468
1007
1153
1858
1674
1942
1747
1252
2021
1346
1647
334
1479
2074
229
998
640
436
1716
576
195
1603
619
1373
192
1769
320
1387
2009
1158
1919
839
267
1709
1616
564
260
1350
979
943
1699
721
1966
2024
243
1520
651
1847
1224
1249
1101
909
1963
327
1580
1271
1912
1945
1872
1145
1146
1888
681
1313
1472
741
2083
2106
1045
1117
1110
1002
1413
118
425
247
1982
1096
208
1893
751
1232
1596
1974
1400
538
1987
1723
1561
160
1453
1276
421
1073
2063
392
308
502
798
1451
1714
219
1293
212
1970
1864
1815
383
2006
1548
83
1761
1129
293
167
942
682
174
811
783
1025
2085
1008
435
445
1920
793
199
1946
1164
1540
1342
895
456
180
1913
1676
2095
1376
1065
950
372
1642
1230
187
1833
845
2032
1568
530
482
1424
1075
1918
537
1368
973
1024
1256
1702
1402
41
1168
1425
185
1704
286
1259
1937
1144
451
310
1866
2023
2058
977
179
1199
1257
1812
926
1693
1610
1886
198
700
452
2043
714
1055
1119
54
446
970
50
1881
1200
1662
708
1620
1825
221
1415
1038
1959
980
1297
1116
975
149
1247
342
825
1380
732
175
1238
1772
1490
395
350
1309
345
1325
1975
1305
1099
745
271
1953
1938
1261
262
457
430
29
1205
200
1383
484
1080
1015
1532
570
351
423
2037
43
548
1696
234
127
1731
1401
328
1495
1707
387
1865
1143
139
81
917
607
1632
1312
1519
1552
1318
69
483
893
958
1670
1050
1944
188
343
1356
319
1821
163
2092
470
602
1233
1690
773
273
173
781
1492
830
717
141
1732
191
762
604
122
656
882
802
1176
1641
148
840
468
1729
417
2068
1040
2079
876
710
419
1265
518
663
366
264
752
2052
161
1302
49
622
1614
1303
1838
1173
371
413
1737
157
1705
1010
524
1816
