388
160
1936
1905
218
1752
2368
926
322
747
1400
1105
1566
2319
462
1253
1241
1672
1551
1206
856
828
1009
1487
567
563
1904
315
1512
190
2088
1785
1442
623
2096
291
492
2176
1084
878
737
795
798
296
2331
1809
2115
126
994
2373
561
1715
199
630
1925
1355
644
631
490
610
1506
1721
336
2205
1571
650
1909
1716
1140
1291
1695
966
1688
2095
1404
2050
980
1148
2251
1836
372
97
15
2156
1232
883
2308
1072
1434
241
1829
2039
345
1449
142
505
1344
347
158
1118
1714
36
575
1313
299
1860
1681
408
363
2315
1793
2031
865
710
1950
1884
1726
1238
2215
321
123
288
2009
1303
1106
2178
528
2329
186
120
770
81
2201
906
852
2044
679
1962
196
901
855
464
1461
1669
1585
382
1859
85
1989
812
1939
1230
1629
1868
1104
533
981
1557
384
1728
1496
1748
1285
1390
1323
1337
734
549
1507
2346
1045
753
2022
154
2365
1673
29
1544
1627
1258
228
861
736
1823
976
313
500
110
89
1138
768
88
487
183
1587
2132
1556
217
1902
589
18
1682
1471
565
195
1913
1602
1126
1371
955
1292
1965
2144
87
1633
912
1048
1180
769
48
701
495
1791
1377
993
508
219
754
1847
1832
2112
1774
1725
1613
687
172
751
552
2202
1056
2206
92
1306
388
