1734
979
1672
312
2304
1035
1241
1173
74
1523
1008
1396
788
710
26
2184
805
2155
1678
1408
1418
1340
190
370
1551
1477
1613
1148
1897
1836
1892
2154
1278
254
2072
2251
176
1949
1140
173
42
345
1618
950
807
1951
65
170
2039
865
1717
864
2219
687
722
1768
1108
1714
96
2255
396
1481
2147
337
1759
383
789
36
2099
970
1512
1031
303
1476
2109
125
116
1307
1493
377
2002
118
1184
1449
84
966
2019
1941
1439
1502
142
2114
223
328
1410
414
1195
403
2277
1263
1559
2137
1232
964
234
1567
1375
2279
1809
1906
1506
1446
99
207
613
1236
515
511
944
1290
2232
943
1770
286
517
1869
2331
1721
1487
434
32
2031
326
2015
38
75
349
711
1389
2088
1353
853
590
2223
641
1045
2193
2156
172
1215
691
1976
1961
11
1950
134
81
1291
1816
1725
1366
575
839
701
315
1465
2033
879
2009
983
1916
1058
1524
2118
2071
56
917
1870
1202
1490
372
1716
1288
1243
592
1262
724
332
707
408
631
650
1190
1649
230
1018
2183
1017
1839
1404
596
202
940
363
1443
1687
1624
2050
1685
765
2241
2043
1824
15
1054
133
47
505
773
1405
704
1248
1847
139
1571
356
731
1862
1313
1072
708
2168
1383
467
1999
754
2111
82
1975
1730
1908
1363
623
243
1820
1416
1607
401
83
1641
767
763
507
1964
1706
307
563
1345
1726
928
1938
1197
1840
1509
177
980
295
2326
2246
560
1332
591
451
1829
567
1200
476
1592
69
1437
1895
883
260
1793
1189
2268
1084
1651
1958
1566
1176
700
1333
2346
1172
474
1909
1737
2152
1785
861
2190
2095
1223
1995
1191
2106
2335
1105
1212
278
1110
1681
1231
994
1082
524
1554
123
1513
1981
1442
1414
299
2249
1411
570
1044
1871
797
2130
1239
1193
1483
906
1259
1118
1937
2087
742
706
1688
936
904
89
2196
2061
347
1400
1919
939
1740
1354
1011
1695
2201
1459
443
438
1690
355
2257
910
2242
126
747
1883
2210
1568
477
684
1341
353
1086
411
1344
569
318
164
2115
814
148
1631
849
1752
1060
1040
610
216
2339
2319
406
1280
1294
815
1390
495
1666
2127
1364
1120
734
2288
1635
901
782
1401
1028
811
271
492
226
1357
241
1342
228
2347
1860
323
1899
963
490
426
878
1178
277
758
1564
1977
1973
1802
1852
1434
534
1428
766
752
1433
1075
1879
1275
2159
259
634
1522
2076
1684
1169
1014
1056
1207
561
231
2178
58
2016
2120
2368
1412
696
1692
1021
960
124
2300
108
984
637
532
659
157
2145
2186
2092
952
1994
1188
1381
1987
1196
2032
826
1884
513
764
999
358
1926
1310
111
1827
1789
1920
2017
1698
2208
777
452
1601
1283
1565
1720
1470
107
1441
1648
1748
840
1238
1904
1370
1572
2131
504
2301
2176
1779
199
110
2051
2143
1615
485
1507
465
1387
2315
1667
288
1013
828
2253
1257
1581
830
2125
1051
1580
1237
781
1192
2158
218
105
1930
1111
330
503
798
97
1036
1306
85
907
440
2153
2070
678
1121
1071
442
120
1644
1992
2264
447
2080
62
1710
1206
1626
1346
1415
1398
1227
39
1974
1070
695
2350
978
1971
183
2308
972
115
484
404
149
22
106
895
1671
2064
2296
614
1903
263
2202
1650
1815
1585
1128
1273
2172
1077
667
1216
825
1458
336
1599
516
1622
161
1151
1285
629
526
2258
291
1472
1314
543
675
2263
1104
1979
1261
1264
2081
1160
364
1166
1781
749
1225
1
542
566
2200
387
1436
316
1114
386
1355
633
1295
2096
78
1113
1542
219
2103
152
2278
2321
671
400
1055
266
2004
296
2135
285
1876
547
244
1009
1221
552
1323
1856
1756
1555
357
1625
549
444
905
45
464
2166
2181
1473
321
421
835
206
2062
1393
208
860
1674
61
709
2024
1510
981
813
535
1229
987
1046
1367
664
2323
2025
2302
564
2309
546
2310
533
942
1417
1508
1362
1455
2314
1621
856
311
480
1097
1322
449
727
2205
657
1800
1712
1561
2345
1407
993
753
644
398
606
1774
1620
446
382
2035
437
525
933
1269
1099
1209
2157
1600
799
1048
454
1578
2312
445
1253
188
1972
581
1305
1589
284
1043
186
639
235
2367
1715
1968
1062
1324
2329
593
630
1743
651
1803
1337
329
822
1228
1330
508
10
810
2036
2074
816
52
2343
1700
182
425
104
101
509
1547
1896
1452
1550
98
238
665
1095
677
2027
715
154
1608
392
1430
1954
1386
1496
1378
430
862
1837
1593
294
682
924
934
153
1303
158
417
1925
472
971
1179
59
2215
1356
786
1638
871
1463
841
1199
2244
2077
137
1130
16
1969
1646
922
432
1153
1092
832
468
733
1064
1786
1484
385
390
770
572
584
253
652
2069
1761
694
2165
309
2117
875
1905
661
602
2063
1722
2221
2274
1657
2078
1929
1451
1531
2013
738
2373
76
1349
247
589
819
393
109
1080
741
481
322
419
2218
2306
1042
1380
550
1413
2206
1633
48
1002
795
794
1696
528
1025
261
751
785
2344
969
914
1986
2083
262
2294
1957
1403
18
1377
160
601
2121
308
1637
855
1867
887
236
1563
1814
1289
1669
1133
2171
1532
1569
1001
1806
1924
114
2151
483
1106
926
1132
885
1131
836
2021
1859
2207
2093
2358
1066
166
2026
1394
73
189
2134
2248
380
2330
1026
1224
2097
2247
1753
2065
493
1587
1775
280
654
1584
1194
1012
2122
866
523
1639
582
1518
953
1898
1705
1348
1101
1663
909
1832
1652
913
1931
1686
2238
388
410
2119
1729
2204
756
551
2006
846
780
670
1450
1701
603
2252
1061
1707
2220
888
956
1519
1251
519
1461
1662
1399
2224
2338
487
2108
1096
1817
368
1602
1453
1137
959
900
615
1791
2085
1844
622
2372
2140
1939
812
2187
1955
55
1252
923
2059
713
317
925
1385
179
2142
847
180
354
1201
1545
1810
214
255
1858
1655
842
310
1598
1838
627
1089
1582
820
57
1027
453
852
2272
2364
948
450
420
1499
1091
24
1320
2066
514
903
1326
473
2303
362
373
1103
2010
1230
1431
2008
2110
663
496
346
488
1504
1371
624
500
1886
1163
598
2192
1771
1328
71
1872
1480
1093
7
211
1923
1157
642
293
588
371
1583
462
1713
1952
91
461
1138
1360
1989
498
1914
1297
1233
155
470
1665
1318
1746
1382
609
88
418
204
1988
1605
282
2052
448
2282
647
555
736
2212
616
221
1732
54
28
1503
877
352
276
1736
324
13
2112
2237
714
415
1751
1668
2365
409
692
737
2053
90
220
68
2123
1766
92
497
422
854
2280
1395
1053
1630
884
1664
2040
761
2360
1888
1794
1808
205
237
1807
947
1980
995
130
1208
187
1733
2030
1162
833
2229
2011
2313
2270
2022
1270
203
1301
1468
1868
2227
1147
304
163
2370
1376
2179
2287
2256
2199
2284
469
431
553
1749
757
0
886
918
1159
2057
1778
890
2211
2297
1917
1944
1517
1485
796
951
1811
1553
1529
1219
1913
264
1927
1144
2136
2295
790
1813
455
1501
2197
635
1539
200
769
1358
502
973
1500
1881
463
2084
806
1890
1088
693
821
2216
1205
1242
1023
1945
240
1812
275
1915
407
2266
1478
968
1426
1282
1258
818
224
2132
1642
658
1556
1647
1864
2349
1634
850
848
1186
1079
175
1467
193
302
458
1156
1203
344
1828
79
1885
965
30
289
1846
1579
1855
666
604
1181
2037
1240
712
1754
215
1645
1281
33
416
2107
102
1777
1936
384
2124
612
1818
348
1319
1187
2167
2366
2075
433
87
760
1590
70
135
1823
2116
1029
1562
44
2047
824
1293
518
775
2239
946
679
2262
1158
1629
1520
1933
1423
1764
2045
1302
2355
1074
319
685
721
1368
530
1076
2243
2261
882
538
998
539
1440
1912
195
1047
229
1175
1454
1970
768
2163
982
399
2058
893
1548
2
1661
899
1804
2336
2209
1834
249
929
595
911
674
912
41
1845
1984
131
686
990
184
397
2129
2020
1180
643
499
506
378
997
1741
908
279
648
744
1627
2369
1006
2162
809
1063
2038
676
258
2029
680
2001
72
1177
1100
1597
138
2044
1703
740
1102
689
1379
1267
86
60
1488
1558
150
1003
1577
333
2175
1658
544
1266
251
1922
1728
181
239
1935
3
2148
1711
1573
1247
690
2173
759
178
144
1256
955
1374
1782
1853
209
726
1397
2041
1497
1767
1612
46
1543
2363
2079
1164
599
881
1967
2056
1851
626
95
2213
313
962
2055
1373
1134
1880
1170
2068
573
1335
1830
1544
2359
1772
1142
554
1124
1359
435
1409
1057
2324
1640
1928
49
212
1805
1498
2233
402
360
1059
5
1204
894
1670
1334
287
617
1718
1549
1126
649
930
1406
197
2100
2139
1315
889
1709
2317
2102
1557
778
556
1946
1854
19
986
537
1350
2067
565
1656
632
2012
531
2104
1708
611
1911
1755
1843
1960
1516
804
2222
1388
1129
719
2230
2320
2337
1171
1005
1316
1087
1085
1990
1272
1575
1419
2283
1784
1168
2286
938
40
954
872
168
817
2267
834
1090
880
619
1352
1309
1039
1038
191
571
2328
51
527
147
2164
25
375
1921
1902
2048
298
562
1689
94
1210
2281
989
621
1576
698
1907
1797
1609
1392
1878
655
1682
1697
1819
2254
1152
640
620
1432
935
867
1874
1683
491
2191
1338
2292
870
1848
976
140
1143
1032
1893
1985
1254
1020
858
365
66
574
1617
325
520
2269
1069
341
146
394
2101
1679
34
100
2128
1444
1574
783
1260
273
739
1821
536
1540
1702
2265
1978
1235
1616
482
540
2091
1530
577
949
2161
1801
1610
916
1174
808
413
1422
1277
63
1339
2169
1150
829
743
423
2042
2007
427
424
331
915
579
801
1292
210
1875
1125
1996
1765
489
2034
80
996
121
2235
1471
1146
1525
23
1965
305
1866
2073
1739
1910
1369
67
429
174
1877
1033
143
961
1526
1107
2046
2189
217
583
113
162
1521
466
222
688
1183
2357
1460
1541
1940
988
1494
625
869
608
2342
441
1699
1141
159
2276
977
1788
1372
1391
1536
1250
1161
1857
6
1299
379
2348
718
2334
339
1835
927
974
1462
1246
1265
320
1680
1245
512
272
1535
439
705
1966
1167
132
1673
1122
1511
1533
1614
245
246
1757
1154
2198
1514
1308
1119
896
1943
2299
578
874
43
29
1887
257
9
1435
1117
2354
1842
369
762
1724
1211
2113
522
1619
545
827
196
1384
1447
1149
2018
351
1213
1019
699
1421
119
1098
1900
2144
823
845
335
2000
1112
1402
697
1537
334
14
945
1750
2353
27
1078
580
800
2351
638
233
1894
1962
1094
2225
1735
1795
232
716
1588
2289
863
2089
1255
1552
1959
730
932
1963
103
594
1321
1361
628
1495
859
1603
1037
1942
2160
1758
975
510
2298
1127
636
201
1145
2332
2352
1798
2082
501
1311
1004
891
2362
342
1274
1727
281
1796
1065
227
1546
1742
1068
2146
937
306
2259
1135
541
2049
868
1527
1825
2054
21
1050
127
792
1723
607
456
1456
267
1279
314
269
662
242
1948
2285
1165
2105
902
1365
1773
1660
389
672
1457
1276
1932
1073
1010
1116
1427
2231
851
1632
1139
548
2005
791
367
2293
779
252
1769
53
2226
122
1675
2341
471
248
1653
702
1218
256
1136
2133
1284
1109
772
213
2185
2195
1704
2356
1865
366
2260
1286
1693
64
1560
376
1222
381
1882
151
1677
2333
1067
405
771
412
1991
587
1628
1052
283
494
723
2194
776
748
2141
1611
2098
857
395
136
1081
478
475
4
967
2126
2240
1591
1271
1863
1030
1420
1343
992
576
1606
2180
1429
1182
656
1623
729
844
1538
2273
521
898
297
145
1849
957
646
1719
1438
2188
327
1220
165
301
1792
2138
1918
8
